    0.0015946680       5.0040913   4.8326524e-19   5.5420865e-19
     0.017541348       5.0121168   4.8376855e-19   5.5315832e-19
     0.033488027       5.0201920   4.8427469e-19   5.5210518e-19
     0.049434707       5.0283173   4.8478367e-19   5.5104922e-19
     0.065381386       5.0364935   4.8529554e-19   5.4999040e-19
     0.081328066       5.0447209   4.8581032e-19   5.4892871e-19
     0.097274746       5.0530003   4.8632804e-19   5.4786413e-19
      0.11322143       5.0613321   4.8684874e-19   5.4679664e-19
      0.12916810       5.0697169   4.8737244e-19   5.4572621e-19
      0.14511478       5.0781554   4.8789918e-19   5.4465282e-19
      0.16106146       5.0866482   4.8842899e-19   5.4357644e-19
      0.17700814       5.0951958   4.8896190e-19   5.4249707e-19
      0.19295482       5.1037989   4.8949795e-19   5.4141466e-19
      0.20890150       5.1124581   4.9003716e-19   5.4032920e-19
      0.22484818       5.1211741   4.9057959e-19   5.3924066e-19
      0.24079486       5.1299475   4.9112525e-19   5.3814903e-19
      0.25674154       5.1387790   4.9167418e-19   5.3705426e-19
      0.27268822       5.1476692   4.9222643e-19   5.3595635e-19
      0.28863490       5.1566189   4.9278203e-19   5.3485526e-19
      0.30458158       5.1656288   4.9334101e-19   5.3375097e-19
      0.32052826       5.1746995   4.9390342e-19   5.3264345e-19
      0.33647494       5.1838319   4.9446928e-19   5.3153268e-19
      0.35242162       5.1930265   4.9503865e-19   5.3041863e-19
      0.36836830       5.2022843   4.9561156e-19   5.2930127e-19
      0.38431498       5.2116058   4.9618806e-19   5.2818057e-19
      0.40026166       5.2209920   4.9676817e-19   5.2705652e-19
      0.41620834       5.2304437   4.9735196e-19   5.2592907e-19
      0.43215502       5.2399615   4.9793944e-19   5.2479820e-19
      0.44810170       5.2495463   4.9853069e-19   5.2366388e-19
      0.46404838       5.2591991   4.9912572e-19   5.2252609e-19
      0.47999506       5.2689205   4.9972460e-19   5.2138479e-19
      0.49594174       5.2787115   5.0032736e-19   5.2023995e-19
      0.51188842       5.2885730   5.0093406e-19   5.1909155e-19
      0.52783509       5.2985058   5.0154473e-19   5.1793954e-19
      0.54378177       5.3085108   5.0215943e-19   5.1678390e-19
      0.55972845       5.3185891   5.0277821e-19   5.1562460e-19
      0.57567513       5.3287414   5.0340112e-19   5.1446161e-19
      0.59162181       5.3389689   5.0402821e-19   5.1329489e-19
      0.60756849       5.3492724   5.0465952e-19   5.1212440e-19
      0.62351517       5.3596530   5.0529511e-19   5.1095013e-19
      0.63946185       5.3701117   5.0593504e-19   5.0977202e-19
      0.65540853       5.3806495   5.0657936e-19   5.0859005e-19
      0.67135521       5.3912674   5.0722813e-19   5.0740418e-19
      0.68730189       5.4019667   5.0788140e-19   5.0621437e-19
      0.70324857       5.4127482   5.0853922e-19   5.0502059e-19
      0.71919525       5.4236133   5.0920167e-19   5.0382280e-19
      0.73514193       5.4345629   5.0986879e-19   5.0262097e-19
      0.75108861       5.4455984   5.1054065e-19   5.0141505e-19
      0.76703529       5.4567208   5.1121732e-19   5.0020501e-19
      0.78298197       5.4679313   5.1189885e-19   4.9899080e-19
      0.79892865       5.4792313   5.1258530e-19   4.9777239e-19
      0.81487533       5.4906219   5.1327675e-19   4.9654974e-19
      0.83082201       5.5021044   5.1397327e-19   4.9532281e-19
      0.84676869       5.5136802   5.1467491e-19   4.9409155e-19
      0.86271537       5.5253506   5.1538175e-19   4.9285591e-19
      0.87866205       5.5371170   5.1609387e-19   4.9161587e-19
      0.89460873       5.5489807   5.1681132e-19   4.9037137e-19
      0.91055541       5.5609432   5.1753420e-19   4.8912237e-19
      0.92650209       5.5730059   5.1826257e-19   4.8786882e-19
      0.94244876       5.5851703   5.1899650e-19   4.8661068e-19
      0.95839544       5.5974380   5.1973609e-19   4.8534790e-19
      0.97434212       5.6098104   5.2048141e-19   4.8408044e-19
      0.99028880       5.6222892   5.2123253e-19   4.8280823e-19
       1.0062355       5.6348759   5.2198955e-19   4.8153125e-19
       1.0221822       5.6475723   5.2275255e-19   4.8024942e-19
       1.0381288       5.6603799   5.2352162e-19   4.7896271e-19
       1.0540755       5.6733006   5.2429685e-19   4.7767106e-19
       1.0700222       5.6863361   5.2507832e-19   4.7637442e-19
       1.0859689       5.6994882   5.2586613e-19   4.7507274e-19
       1.1019156       5.7127587   5.2666038e-19   4.7376595e-19
       1.1178622       5.7261495   5.2746116e-19   4.7245401e-19
       1.1338089       5.7396626   5.2826857e-19   4.7113686e-19
       1.1497556       5.7533000   5.2908272e-19   4.6981443e-19
       1.1657023       5.7670636   5.2990370e-19   4.6848668e-19
       1.1816490       5.7809554   5.3073163e-19   4.6715354e-19
       1.1975956       5.7949778   5.3156660e-19   4.6581494e-19
       1.2135423       5.8091327   5.3240874e-19   4.6447084e-19
       1.2294890       5.8234224   5.3325816e-19   4.6312115e-19
       1.2454357       5.8378492   5.3411497e-19   4.6176583e-19
       1.2613824       5.8524154   5.3497929e-19   4.6040480e-19
       1.2773290       5.8671235   5.3585124e-19   4.5903800e-19
       1.2932757       5.8819757   5.3673095e-19   4.5766536e-19
       1.3092224       5.8969747   5.3761855e-19   4.5628680e-19
       1.3251691       5.9121230   5.3851417e-19   4.5490226e-19
       1.3411158       5.9274233   5.3941793e-19   4.5351167e-19
       1.3570624       5.9428781   5.4032998e-19   4.5211495e-19
       1.3730091       5.9584904   5.4125046e-19   4.5071202e-19
       1.3889558       5.9742629   5.4217951e-19   4.4930281e-19
       1.4049025       5.9901986   5.4311728e-19   4.4788725e-19
       1.4208492       6.0063004   5.4406392e-19   4.4646524e-19
       1.4367958       6.0225714   5.4501959e-19   4.4503671e-19
       1.4527425       6.0390148   5.4598445e-19   4.4360158e-19
       1.4686892       6.0556338   5.4695865e-19   4.4215975e-19
       1.4846359       6.0724316   5.4794237e-19   4.4071115e-19
       1.5005826       6.0894118   5.4893578e-19   4.3925568e-19
       1.5165292       6.1065779   5.4993906e-19   4.3779325e-19
       1.5324759       6.1239333   5.5095238e-19   4.3632378e-19
       1.5484226       6.1414819   5.5197594e-19   4.3484716e-19
       1.5643693       6.1592275   5.5300992e-19   4.3336329e-19
       1.5803159       6.1771739   5.5405452e-19   4.3187209e-19
       1.5962626       6.1953252   5.5510995e-19   4.3037344e-19
       1.6122093       6.2136856   5.5617641e-19   4.2886725e-19
       1.6281560       6.2322592   5.5725411e-19   4.2735340e-19
       1.6441027       6.2510506   5.5834328e-19   4.2583179e-19
       1.6600493       6.2700643   5.5944415e-19   4.2430231e-19
       1.6759960       6.2893048   5.6055693e-19   4.2276484e-19
       1.6919427       6.3087770   5.6168188e-19   4.2121927e-19
       1.7078894       6.3284859   5.6281923e-19   4.1966548e-19
       1.7238361       6.3484365   5.6396926e-19   4.1810335e-19
       1.7397827       6.3686342   5.6513220e-19   4.1653274e-19
       1.7445667       6.3747424   5.6548365e-19   4.1605989e-19
       1.7461614       6.3767836   5.6560106e-19   4.1590210e-19
       1.7477561       6.3788273   5.6571861e-19   4.1574423e-19
       1.7493508       6.3808736   5.6583628e-19   4.1558626e-19
       1.7509454       6.3829224   5.6595410e-19   4.1542821e-19
       1.7525401       6.3849738   5.6607205e-19   4.1527008e-19
       1.7541348       6.3870277   5.6619013e-19   4.1511185e-19
       1.7557294       6.3890843   5.6630834e-19   4.1495354e-19
       1.7573241       6.3911434   5.6642669e-19   4.1479514e-19
       1.7589188       6.3932051   5.6654518e-19   4.1463666e-19
       1.7605134       6.3952694   5.6666380e-19   4.1447809e-19
       1.7621081       6.3973362   5.6678255e-19   4.1431943e-19
       1.7637028       6.3994057   5.6690145e-19   4.1416068e-19
       1.7652974       6.4014778   5.6702047e-19   4.1400184e-19
       1.7668921       6.4035525   5.6713964e-19   4.1384292e-19
       1.7684868       6.4056299   5.6725894e-19   4.1368390e-19
       1.7700814       6.4077098   5.6737838e-19   4.1352480e-19
       1.7716761       6.4097924   5.6749795e-19   4.1336561e-19
       1.7732708       6.4118776   5.6761767e-19   4.1320633e-19
       1.7748654       6.4139655   5.6773752e-19   4.1304697e-19
       1.7764601       6.4160560   5.6785751e-19   4.1288751e-19
       1.7780548       6.4181492   5.6797764e-19   4.1272797e-19
       1.7796494       6.4202451   5.6809790e-19   4.1256833e-19
       1.7812441       6.4223436   5.6821831e-19   4.1240861e-19
       1.7828388       6.4244448   5.6833885e-19   4.1224880e-19
       1.7844334       6.4265486   5.6845954e-19   4.1208889e-19
       1.7860281       6.4286552   5.6858036e-19   4.1192890e-19
       1.7876228       6.4307644   5.6870133e-19   4.1176882e-19
       1.7892175       6.4328763   5.6882243e-19   4.1160865e-19
       1.7908121       6.4349910   5.6894368e-19   4.1144838e-19
       1.7924068       6.4371083   5.6906506e-19   4.1128803e-19
       1.7940015       6.4392284   5.6918659e-19   4.1112759e-19
       1.7955961       6.4413512   5.6930826e-19   4.1096706e-19
       1.7971908       6.4434767   5.6943007e-19   4.1080643e-19
       1.7987855       6.4456050   5.6955203e-19   4.1064572e-19
       1.8003801       6.4477360   5.6967413e-19   4.1048491e-19
       1.8019748       6.4498697   5.6979637e-19   4.1032401e-19
       1.8035695       6.4520062   5.6991875e-19   4.1016302e-19
       1.8051641       6.4541454   5.7004128e-19   4.1000194e-19
       1.8067588       6.4562875   5.7016395e-19   4.0984077e-19
       1.8083535       6.4584322   5.7028676e-19   4.0967951e-19
       1.8099481       6.4605798   5.7040972e-19   4.0951815e-19
       1.8115428       6.4627302   5.7053283e-19   4.0935671e-19
       1.8131375       6.4648833   5.7065608e-19   4.0919517e-19
       1.8147321       6.4670393   5.7077947e-19   4.0903353e-19
       1.8163268       6.4691980   5.7090301e-19   4.0887181e-19
       1.8179215       6.4713596   5.7102670e-19   4.0870999e-19
       1.8195161       6.4735239   5.7115053e-19   4.0854808e-19
       1.8211108       6.4756911   5.7127451e-19   4.0838608e-19
       1.8227055       6.4778612   5.7139864e-19   4.0822399e-19
       1.8243001       6.4800340   5.7152292e-19   4.0806180e-19
       1.8258948       6.4822097   5.7164734e-19   4.0789952e-19
       1.8274895       6.4843883   5.7177191e-19   4.0773714e-19
       1.8290842       6.4865697   5.7189663e-19   4.0757467e-19
       1.8306788       6.4887540   5.7202149e-19   4.0741211e-19
       1.8322735       6.4909411   5.7214651e-19   4.0724945e-19
       1.8338682       6.4931311   5.7227167e-19   4.0708670e-19
       1.8354628       6.4953240   5.7239699e-19   4.0692386e-19
       1.8370575       6.4975198   5.7252245e-19   4.0676092e-19
       1.8386522       6.4997185   5.7264807e-19   4.0659788e-19
       1.8402468       6.5019201   5.7277384e-19   4.0643475e-19
       1.8418415       6.5041246   5.7289975e-19   4.0627153e-19
       1.8434362       6.5063320   5.7302582e-19   4.0610821e-19
       1.8450308       6.5085423   5.7315204e-19   4.0594480e-19
       1.8466255       6.5107556   5.7327841e-19   4.0578129e-19
       1.8482202       6.5129718   5.7340494e-19   4.0561769e-19
       1.8498148       6.5151909   5.7353161e-19   4.0545399e-19
       1.8514095       6.5174130   5.7365844e-19   4.0529019e-19
       1.8530042       6.5196381   5.7378543e-19   4.0512630e-19
       1.8545988       6.5218661   5.7391256e-19   4.0496231e-19
       1.8561935       6.5240971   5.7403985e-19   4.0479823e-19
       1.8577882       6.5263310   5.7416730e-19   4.0463405e-19
       1.8593828       6.5285680   5.7429490e-19   4.0446977e-19
       1.8609775       6.5308079   5.7442265e-19   4.0430540e-19
       1.8625722       6.5330508   5.7455056e-19   4.0414093e-19
       1.8641668       6.5352968   5.7467863e-19   4.0397636e-19
       1.8657615       6.5375457   5.7480685e-19   4.0381169e-19
       1.8673562       6.5397977   5.7493523e-19   4.0364693e-19
       1.8689508       6.5420527   5.7506376e-19   4.0348207e-19
       1.8705455       6.5443108   5.7519245e-19   4.0331712e-19
       1.8721402       6.5465718   5.7532130e-19   4.0315206e-19
       1.8737349       6.5488360   5.7545031e-19   4.0298691e-19
       1.8753295       6.5511032   5.7557948e-19   4.0282166e-19
       1.8769242       6.5533734   5.7570880e-19   4.0265631e-19
       1.8785189       6.5556467   5.7583828e-19   4.0249086e-19
       1.8801135       6.5579231   5.7596793e-19   4.0232531e-19
       1.8817082       6.5602026   5.7609773e-19   4.0215967e-19
       1.8833029       6.5624852   5.7622769e-19   4.0199393e-19
       1.8848975       6.5647709   5.7635781e-19   4.0182808e-19
       1.8864922       6.5670596   5.7648810e-19   4.0166214e-19
       1.8880869       6.5693515   5.7661854e-19   4.0149610e-19
       1.8896815       6.5716466   5.7674915e-19   4.0132996e-19
       1.8912762       6.5739447   5.7687991e-19   4.0116372e-19
       1.8928709       6.5762460   5.7701084e-19   4.0099738e-19
       1.8944655       6.5785504   5.7714193e-19   4.0083093e-19
       1.8960602       6.5808580   5.7727319e-19   4.0066439e-19
       1.8976549       6.5831688   5.7740461e-19   4.0049775e-19
       1.8992495       6.5854827   5.7753619e-19   4.0033101e-19
       1.9008442       6.5877998   5.7766793e-19   4.0016417e-19
       1.9024389       6.5901200   5.7779985e-19   3.9999722e-19
       1.9040335       6.5924435   5.7793192e-19   3.9983018e-19
       1.9056282       6.5947701   5.7806416e-19   3.9966303e-19
       1.9072229       6.5971000   5.7819657e-19   3.9949578e-19
       1.9088175       6.5994331   5.7832914e-19   3.9932843e-19
       1.9104122       6.6017694   5.7846188e-19   3.9916098e-19
       1.9120069       6.6041089   5.7859478e-19   3.9899343e-19
       1.9136016       6.6064517   5.7872785e-19   3.9882577e-19
       1.9151962       6.6087977   5.7886109e-19   3.9865802e-19
       1.9167909       6.6111470   5.7899450e-19   3.9849016e-19
       1.9183856       6.6134995   5.7912808e-19   3.9832219e-19
       1.9199802       6.6158553   5.7926182e-19   3.9815413e-19
       1.9215749       6.6182144   5.7939573e-19   3.9798596e-19
       1.9231696       6.6205767   5.7952982e-19   3.9781769e-19
       1.9247642       6.6229424   5.7966407e-19   3.9764931e-19
       1.9263589       6.6253114   5.7979849e-19   3.9748083e-19
       1.9279536       6.6276836   5.7993308e-19   3.9731225e-19
       1.9295482       6.6300592   5.8006785e-19   3.9714356e-19
       1.9311429       6.6324381   5.8020278e-19   3.9697477e-19
       1.9327376       6.6348204   5.8033789e-19   3.9680588e-19
       1.9343322       6.6372059   5.8047317e-19   3.9663688e-19
       1.9359269       6.6395949   5.8060862e-19   3.9646778e-19
       1.9375216       6.6419872   5.8074425e-19   3.9629857e-19
       1.9391162       6.6443828   5.8088005e-19   3.9612926e-19
       1.9407109       6.6467819   5.8101602e-19   3.9595984e-19
       1.9423056       6.6491843   5.8115217e-19   3.9579032e-19
       1.9439002       6.6515901   5.8128849e-19   3.9562069e-19
       1.9454949       6.6539993   5.8142499e-19   3.9545095e-19
       1.9470896       6.6564119   5.8156166e-19   3.9528111e-19
       1.9486842       6.6588280   5.8169851e-19   3.9511117e-19
       1.9502789       6.6612475   5.8183553e-19   3.9494111e-19
       1.9518736       6.6636704   5.8197273e-19   3.9477095e-19
       1.9534683       6.6660967   5.8211011e-19   3.9460069e-19
       1.9550629       6.6685265   5.8224766e-19   3.9443032e-19
       1.9566576       6.6709598   5.8238540e-19   3.9425984e-19
       1.9582523       6.6733965   5.8252331e-19   3.9408925e-19
       1.9598469       6.6758367   5.8266140e-19   3.9391856e-19
       1.9614416       6.6782804   5.8279967e-19   3.9374776e-19
       1.9630363       6.6807276   5.8293812e-19   3.9357685e-19
       1.9646309       6.6831783   5.8307675e-19   3.9340583e-19
       1.9662256       6.6856325   5.8321556e-19   3.9323471e-19
       1.9678203       6.6880902   5.8335455e-19   3.9306347e-19
       1.9694149       6.6905514   5.8349373e-19   3.9289213e-19
       1.9710096       6.6930162   5.8363308e-19   3.9272068e-19
       1.9726043       6.6954846   5.8377262e-19   3.9254912e-19
       1.9741989       6.6979565   5.8391234e-19   3.9237745e-19
       1.9757936       6.7004320   5.8405224e-19   3.9220568e-19
       1.9773883       6.7029110   5.8419233e-19   3.9203379e-19
       1.9789829       6.7053936   5.8433260e-19   3.9186179e-19
       1.9805776       6.7078799   5.8447306e-19   3.9168969e-19
       1.9821723       6.7103697   5.8461370e-19   3.9151747e-19
       1.9837669       6.7128631   5.8475452e-19   3.9134514e-19
       1.9853616       6.7153602   5.8489553e-19   3.9117271e-19
       1.9869563       6.7178609   5.8503673e-19   3.9100016e-19
       1.9885509       6.7203652   5.8517812e-19   3.9082750e-19
       1.9901456       6.7228732   5.8531969e-19   3.9065473e-19
       1.9917403       6.7253849   5.8546145e-19   3.9048185e-19
       1.9933350       6.7279002   5.8560340e-19   3.9030886e-19
       1.9949296       6.7304192   5.8574553e-19   3.9013576e-19
       1.9965243       6.7329418   5.8588786e-19   3.8996255e-19
       1.9981190       6.7354682   5.8603037e-19   3.8978922e-19
       1.9997136       6.7379983   5.8617308e-19   3.8961578e-19
       2.0013083       6.7405321   5.8631597e-19   3.8944223e-19
       2.0029030       6.7430696   5.8645906e-19   3.8926857e-19
       2.0044976       6.7456109   5.8660234e-19   3.8909479e-19
       2.0060923       6.7481559   5.8674581e-19   3.8892090e-19
       2.0076870       6.7507046   5.8688947e-19   3.8874690e-19
       2.0092816       6.7532572   5.8703332e-19   3.8857278e-19
       2.0108763       6.7558135   5.8717737e-19   3.8839855e-19
       2.0124710       6.7583735   5.8732161e-19   3.8822421e-19
       2.0140656       6.7609374   5.8746605e-19   3.8804975e-19
       2.0156603       6.7635051   5.8761068e-19   3.8787518e-19
       2.0172550       6.7660766   5.8775551e-19   3.8770049e-19
       2.0188496       6.7686519   5.8790053e-19   3.8752569e-19
       2.0204443       6.7712310   5.8804575e-19   3.8735078e-19
       2.0220390       6.7738140   5.8819116e-19   3.8717575e-19
       2.0236336       6.7764009   5.8833677e-19   3.8700060e-19
       2.0252283       6.7789916   5.8848258e-19   3.8682534e-19
       2.0268230       6.7815862   5.8862859e-19   3.8664997e-19
       2.0284176       6.7841846   5.8877479e-19   3.8647447e-19
       2.0300123       6.7867870   5.8892120e-19   3.8629887e-19
       2.0316070       6.7893933   5.8906780e-19   3.8612314e-19
       2.0332016       6.7920035   5.8921461e-19   3.8594730e-19
       2.0347963       6.7946176   5.8936162e-19   3.8577134e-19
       2.0363910       6.7972356   5.8950882e-19   3.8559527e-19
       2.0379857       6.7998576   5.8965623e-19   3.8541908e-19
       2.0395803       6.8024836   5.8980384e-19   3.8524277e-19
       2.0411750       6.8051135   5.8995165e-19   3.8506634e-19
       2.0427697       6.8077474   5.9009967e-19   3.8488979e-19
       2.0443643       6.8103853   5.9024789e-19   3.8471313e-19
       2.0459590       6.8130271   5.9039631e-19   3.8453635e-19
       2.0475537       6.8156730   5.9054494e-19   3.8435945e-19
       2.0491483       6.8183229   5.9069378e-19   3.8418243e-19
       2.0507430       6.8209769   5.9084282e-19   3.8400530e-19
       2.0523377       6.8236349   5.9099206e-19   3.8382804e-19
       2.0539323       6.8262969   5.9114152e-19   3.8365067e-19
       2.0555270       6.8289630   5.9129118e-19   3.8347317e-19
       2.0571217       6.8316332   5.9144105e-19   3.8329556e-19
       2.0587163       6.8343075   5.9159112e-19   3.8311782e-19
       2.0603110       6.8369858   5.9174141e-19   3.8293997e-19
       2.0619057       6.8396683   5.9189190e-19   3.8276199e-19
       2.0635003       6.8423549   5.9204261e-19   3.8258390e-19
       2.0650950       6.8450456   5.9219352e-19   3.8240568e-19
       2.0666897       6.8477405   5.9234465e-19   3.8222734e-19
       2.0682843       6.8504395   5.9249599e-19   3.8204888e-19
       2.0698790       6.8531427   5.9264754e-19   3.8187030e-19
       2.0714737       6.8558500   5.9279930e-19   3.8169160e-19
       2.0730683       6.8585615   5.9295128e-19   3.8151277e-19
       2.0746630       6.8612773   5.9310347e-19   3.8133383e-19
       2.0762577       6.8639972   5.9325587e-19   3.8115476e-19
       2.0778524       6.8667214   5.9340849e-19   3.8097557e-19
       2.0794470       6.8694498   5.9356133e-19   3.8079625e-19
       2.0810417       6.8721824   5.9371438e-19   3.8061681e-19
       2.0826364       6.8749193   5.9386765e-19   3.8043725e-19
       2.0842310       6.8776605   5.9402113e-19   3.8025757e-19
       2.0858257       6.8804059   5.9417484e-19   3.8007776e-19
       2.0874204       6.8831557   5.9432876e-19   3.7989782e-19
       2.0890150       6.8859097   5.9448290e-19   3.7971777e-19
       2.0906097       6.8886681   5.9463726e-19   3.7953758e-19
       2.0922044       6.8914308   5.9479184e-19   3.7935728e-19
       2.0937990       6.8941978   5.9494664e-19   3.7917684e-19
       2.0953937       6.8969691   5.9510166e-19   3.7899629e-19
       2.0969884       6.8997449   5.9525690e-19   3.7881560e-19
       2.0985830       6.9025250   5.9541237e-19   3.7863480e-19
       2.1001777       6.9053095   5.9556806e-19   3.7845386e-19
       2.1017724       6.9080984   5.9572397e-19   3.7827280e-19
       2.1033670       6.9108917   5.9588010e-19   3.7809161e-19
       2.1049617       6.9136894   5.9603646e-19   3.7791030e-19
       2.1065564       6.9164916   5.9619305e-19   3.7772886e-19
       2.1081510       6.9192982   5.9634986e-19   3.7754729e-19
       2.1097457       6.9221093   5.9650690e-19   3.7736559e-19
       2.1113404       6.9249248   5.9666417e-19   3.7718377e-19
       2.1129350       6.9277448   5.9682166e-19   3.7700181e-19
       2.1145297       6.9305694   5.9697938e-19   3.7681973e-19
       2.1161244       6.9333984   5.9713733e-19   3.7663752e-19
       2.1177191       6.9362320   5.9729551e-19   3.7645519e-19
       2.1193137       6.9390701   5.9745392e-19   3.7627272e-19
       2.1209084       6.9419127   5.9761257e-19   3.7609012e-19
       2.1225031       6.9447599   5.9777144e-19   3.7590740e-19
       2.1240977       6.9476117   5.9793054e-19   3.7572454e-19
       2.1256924       6.9504681   5.9808988e-19   3.7554156e-19
       2.1272871       6.9533291   5.9824945e-19   3.7535844e-19
       2.1288817       6.9561946   5.9840926e-19   3.7517520e-19
       2.1304764       6.9590649   5.9856930e-19   3.7499182e-19
       2.1320711       6.9619397   5.9872957e-19   3.7480831e-19
       2.1336657       6.9648192   5.9889008e-19   3.7462467e-19
       2.1352604       6.9677034   5.9905083e-19   3.7444090e-19
       2.1368551       6.9705923   5.9921181e-19   3.7425700e-19
       2.1384497       6.9734858   5.9937303e-19   3.7407296e-19
       2.1400444       6.9763841   5.9953449e-19   3.7388880e-19
       2.1416391       6.9792871   5.9969619e-19   3.7370450e-19
       2.1432337       6.9821948   5.9985813e-19   3.7352007e-19
       2.1448284       6.9851072   6.0002031e-19   3.7333550e-19
       2.1464231       6.9880244   6.0018273e-19   3.7315080e-19
       2.1480177       6.9909464   6.0034539e-19   3.7296597e-19
       2.1496124       6.9938732   6.0050829e-19   3.7278100e-19
       2.1512071       6.9968048   6.0067144e-19   3.7259590e-19
       2.1528017       6.9997412   6.0083483e-19   3.7241066e-19
       2.1543964       7.0026825   6.0099846e-19   3.7222529e-19
       2.1559911       7.0056285   6.0116234e-19   3.7203979e-19
       2.1575858       7.0085795   6.0132647e-19   3.7185415e-19
       2.1591804       7.0115353   6.0149084e-19   3.7166837e-19
       2.1607751       7.0144960   6.0165546e-19   3.7148246e-19
       2.1623698       7.0174616   6.0182033e-19   3.7129641e-19
       2.1639644       7.0204321   6.0198544e-19   3.7111023e-19
       2.1655591       7.0234075   6.0215080e-19   3.7092391e-19
       2.1671538       7.0263879   6.0231642e-19   3.7073745e-19
       2.1687484       7.0293733   6.0248228e-19   3.7055085e-19
       2.1703431       7.0323636   6.0264840e-19   3.7036412e-19
       2.1719378       7.0353589   6.0281476e-19   3.7017725e-19
       2.1735324       7.0383592   6.0298138e-19   3.6999024e-19
       2.1751271       7.0413645   6.0314826e-19   3.6980309e-19
       2.1767218       7.0443749   6.0331538e-19   3.6961581e-19
       2.1783164       7.0473903   6.0348277e-19   3.6942838e-19
       2.1799111       7.0504108   6.0365040e-19   3.6924082e-19
       2.1815058       7.0534363   6.0381830e-19   3.6905312e-19
       2.1831004       7.0564669   6.0398645e-19   3.6886527e-19
       2.1846951       7.0595027   6.0415485e-19   3.6867729e-19
       2.1862898       7.0625435   6.0432352e-19   3.6848917e-19
       2.1878844       7.0655895   6.0449244e-19   3.6830090e-19
       2.1894791       7.0686407   6.0466163e-19   3.6811250e-19
       2.1910738       7.0716970   6.0483107e-19   3.6792395e-19
       2.1926684       7.0747585   6.0500078e-19   3.6773526e-19
       2.1942631       7.0778252   6.0517075e-19   3.6754643e-19
       2.1958578       7.0808972   6.0534098e-19   3.6735746e-19
       2.1974524       7.0839743   6.0551148e-19   3.6716835e-19
       2.1990471       7.0870567   6.0568223e-19   3.6697909e-19
       2.2006418       7.0901443   6.0585326e-19   3.6678969e-19
       2.2022365       7.0932373   6.0602455e-19   3.6660015e-19
       2.2038311       7.0963355   6.0619610e-19   3.6641046e-19
       2.2054258       7.0994390   6.0636793e-19   3.6622063e-19
       2.2070205       7.1025479   6.0654002e-19   3.6603066e-19
       2.2086151       7.1056621   6.0671238e-19   3.6584054e-19
       2.2102098       7.1087817   6.0688501e-19   3.6565027e-19
       2.2118045       7.1119066   6.0705791e-19   3.6545986e-19
       2.2133991       7.1150369   6.0723108e-19   3.6526931e-19
       2.2149938       7.1181727   6.0740452e-19   3.6507861e-19
       2.2165885       7.1213138   6.0757824e-19   3.6488776e-19
       2.2181831       7.1244604   6.0775223e-19   3.6469677e-19
       2.2197778       7.1276125   6.0792649e-19   3.6450563e-19
       2.2213725       7.1307700   6.0810103e-19   3.6431434e-19
       2.2229671       7.1339330   6.0827585e-19   3.6412291e-19
       2.2245618       7.1371015   6.0845094e-19   3.6393133e-19
       2.2261565       7.1402755   6.0862631e-19   3.6373960e-19
       2.2277511       7.1434551   6.0880195e-19   3.6354772e-19
       2.2293458       7.1466403   6.0897788e-19   3.6335570e-19
       2.2309405       7.1498310   6.0915408e-19   3.6316352e-19
       2.2325351       7.1530273   6.0933057e-19   3.6297120e-19
       2.2341298       7.1562292   6.0950734e-19   3.6277873e-19
       2.2357245       7.1594367   6.0968439e-19   3.6258610e-19
       2.2373191       7.1626499   6.0986172e-19   3.6239333e-19
       2.2389138       7.1658688   6.1003934e-19   3.6220041e-19
       2.2405085       7.1690933   6.1021725e-19   3.6200733e-19
       2.2421032       7.1723235   6.1039543e-19   3.6181411e-19
       2.2436978       7.1755595   6.1057391e-19   3.6162073e-19
       2.2452925       7.1788011   6.1075267e-19   3.6142720e-19
       2.2468872       7.1820485   6.1093172e-19   3.6123352e-19
       2.2484818       7.1853017   6.1111106e-19   3.6103969e-19
       2.2500765       7.1885607   6.1129069e-19   3.6084570e-19
       2.2516712       7.1918255   6.1147062e-19   3.6065156e-19
       2.2532658       7.1950961   6.1165083e-19   3.6045727e-19
       2.2548605       7.1983725   6.1183133e-19   3.6026282e-19
       2.2564552       7.2016548   6.1201213e-19   3.6006822e-19
       2.2580498       7.2049430   6.1219323e-19   3.5987347e-19
       2.2596445       7.2082371   6.1237461e-19   3.5967856e-19
       2.2612392       7.2115370   6.1255630e-19   3.5948349e-19
       2.2628338       7.2148430   6.1273828e-19   3.5928827e-19
       2.2644285       7.2181548   6.1292056e-19   3.5909290e-19
       2.2660232       7.2214727   6.1310314e-19   3.5889737e-19
       2.2676178       7.2247965   6.1328602e-19   3.5870168e-19
       2.2692125       7.2281264   6.1346920e-19   3.5850583e-19
       2.2708072       7.2314622   6.1365268e-19   3.5830983e-19
       2.2724018       7.2348041   6.1383646e-19   3.5811367e-19
       2.2739965       7.2381521   6.1402055e-19   3.5791735e-19
       2.2755912       7.2415062   6.1420494e-19   3.5772088e-19
       2.2771858       7.2448664   6.1438963e-19   3.5752424e-19
       2.2787805       7.2482327   6.1457463e-19   3.5732745e-19
       2.2803752       7.2516051   6.1475994e-19   3.5713050e-19
       2.2819699       7.2549838   6.1494556e-19   3.5693338e-19
       2.2835645       7.2583686   6.1513149e-19   3.5673611e-19
       2.2851592       7.2617596   6.1531772e-19   3.5653868e-19
       2.2867539       7.2651568   6.1550427e-19   3.5634109e-19
       2.2883485       7.2685603   6.1569113e-19   3.5614333e-19
       2.2899432       7.2719700   6.1587830e-19   3.5594542e-19
       2.2915379       7.2753860   6.1606578e-19   3.5574734e-19
       2.2931325       7.2788084   6.1625358e-19   3.5554910e-19
       2.2947272       7.2822370   6.1644170e-19   3.5535070e-19
       2.2963219       7.2856720   6.1663013e-19   3.5515213e-19
       2.2979165       7.2891134   6.1681888e-19   3.5495340e-19
       2.2995112       7.2925612   6.1700795e-19   3.5475451e-19
       2.3011059       7.2960154   6.1719734e-19   3.5455545e-19
       2.3027005       7.2994760   6.1738705e-19   3.5435623e-19
       2.3042952       7.3029430   6.1757708e-19   3.5415685e-19
       2.3058899       7.3064165   6.1776743e-19   3.5395730e-19
       2.3074845       7.3098966   6.1795811e-19   3.5375758e-19
       2.3090792       7.3133831   6.1814911e-19   3.5355770e-19
       2.3106739       7.3168762   6.1834044e-19   3.5335765e-19
       2.3122685       7.3203758   6.1853209e-19   3.5315744e-19
       2.3138632       7.3238820   6.1872407e-19   3.5295706e-19
       2.3154579       7.3273949   6.1891638e-19   3.5275651e-19
       2.3170525       7.3309143   6.1910902e-19   3.5255579e-19
       2.3186472       7.3344404   6.1930199e-19   3.5235491e-19
       2.3202419       7.3379732   6.1949530e-19   3.5215385e-19
       2.3218366       7.3415126   6.1968893e-19   3.5195263e-19
       2.3234312       7.3450588   6.1988290e-19   3.5175124e-19
       2.3250259       7.3486117   6.2007721e-19   3.5154968e-19
       2.3266206       7.3521713   6.2027185e-19   3.5134794e-19
       2.3282152       7.3557378   6.2046683e-19   3.5114604e-19
       2.3298099       7.3593110   6.2066214e-19   3.5094397e-19
       2.3314046       7.3628911   6.2085780e-19   3.5074172e-19
       2.3329992       7.3664780   6.2105380e-19   3.5053931e-19
       2.3345939       7.3700718   6.2125013e-19   3.5033672e-19
       2.3361886       7.3736725   6.2144681e-19   3.5013396e-19
       2.3377832       7.3772801   6.2164384e-19   3.4993102e-19
       2.3393779       7.3808947   6.2184121e-19   3.4972791e-19
       2.3409726       7.3845162   6.2203892e-19   3.4952463e-19
       2.3425672       7.3881447   6.2223699e-19   3.4932118e-19
       2.3441619       7.3917802   6.2243540e-19   3.4911755e-19
       2.3457566       7.3954228   6.2263416e-19   3.4891374e-19
       2.3473512       7.3990724   6.2283327e-19   3.4870976e-19
       2.3489459       7.4027291   6.2303273e-19   3.4850561e-19
       2.3505406       7.4063929   6.2323254e-19   3.4830127e-19
       2.3521352       7.4100639   6.2343271e-19   3.4809676e-19
       2.3537299       7.4137420   6.2363323e-19   3.4789208e-19
       2.3553246       7.4174273   6.2383411e-19   3.4768721e-19
       2.3569192       7.4211198   6.2403535e-19   3.4748217e-19
       2.3585139       7.4248196   6.2423695e-19   3.4727695e-19
       2.3601086       7.4285266   6.2443890e-19   3.4707155e-19
       2.3617032       7.4322408   6.2464122e-19   3.4686597e-19
       2.3632979       7.4359624   6.2484390e-19   3.4666022e-19
       2.3648926       7.4396914   6.2504694e-19   3.4645428e-19
       2.3664873       7.4434276   6.2525034e-19   3.4624816e-19
       2.3680819       7.4471713   6.2545412e-19   3.4604186e-19
       2.3696766       7.4509224   6.2565825e-19   3.4583538e-19
       2.3712713       7.4546809   6.2586276e-19   3.4562872e-19
       2.3728659       7.4584469   6.2606764e-19   3.4542187e-19
       2.3744606       7.4622204   6.2627288e-19   3.4521484e-19
       2.3760553       7.4660014   6.2647850e-19   3.4500763e-19
       2.3776499       7.4697899   6.2668449e-19   3.4480024e-19
       2.3792446       7.4735860   6.2689086e-19   3.4459266e-19
       2.3808393       7.4773897   6.2709760e-19   3.4438489e-19
       2.3824339       7.4812010   6.2730472e-19   3.4417695e-19
       2.3840286       7.4850200   6.2751222e-19   3.4396881e-19
       2.3856233       7.4888466   6.2772009e-19   3.4376049e-19
       2.3872179       7.4926810   6.2792835e-19   3.4355199e-19
       2.3888126       7.4965230   6.2813699e-19   3.4334329e-19
       2.3904073       7.5003729   6.2834601e-19   3.4313441e-19
       2.3920019       7.5042305   6.2855541e-19   3.4292534e-19
       2.3935966       7.5080959   6.2876521e-19   3.4271609e-19
       2.3951913       7.5119692   6.2897539e-19   3.4250664e-19
       2.3967859       7.5158503   6.2918595e-19   3.4229701e-19
       2.3983806       7.5197394   6.2939691e-19   3.4208719e-19
       2.3999753       7.5236364   6.2960826e-19   3.4187717e-19
       2.4015699       7.5275413   6.2982000e-19   3.4166697e-19
       2.4031646       7.5314542   6.3003213e-19   3.4145657e-19
       2.4047593       7.5353751   6.3024466e-19   3.4124599e-19
       2.4063540       7.5393041   6.3045759e-19   3.4103521e-19
       2.4079486       7.5432411   6.3067091e-19   3.4082424e-19
       2.4095433       7.5471862   6.3088464e-19   3.4061307e-19
       2.4111380       7.5511395   6.3109876e-19   3.4040171e-19
       2.4127326       7.5551009   6.3131329e-19   3.4019016e-19
       2.4143273       7.5590705   6.3152822e-19   3.3997842e-19
       2.4159220       7.5630484   6.3174355e-19   3.3976647e-19
       2.4175166       7.5670344   6.3195929e-19   3.3955434e-19
       2.4191113       7.5710288   6.3217544e-19   3.3934201e-19
       2.4207060       7.5750314   6.3239200e-19   3.3912948e-19
       2.4223006       7.5790424   6.3260896e-19   3.3891675e-19
       2.4238953       7.5830618   6.3282634e-19   3.3870383e-19
       2.4254900       7.5870896   6.3304413e-19   3.3849071e-19
       2.4270846       7.5911258   6.3326234e-19   3.3827739e-19
       2.4286793       7.5951704   6.3348097e-19   3.3806387e-19
       2.4302740       7.5992236   6.3370001e-19   3.3785015e-19
       2.4318686       7.6032853   6.3391947e-19   3.3763623e-19
       2.4334633       7.6073555   6.3413935e-19   3.3742211e-19
       2.4350580       7.6114344   6.3435965e-19   3.3720779e-19
       2.4366526       7.6155218   6.3458038e-19   3.3699327e-19
       2.4382473       7.6196179   6.3480153e-19   3.3677855e-19
       2.4398420       7.6237227   6.3502311e-19   3.3656362e-19
       2.4414366       7.6278362   6.3524511e-19   3.3634849e-19
       2.4430313       7.6319585   6.3546755e-19   3.3613316e-19
       2.4446260       7.6360895   6.3569042e-19   3.3591763e-19
       2.4462207       7.6402294   6.3591372e-19   3.3570188e-19
       2.4478153       7.6443781   6.3613745e-19   3.3548594e-19
       2.4494100       7.6485357   6.3636162e-19   3.3526978e-19
       2.4510047       7.6527022   6.3658623e-19   3.3505343e-19
       2.4525993       7.6568777   6.3681128e-19   3.3483686e-19
       2.4541940       7.6610621   6.3703677e-19   3.3462009e-19
       2.4557887       7.6652556   6.3726269e-19   3.3440311e-19
       2.4573833       7.6694581   6.3748907e-19   3.3418592e-19
       2.4589780       7.6736697   6.3771589e-19   3.3396852e-19
       2.4605727       7.6778904   6.3794315e-19   3.3375091e-19
       2.4621673       7.6821203   6.3817087e-19   3.3353309e-19
       2.4637620       7.6863594   6.3839903e-19   3.3331506e-19
       2.4653567       7.6906077   6.3862765e-19   3.3309682e-19
       2.4669513       7.6948653   6.3885672e-19   3.3287837e-19
       2.4685460       7.6991322   6.3908624e-19   3.3265970e-19
       2.4701407       7.7034084   6.3931622e-19   3.3244083e-19
       2.4717353       7.7076939   6.3954667e-19   3.3222174e-19
       2.4733300       7.7119889   6.3977757e-19   3.3200243e-19
       2.4749247       7.7162933   6.4000893e-19   3.3178291e-19
       2.4765193       7.7206072   6.4024076e-19   3.3156317e-19
       2.4781140       7.7249307   6.4047305e-19   3.3134322e-19
       2.4797087       7.7292636   6.4070581e-19   3.3112305e-19
       2.4813033       7.7336062   6.4093903e-19   3.3090267e-19
       2.4828980       7.7379584   6.4117273e-19   3.3068207e-19
       2.4844927       7.7423203   6.4140690e-19   3.3046125e-19
       2.4860874       7.7466918   6.4164155e-19   3.3024021e-19
       2.4876820       7.7510731   6.4187667e-19   3.3001895e-19
       2.4892767       7.7554642   6.4211226e-19   3.2979747e-19
       2.4908714       7.7598651   6.4234834e-19   3.2957577e-19
       2.4924660       7.7642759   6.4258490e-19   3.2935385e-19
       2.4940607       7.7686966   6.4282194e-19   3.2913170e-19
       2.4956554       7.7731271   6.4305947e-19   3.2890934e-19
       2.4972500       7.7775677   6.4329748e-19   3.2868675e-19
       2.4988447       7.7820183   6.4353598e-19   3.2846394e-19
       2.5004394       7.7864790   6.4377497e-19   3.2824090e-19
       2.5020340       7.7909497   6.4401446e-19   3.2801764e-19
       2.5036287       7.7954306   6.4425444e-19   3.2779415e-19
       2.5052234       7.7999216   6.4449491e-19   3.2757044e-19
       2.5068180       7.8044229   6.4473588e-19   3.2734650e-19
       2.5084127       7.8089344   6.4497735e-19   3.2712233e-19
       2.5100074       7.8134563   6.4521933e-19   3.2689793e-19
       2.5116020       7.8179884   6.4546180e-19   3.2667331e-19
       2.5131967       7.8225310   6.4570479e-19   3.2644846e-19
       2.5147914       7.8270840   6.4594828e-19   3.2622337e-19
       2.5163860       7.8316474   6.4619228e-19   3.2599806e-19
       2.5179807       7.8362214   6.4643679e-19   3.2577251e-19
       2.5195754       7.8408059   6.4668181e-19   3.2554673e-19
       2.5211700       7.8454010   6.4692735e-19   3.2532072e-19
       2.5227647       7.8500067   6.4717341e-19   3.2509448e-19
       2.5243594       7.8546231   6.4741998e-19   3.2486800e-19
       2.5259540       7.8592503   6.4766708e-19   3.2464129e-19
       2.5275487       7.8638882   6.4791470e-19   3.2441434e-19
       2.5291434       7.8685369   6.4816285e-19   3.2418716e-19
       2.5307381       7.8731965   6.4841152e-19   3.2395974e-19
       2.5323327       7.8778670   6.4866072e-19   3.2373208e-19
       2.5339274       7.8825485   6.4891046e-19   3.2350418e-19
       2.5355221       7.8872409   6.4916073e-19   3.2327605e-19
       2.5371167       7.8919444   6.4941153e-19   3.2304767e-19
       2.5387114       7.8966589   6.4966288e-19   3.2281906e-19
       2.5403061       7.9013846   6.4991476e-19   3.2259020e-19
       2.5419007       7.9061215   6.5016718e-19   3.2236111e-19
       2.5434954       7.9108696   6.5042015e-19   3.2213177e-19
       2.5450901       7.9156290   6.5067367e-19   3.2190219e-19
       2.5466847       7.9203996   6.5092773e-19   3.2167236e-19
       2.5482794       7.9251817   6.5118235e-19   3.2144229e-19
       2.5498741       7.9299752   6.5143752e-19   3.2121198e-19
       2.5514687       7.9347801   6.5169324e-19   3.2098142e-19
       2.5530634       7.9395965   6.5194952e-19   3.2075061e-19
       2.5546581       7.9444245   6.5220636e-19   3.2051956e-19
       2.5562527       7.9492641   6.5246377e-19   3.2028825e-19
       2.5578474       7.9541154   6.5272174e-19   3.2005670e-19
       2.5594421       7.9589784   6.5298027e-19   3.1982490e-19
       2.5610367       7.9638531   6.5323937e-19   3.1959285e-19
       2.5626314       7.9687397   6.5349905e-19   3.1936055e-19
       2.5642261       7.9736380   6.5375930e-19   3.1912800e-19
       2.5658207       7.9785484   6.5402012e-19   3.1889519e-19
       2.5674154       7.9834706   6.5428152e-19   3.1866214e-19
       2.5690101       7.9884049   6.5454351e-19   3.1842882e-19
       2.5706048       7.9933512   6.5480607e-19   3.1819526e-19
       2.5721994       7.9983097   6.5506923e-19   3.1796144e-19
       2.5737941       8.0032803   6.5533296e-19   3.1772736e-19
       2.5753888       8.0082632   6.5559729e-19   3.1749302e-19
       2.5769834       8.0132583   6.5586222e-19   3.1725843e-19
       2.5785781       8.0182657   6.5612773e-19   3.1702358e-19
       2.5801728       8.0232856   6.5639385e-19   3.1678846e-19
       2.5817674       8.0283178   6.5666056e-19   3.1655309e-19
       2.5833621       8.0333626   6.5692788e-19   3.1631746e-19
       2.5849568       8.0384199   6.5719581e-19   3.1608157e-19
       2.5865514       8.0434898   6.5746434e-19   3.1584541e-19
       2.5881461       8.0485723   6.5773348e-19   3.1560899e-19
       2.5897408       8.0536676   6.5800323e-19   3.1537231e-19
       2.5913354       8.0587756   6.5827360e-19   3.1513536e-19
       2.5929301       8.0638965   6.5854458e-19   3.1489814e-19
       2.5945248       8.0690302   6.5881619e-19   3.1466066e-19
       2.5961194       8.0741769   6.5908842e-19   3.1442292e-19
       2.5977141       8.0793365   6.5936128e-19   3.1418490e-19
       2.5993088       8.0845092   6.5963476e-19   3.1394661e-19
       2.6009034       8.0896951   6.5990888e-19   3.1370806e-19
       2.6024981       8.0948941   6.6018363e-19   3.1346923e-19
       2.6040928       8.1001063   6.6045901e-19   3.1323013e-19
       2.6056874       8.1053318   6.6073504e-19   3.1299076e-19
       2.6072821       8.1105707   6.6101170e-19   3.1275112e-19
       2.6088768       8.1158230   6.6128902e-19   3.1251120e-19
       2.6104715       8.1210887   6.6156697e-19   3.1227101e-19
       2.6120661       8.1263680   6.6184558e-19   3.1203054e-19
       2.6136608       8.1316609   6.6212485e-19   3.1178979e-19
       2.6152555       8.1369674   6.6240476e-19   3.1154877e-19
       2.6168501       8.1422876   6.6268534e-19   3.1130747e-19
       2.6184448       8.1476216   6.6296658e-19   3.1106589e-19
       2.6200395       8.1529695   6.6324848e-19   3.1082403e-19
       2.6216341       8.1583313   6.6353105e-19   3.1058188e-19
       2.6232288       8.1637070   6.6381429e-19   3.1033946e-19
       2.6248235       8.1690968   6.6409821e-19   3.1009675e-19
       2.6264181       8.1745006   6.6438280e-19   3.0985376e-19
       2.6280128       8.1799186   6.6466806e-19   3.0961048e-19
       2.6296075       8.1853509   6.6495402e-19   3.0936692e-19
       2.6312021       8.1907975   6.6524065e-19   3.0912307e-19
       2.6327968       8.1962584   6.6552798e-19   3.0887893e-19
       2.6343915       8.2017337   6.6581599e-19   3.0863451e-19
       2.6359861       8.2072236   6.6610470e-19   3.0838979e-19
       2.6375808       8.2127280   6.6639411e-19   3.0814479e-19
       2.6391755       8.2182470   6.6668422e-19   3.0789949e-19
       2.6407701       8.2237807   6.6697503e-19   3.0765390e-19
       2.6423648       8.2293292   6.6726655e-19   3.0740802e-19
       2.6439595       8.2348926   6.6755878e-19   3.0716185e-19
       2.6455541       8.2404709   6.6785172e-19   3.0691537e-19
       2.6471488       8.2460641   6.6814537e-19   3.0666861e-19
       2.6487435       8.2516724   6.6843975e-19   3.0642154e-19
       2.6503382       8.2572958   6.6873485e-19   3.0617418e-19
       2.6519328       8.2629344   6.6903068e-19   3.0592652e-19
       2.6535275       8.2685883   6.6932723e-19   3.0567855e-19
       2.6551222       8.2742575   6.6962452e-19   3.0543029e-19
       2.6567168       8.2799421   6.6992255e-19   3.0518172e-19
       2.6583115       8.2856423   6.7022131e-19   3.0493286e-19
       2.6599062       8.2913579   6.7052082e-19   3.0468368e-19
       2.6615008       8.2970893   6.7082107e-19   3.0443420e-19
       2.6630955       8.3028363   6.7112207e-19   3.0418442e-19
       2.6646902       8.3085991   6.7142383e-19   3.0393433e-19
       2.6662848       8.3143778   6.7172634e-19   3.0368393e-19
       2.6678795       8.3201725   6.7202962e-19   3.0343322e-19
       2.6694742       8.3259831   6.7233365e-19   3.0318220e-19
       2.6710688       8.3318099   6.7263846e-19   3.0293087e-19
       2.6726635       8.3376528   6.7294403e-19   3.0267922e-19
       2.6742582       8.3435121   6.7325038e-19   3.0242726e-19
       2.6758528       8.3493876   6.7355751e-19   3.0217499e-19
       2.6774475       8.3552796   6.7386541e-19   3.0192240e-19
       2.6790422       8.3611880   6.7417411e-19   3.0166950e-19
       2.6806368       8.3671131   6.7448359e-19   3.0141628e-19
       2.6822315       8.3730548   6.7479387e-19   3.0116273e-19
       2.6838262       8.3790132   6.7510494e-19   3.0090887e-19
       2.6854208       8.3849885   6.7541681e-19   3.0065469e-19
       2.6870155       8.3909807   6.7572949e-19   3.0040018e-19
       2.6886102       8.3969899   6.7604297e-19   3.0014535e-19
       2.6902048       8.4030162   6.7635727e-19   2.9989020e-19
       2.6917995       8.4090597   6.7667238e-19   2.9963472e-19
       2.6933942       8.4151204   6.7698831e-19   2.9937891e-19
       2.6949889       8.4211984   6.7730506e-19   2.9912278e-19
       2.6965835       8.4272939   6.7762265e-19   2.9886631e-19
       2.6981782       8.4334069   6.7794106e-19   2.9860952e-19
       2.6997729       8.4395376   6.7826031e-19   2.9835239e-19
       2.7013675       8.4456859   6.7858040e-19   2.9809493e-19
       2.7029622       8.4518520   6.7890133e-19   2.9783714e-19
       2.7045569       8.4580360   6.7922311e-19   2.9757901e-19
       2.7061515       8.4642380   6.7954574e-19   2.9732055e-19
       2.7077462       8.4704580   6.7986923e-19   2.9706175e-19
       2.7093409       8.4766962   6.8019358e-19   2.9680260e-19
       2.7109355       8.4829526   6.8051879e-19   2.9654312e-19
       2.7125302       8.4892274   6.8084487e-19   2.9628330e-19
       2.7141249       8.4955207   6.8117182e-19   2.9602314e-19
       2.7157195       8.5018324   6.8149966e-19   2.9576263e-19
       2.7173142       8.5081628   6.8182837e-19   2.9550178e-19
       2.7189089       8.5145120   6.8215797e-19   2.9524058e-19
       2.7205035       8.5208799   6.8248846e-19   2.9497903e-19
       2.7220982       8.5272668   6.8281984e-19   2.9471713e-19
       2.7236929       8.5336727   6.8315212e-19   2.9445489e-19
       2.7252875       8.5400978   6.8348531e-19   2.9419229e-19
       2.7268822       8.5465421   6.8381941e-19   2.9392934e-19
       2.7284769       8.5530057   6.8415442e-19   2.9366604e-19
       2.7300715       8.5594887   6.8449034e-19   2.9340238e-19
       2.7316662       8.5659913   6.8482719e-19   2.9313836e-19
       2.7332609       8.5725135   6.8516497e-19   2.9287399e-19
       2.7348556       8.5790555   6.8550367e-19   2.9260926e-19
       2.7364502       8.5856173   6.8584332e-19   2.9234417e-19
       2.7380449       8.5921990   6.8618390e-19   2.9207871e-19
       2.7396396       8.5988009   6.8652543e-19   2.9181289e-19
       2.7412342       8.6054229   6.8686791e-19   2.9154671e-19
       2.7428289       8.6120652   6.8721135e-19   2.9128016e-19
       2.7444236       8.6187279   6.8755575e-19   2.9101324e-19
       2.7460182       8.6254111   6.8790111e-19   2.9074596e-19
       2.7476129       8.6321149   6.8824745e-19   2.9047830e-19
       2.7492076       8.6388394   6.8859476e-19   2.9021028e-19
       2.7508022       8.6455848   6.8894305e-19   2.8994188e-19
       2.7523969       8.6523511   6.8929232e-19   2.8967310e-19
       2.7539916       8.6591385   6.8964259e-19   2.8940395e-19
       2.7555862       8.6659471   6.8999385e-19   2.8913443e-19
       2.7571809       8.6727770   6.9034612e-19   2.8886452e-19
       2.7587756       8.6796283   6.9069939e-19   2.8859423e-19
       2.7603702       8.6865012   6.9105367e-19   2.8832357e-19
       2.7619649       8.6933957   6.9140897e-19   2.8805251e-19
       2.7635596       8.7003120   6.9176530e-19   2.8778108e-19
       2.7651542       8.7072502   6.9212265e-19   2.8750926e-19
       2.7667489       8.7142104   6.9248103e-19   2.8723705e-19
       2.7683436       8.7211928   6.9284046e-19   2.8696445e-19
       2.7699382       8.7281975   6.9320093e-19   2.8669146e-19
       2.7715329       8.7352245   6.9356245e-19   2.8641807e-19
       2.7731276       8.7422741   6.9392502e-19   2.8614430e-19
       2.7747223       8.7493463   6.9428866e-19   2.8587013e-19
       2.7763169       8.7564413   6.9465337e-19   2.8559556e-19
       2.7779116       8.7635593   6.9501914e-19   2.8532059e-19
       2.7795063       8.7707002   6.9538600e-19   2.8504522e-19
       2.7811009       8.7778644   6.9575395e-19   2.8476945e-19
       2.7826956       8.7850519   6.9612298e-19   2.8449328e-19
       2.7842903       8.7922628   6.9649311e-19   2.8421670e-19
       2.7858849       8.7994972   6.9686434e-19   2.8393972e-19
       2.7874796       8.8067554   6.9723669e-19   2.8366233e-19
       2.7890743       8.8140375   6.9761014e-19   2.8338452e-19
       2.7906689       8.8213435   6.9798472e-19   2.8310631e-19
       2.7922636       8.8286737   6.9836043e-19   2.8282768e-19
       2.7938583       8.8360282   6.9873727e-19   2.8254864e-19
       2.7954529       8.8434070   6.9911525e-19   2.8226918e-19
       2.7970476       8.8508105   6.9949438e-19   2.8198930e-19
       2.7986423       8.8582386   6.9987466e-19   2.8170901e-19
       2.8002369       8.8656916   7.0025610e-19   2.8142829e-19
       2.8018316       8.8731695   7.0063870e-19   2.8114714e-19
       2.8034263       8.8806727   7.0102248e-19   2.8086558e-19
       2.8050209       8.8882011   7.0140744e-19   2.8058358e-19
       2.8066156       8.8957549   7.0179358e-19   2.8030116e-19
       2.8082103       8.9033344   7.0218092e-19   2.8001830e-19
       2.8098049       8.9109396   7.0256945e-19   2.7973501e-19
       2.8113996       8.9185707   7.0295919e-19   2.7945129e-19
       2.8129943       8.9262279   7.0335015e-19   2.7916713e-19
       2.8145890       8.9339113   7.0374232e-19   2.7888254e-19
       2.8161836       8.9416211   7.0413573e-19   2.7859750e-19
       2.8177783       8.9493574   7.0453036e-19   2.7831202e-19
       2.8193730       8.9571204   7.0492624e-19   2.7802610e-19
       2.8209676       8.9649103   7.0532337e-19   2.7773974e-19
       2.8225623       8.9727272   7.0572175e-19   2.7745292e-19
       2.8241570       8.9805713   7.0612140e-19   2.7716566e-19
       2.8257516       8.9884428   7.0652232e-19   2.7687794e-19
       2.8273463       8.9963418   7.0692451e-19   2.7658978e-19
       2.8289410       9.0042685   7.0732799e-19   2.7630115e-19
       2.8305356       9.0122230   7.0773277e-19   2.7601207e-19
       2.8321303       9.0202057   7.0813884e-19   2.7572253e-19
       2.8337250       9.0282165   7.0854623e-19   2.7543253e-19
       2.8353196       9.0362558   7.0895493e-19   2.7514207e-19
       2.8369143       9.0443236   7.0936496e-19   2.7485114e-19
       2.8385090       9.0524202   7.0977631e-19   2.7455974e-19
       2.8401036       9.0605457   7.1018901e-19   2.7426788e-19
       2.8416983       9.0687004   7.1060306e-19   2.7397554e-19
       2.8432930       9.0768843   7.1101846e-19   2.7368273e-19
       2.8448876       9.0850978   7.1143523e-19   2.7338944e-19
       2.8464823       9.0933409   7.1185337e-19   2.7309568e-19
       2.8480770       9.1016139   7.1227290e-19   2.7280144e-19
       2.8496716       9.1099170   7.1269381e-19   2.7250671e-19
       2.8512663       9.1182503   7.1311612e-19   2.7221150e-19
       2.8528610       9.1266141   7.1353984e-19   2.7191580e-19
       2.8544556       9.1350085   7.1396498e-19   2.7161962e-19
       2.8560503       9.1434338   7.1439154e-19   2.7132294e-19
       2.8576450       9.1518901   7.1481953e-19   2.7102578e-19
       2.8592397       9.1603777   7.1524896e-19   2.7072811e-19
       2.8608343       9.1688967   7.1567985e-19   2.7042995e-19
       2.8624290       9.1774474   7.1611220e-19   2.7013129e-19
       2.8640237       9.1860300   7.1654601e-19   2.6983213e-19
       2.8656183       9.1946447   7.1698131e-19   2.6953246e-19
       2.8672130       9.2032916   7.1741809e-19   2.6923228e-19
       2.8688077       9.2119711   7.1785637e-19   2.6893160e-19
       2.8704023       9.2206833   7.1829616e-19   2.6863040e-19
       2.8719970       9.2294284   7.1873746e-19   2.6832870e-19
       2.8735917       9.2382067   7.1918029e-19   2.6802647e-19
       2.8751863       9.2470184   7.1962465e-19   2.6772373e-19
       2.8767810       9.2558637   7.2007056e-19   2.6742046e-19
       2.8783757       9.2647428   7.2051803e-19   2.6711667e-19
       2.8799703       9.2736560   7.2096706e-19   2.6681236e-19
       2.8815650       9.2826035   7.2141767e-19   2.6650751e-19
       2.8831597       9.2915856   7.2186987e-19   2.6620214e-19
       2.8847543       9.3006024   7.2232366e-19   2.6589623e-19
       2.8863490       9.3096542   7.2277906e-19   2.6558978e-19
       2.8879437       9.3187413   7.2323607e-19   2.6528280e-19
       2.8895383       9.3278639   7.2369472e-19   2.6497527e-19
       2.8911330       9.3370222   7.2415500e-19   2.6466720e-19
       2.8927277       9.3462165   7.2461693e-19   2.6435859e-19
       2.8943223       9.3554471   7.2508052e-19   2.6404942e-19
       2.8959170       9.3647141   7.2554579e-19   2.6373970e-19
       2.8975117       9.3740179   7.2601274e-19   2.6342943e-19
       2.8991064       9.3833587   7.2648138e-19   2.6311860e-19
       2.9007010       9.3927367   7.2695172e-19   2.6280721e-19
       2.9022957       9.4021523   7.2742379e-19   2.6249526e-19
       2.9038904       9.4116057   7.2789758e-19   2.6218274e-19
       2.9054850       9.4210971   7.2837311e-19   2.6186965e-19
       2.9070797       9.4306269   7.2885039e-19   2.6155599e-19
       2.9086744       9.4401953   7.2932944e-19   2.6124176e-19
       2.9102690       9.4498026   7.2981027e-19   2.6092695e-19
       2.9118637       9.4594491   7.3029288e-19   2.6061156e-19
       2.9134584       9.4691350   7.3077729e-19   2.6029558e-19
       2.9150530       9.4788606   7.3126352e-19   2.5997902e-19
       2.9166477       9.4886263   7.3175157e-19   2.5966187e-19
       2.9182424       9.4984323   7.3224146e-19   2.5934413e-19
       2.9198370       9.5082789   7.3273320e-19   2.5902579e-19
       2.9214317       9.5181664   7.3322680e-19   2.5870686e-19
       2.9230264       9.5280951   7.3372228e-19   2.5838732e-19
       2.9246210       9.5380654   7.3421965e-19   2.5806718e-19
       2.9262157       9.5480775   7.3471893e-19   2.5774643e-19
       2.9278104       9.5581317   7.3522012e-19   2.5742507e-19
       2.9294050       9.5682284   7.3572324e-19   2.5710310e-19
       2.9309997       9.5783678   7.3622831e-19   2.5678051e-19
       2.9325944       9.5885503   7.3673534e-19   2.5645730e-19
       2.9341890       9.5987763   7.3724434e-19   2.5613347e-19
       2.9357837       9.6090460   7.3775532e-19   2.5580901e-19
       2.9373784       9.6193597   7.3826831e-19   2.5548392e-19
       2.9389731       9.6297179   7.3878331e-19   2.5515819e-19
       2.9405677       9.6401208   7.3930034e-19   2.5483183e-19
       2.9421624       9.6505688   7.3981942e-19   2.5450483e-19
       2.9437571       9.6610623   7.4034055e-19   2.5417719e-19
       2.9453517       9.6716015   7.4086376e-19   2.5384889e-19
       2.9469464       9.6821869   7.4138906e-19   2.5351995e-19
       2.9485411       9.6928188   7.4191647e-19   2.5319035e-19
       2.9501357       9.7034976   7.4244600e-19   2.5286010e-19
       2.9517304       9.7142236   7.4297767e-19   2.5252918e-19
       2.9533251       9.7249972   7.4351149e-19   2.5219760e-19
       2.9549197       9.7358188   7.4404747e-19   2.5186534e-19
       2.9565144       9.7466887   7.4458565e-19   2.5153242e-19
       2.9581091       9.7576073   7.4512603e-19   2.5119882e-19
       2.9597037       9.7685751   7.4566862e-19   2.5086454e-19
       2.9612984       9.7795925   7.4621345e-19   2.5052957e-19
       2.9628931       9.7906597   7.4676054e-19   2.5019392e-19
       2.9644877       9.8017772   7.4730989e-19   2.4985758e-19
       2.9660824       9.8129455   7.4786153e-19   2.4952054e-19
       2.9676771       9.8241649   7.4841548e-19   2.4918280e-19
       2.9692717       9.8354358   7.4897175e-19   2.4884436e-19
       2.9708664       9.8467588   7.4953036e-19   2.4850521e-19
       2.9724611       9.8581341   7.5009133e-19   2.4816535e-19
       2.9740557       9.8695622   7.5065468e-19   2.4782477e-19
       2.9756504       9.8810436   7.5122042e-19   2.4748347e-19
       2.9772451       9.8925787   7.5178858e-19   2.4714145e-19
       2.9788398       9.9041679   7.5235917e-19   2.4679871e-19
       2.9804344       9.9158117   7.5293222e-19   2.4645522e-19
       2.9820291       9.9275106   7.5350774e-19   2.4611101e-19
       2.9836238       9.9392650   7.5408575e-19   2.4576605e-19
       2.9852184       9.9510754   7.5466628e-19   2.4542034e-19
       2.9868131       9.9629422   7.5524934e-19   2.4507389e-19
       2.9884078       9.9748660   7.5583495e-19   2.4472668e-19
       2.9900024       9.9868472   7.5642314e-19   2.4437871e-19
       2.9915971       9.9988863   7.5701392e-19   2.4402998e-19
       2.9931918       10.010984   7.5760732e-19   2.4368049e-19
       2.9947864       10.023140   7.5820336e-19   2.4333022e-19
       2.9963811       10.035356   7.5880206e-19   2.4297917e-19
       2.9979758       10.047632   7.5940343e-19   2.4262734e-19
       2.9995704       10.059968   7.6000752e-19   2.4227472e-19
       3.0011651       10.072365   7.6061433e-19   2.4192131e-19
       3.0027598       10.084824   7.6122389e-19   2.4156711e-19
       3.0043544       10.097345   7.6183622e-19   2.4121210e-19
       3.0059491       10.109928   7.6245134e-19   2.4085629e-19
       3.0075438       10.122575   7.6306929e-19   2.4049967e-19
       3.0091384       10.135285   7.6369008e-19   2.4014223e-19
       3.0107331       10.148060   7.6431374e-19   2.3978396e-19
       3.0123278       10.160899   7.6494029e-19   2.3942488e-19
       3.0139224       10.173804   7.6556975e-19   2.3906496e-19
       3.0155171       10.186775   7.6620216e-19   2.3870420e-19
       3.0171118       10.199812   7.6683754e-19   2.3834260e-19
       3.0187064       10.212917   7.6747591e-19   2.3798015e-19
       3.0203011       10.226090   7.6811730e-19   2.3761685e-19
       3.0218958       10.239331   7.6876173e-19   2.3725269e-19
       3.0234905       10.252642   7.6940924e-19   2.3688766e-19
       3.0250851       10.266022   7.7005985e-19   2.3652177e-19
       3.0266798       10.279473   7.7071359e-19   2.3615500e-19
       3.0282745       10.292994   7.7137048e-19   2.3578734e-19
       3.0298691       10.306588   7.7203055e-19   2.3541881e-19
       3.0314638       10.320254   7.7269384e-19   2.3504937e-19
       3.0330585       10.333992   7.7336037e-19   2.3467904e-19
       3.0346531       10.347805   7.7403017e-19   2.3430780e-19
       3.0362478       10.361693   7.7470327e-19   2.3393565e-19
       3.0378425       10.375655   7.7537970e-19   2.3356259e-19
       3.0394371       10.389693   7.7605949e-19   2.3318860e-19
       3.0410318       10.403809   7.7674267e-19   2.3281368e-19
       3.0426265       10.418001   7.7742928e-19   2.3243782e-19
       3.0442211       10.432272   7.7811934e-19   2.3206103e-19
       3.0458158       10.446622   7.7881289e-19   2.3168328e-19
       3.0474105       10.461051   7.7950995e-19   2.3130458e-19
       3.0490051       10.475561   7.8021058e-19   2.3092491e-19
       3.0505998       10.490152   7.8091478e-19   2.3054428e-19
       3.0521945       10.504826   7.8162261e-19   2.3016267e-19
       3.0537891       10.519582   7.8233410e-19   2.2978007e-19
       3.0553838       10.534422   7.8304927e-19   2.2939649e-19
       3.0569785       10.549347   7.8376817e-19   2.2901192e-19
       3.0585731       10.564357   7.8449083e-19   2.2862633e-19
       3.0601678       10.579453   7.8521729e-19   2.2823974e-19
       3.0617625       10.594637   7.8594759e-19   2.2785213e-19
       3.0633572       10.609909   7.8668176e-19   2.2746350e-19
       3.0649518       10.625270   7.8741984e-19   2.2707383e-19
       3.0665465       10.640720   7.8816186e-19   2.2668312e-19
       3.0681412       10.656262   7.8890788e-19   2.2629136e-19
       3.0697358       10.671896   7.8965793e-19   2.2589855e-19
       3.0713305       10.687622   7.9041204e-19   2.2550467e-19
       3.0729252       10.703442   7.9117027e-19   2.2510973e-19
       3.0745198       10.719357   7.9193264e-19   2.2471370e-19
       3.0761145       10.735368   7.9269921e-19   2.2431659e-19
       3.0777092       10.751475   7.9347002e-19   2.2391838e-19
       3.0793038       10.767680   7.9424510e-19   2.2351907e-19
       3.0808985       10.783985   7.9502451e-19   2.2311864e-19
       3.0824932       10.800389   7.9580829e-19   2.2271710e-19
       3.0840878       10.816894   7.9659648e-19   2.2231442e-19
       3.0856825       10.833502   7.9738913e-19   2.2191061e-19
       3.0872772       10.850212   7.9818629e-19   2.2150565e-19
       3.0888718       10.867028   7.9898800e-19   2.2109954e-19
       3.0904665       10.883948   7.9979432e-19   2.2069226e-19
       3.0920612       10.900976   8.0060528e-19   2.2028380e-19
       3.0936558       10.918112   8.0142095e-19   2.1987417e-19
       3.0952505       10.935356   8.0224137e-19   2.1946334e-19
       3.0968452       10.952712   8.0306659e-19   2.1905131e-19
       3.0984398       10.970178   8.0389667e-19   2.1863806e-19
       3.1000345       10.987758   8.0473166e-19   2.1822360e-19
       3.1016292       11.005453   8.0557161e-19   2.1780791e-19
       3.1032239       11.023262   8.0641658e-19   2.1739097e-19
       3.1048185       11.041189   8.0726662e-19   2.1697278e-19
       3.1064132       11.059234   8.0812179e-19   2.1655334e-19
       3.1080079       11.077399   8.0898215e-19   2.1613261e-19
       3.1096025       11.095685   8.0984775e-19   2.1571061e-19
       3.1111972       11.114093   8.1071865e-19   2.1528732e-19
       3.1127919       11.132625   8.1159492e-19   2.1486271e-19
       3.1143865       11.151283   8.1247662e-19   2.1443680e-19
       3.1159812       11.170068   8.1336381e-19   2.1400956e-19
       3.1175759       11.188981   8.1425654e-19   2.1358098e-19
       3.1191705       11.208025   8.1515490e-19   2.1315105e-19
       3.1207652       11.227200   8.1605894e-19   2.1271976e-19
       3.1223599       11.246508   8.1696872e-19   2.1228710e-19
       3.1239545       11.265952   8.1788432e-19   2.1185305e-19
       3.1255492       11.285532   8.1880581e-19   2.1141761e-19
       3.1271439       11.305251   8.1973325e-19   2.1098076e-19
       3.1287385       11.325109   8.2066672e-19   2.1054249e-19
       3.1303332       11.345110   8.2160629e-19   2.1010278e-19
       3.1319279       11.365254   8.2255204e-19   2.0966163e-19
       3.1335225       11.385543   8.2350403e-19   2.0921902e-19
       3.1351172       11.405980   8.2446235e-19   2.0877493e-19
       3.1367119       11.426567   8.2542708e-19   2.0832936e-19
       3.1383065       11.447304   8.2639829e-19   2.0788229e-19
       3.1399012       11.468195   8.2737606e-19   2.0743370e-19
       3.1414959       11.489241   8.2836048e-19   2.0698359e-19
       3.1430906       11.510444   8.2935163e-19   2.0653194e-19
       3.1446852       11.531807   8.3034960e-19   2.0607872e-19
       3.1462799       11.553331   8.3135447e-19   2.0562394e-19
       3.1478746       11.575018   8.3236634e-19   2.0516757e-19
       3.1494692       11.596872   8.3338528e-19   2.0470961e-19
       3.1510639       11.618894   8.3441140e-19   2.0425002e-19
       3.1526586       11.641086   8.3544479e-19   2.0378880e-19
       3.1542532       11.663451   8.3648555e-19   2.0332594e-19
       3.1558479       11.685991   8.3753376e-19   2.0286141e-19
       3.1574426       11.708709   8.3858954e-19   2.0239520e-19
       3.1590372       11.731607   8.3965298e-19   2.0192729e-19
       3.1606319       11.754688   8.4072419e-19   2.0145767e-19
       3.1622266       11.777954   8.4180326e-19   2.0098632e-19
       3.1638212       11.801408   8.4289032e-19   2.0051322e-19
       3.1654159       11.825053   8.4398546e-19   2.0003836e-19
       3.1670106       11.848891   8.4508881e-19   1.9956171e-19
       3.1686052       11.872925   8.4620047e-19   1.9908326e-19
       3.1701999       11.897158   8.4732055e-19   1.9860298e-19
       3.1717946       11.921594   8.4844919e-19   1.9812087e-19
       3.1733892       11.946234   8.4958650e-19   1.9763690e-19
       3.1749839       11.971083   8.5073261e-19   1.9715105e-19
       3.1765786       11.996143   8.5188763e-19   1.9666330e-19
       3.1781732       12.021417   8.5305171e-19   1.9617363e-19
       3.1797679       12.046909   8.5422497e-19   1.9568203e-19
       3.1813626       12.072622   8.5540754e-19   1.9518846e-19
       3.1829572       12.098559   8.5659957e-19   1.9469291e-19
       3.1845519       12.124725   8.5780119e-19   1.9419536e-19
       3.1861466       12.151122   8.5901255e-19   1.9369578e-19
       3.1877413       12.177754   8.6023380e-19   1.9319415e-19
       3.1893359       12.204625   8.6146508e-19   1.9269045e-19
       3.1909306       12.231739   8.6270655e-19   1.9218466e-19
       3.1925253       12.259099   8.6395837e-19   1.9167675e-19
       3.1941199       12.286711   8.6522069e-19   1.9116669e-19
       3.1957146       12.314577   8.6649369e-19   1.9065447e-19
       3.1973093       12.342702   8.6777751e-19   1.9014006e-19
       3.1989039       12.371090   8.6907235e-19   1.8962343e-19
       3.2004986       12.399746   8.7037838e-19   1.8910455e-19
       3.2020933       12.428674   8.7169576e-19   1.8858340e-19
       3.2036879       12.457879   8.7302470e-19   1.8805996e-19
       3.2052826       12.487365   8.7436537e-19   1.8753419e-19
       3.2068773       12.517138   8.7571797e-19   1.8700607e-19
       3.2084719       12.547201   8.7708270e-19   1.8647556e-19
       3.2100666       12.577562   8.7845976e-19   1.8594265e-19
       3.2116613       12.608224   8.7984936e-19   1.8540729e-19
       3.2132559       12.639193   8.8125170e-19   1.8486946e-19
       3.2148506       12.670474   8.8266702e-19   1.8432913e-19
       3.2164453       12.702073   8.8409552e-19   1.8378626e-19
       3.2180399       12.733997   8.8553744e-19   1.8324082e-19
       3.2196346       12.766250   8.8699301e-19   1.8269278e-19
       3.2212293       12.798839   8.8846248e-19   1.8214211e-19
       3.2228239       12.831770   8.8994609e-19   1.8158877e-19
       3.2244186       12.865049   8.9144410e-19   1.8103273e-19
       3.2260133       12.898684   8.9295676e-19   1.8047394e-19
       3.2276080       12.932680   8.9448434e-19   1.7991238e-19
       3.2292026       12.967046   8.9602712e-19   1.7934801e-19
       3.2307973       13.001787   8.9758537e-19   1.7878078e-19
       3.2323920       13.036912   8.9915939e-19   1.7821065e-19
       3.2339866       13.072427   9.0074947e-19   1.7763760e-19
       3.2355813       13.108342   9.0235593e-19   1.7706157e-19
       3.2371760       13.144663   9.0397906e-19   1.7648252e-19
       3.2387706       13.181398   9.0561921e-19   1.7590042e-19
       3.2403653       13.218558   9.0727669e-19   1.7531521e-19
       3.2419600       13.256149   9.0895184e-19   1.7472686e-19
       3.2435546       13.294181   9.1064503e-19   1.7413531e-19
       3.2451493       13.332664   9.1235661e-19   1.7354052e-19
       3.2467440       13.371607   9.1408696e-19   1.7294244e-19
       3.2483386       13.411019   9.1583645e-19   1.7234102e-19
       3.2499333       13.450911   9.1760549e-19   1.7173621e-19
       3.2515280       13.491294   9.1939448e-19   1.7112795e-19
       3.2531226       13.532177   9.2120383e-19   1.7051620e-19
       3.2547173       13.573573   9.2303399e-19   1.6990090e-19
       3.2563120       13.615492   9.2488539e-19   1.6928200e-19
       3.2579066       13.657947   9.2675851e-19   1.6865942e-19
       3.2595013       13.700950   9.2865380e-19   1.6803313e-19
       3.2610960       13.744513   9.3057177e-19   1.6740305e-19
       3.2626906       13.788650   9.3251291e-19   1.6676913e-19
       3.2642853       13.833373   9.3447776e-19   1.6613129e-19
       3.2658800       13.878698   9.3646684e-19   1.6548948e-19
       3.2674747       13.924638   9.3848073e-19   1.6484362e-19
       3.2690693       13.971209   9.4051999e-19   1.6419365e-19
       3.2706640       14.018425   9.4258522e-19   1.6353950e-19
       3.2722587       14.066304   9.4467704e-19   1.6288109e-19
       3.2738533       14.114861   9.4679609e-19   1.6221835e-19
       3.2754480       14.164114   9.4894303e-19   1.6155119e-19
       3.2770427       14.214081   9.5111854e-19   1.6087955e-19
       3.2786373       14.264780   9.5332334e-19   1.6020333e-19
       3.2802320       14.316231   9.5555816e-19   1.5952246e-19
       3.2818267       14.368453   9.5782376e-19   1.5883683e-19
       3.2834213       14.421468   9.6012094e-19   1.5814638e-19
       3.2850160       14.475296   9.6245052e-19   1.5745099e-19
       3.2866107       14.529960   9.6481335e-19   1.5675059e-19
       3.2882053       14.585484   9.6721032e-19   1.5604506e-19
       3.2898000       14.641892   9.6964234e-19   1.5533430e-19
       3.2913947       14.699208   9.7211039e-19   1.5461822e-19
       3.2929893       14.757460   9.7461545e-19   1.5389669e-19
       3.2945840       14.816675   9.7715857e-19   1.5316962e-19
       3.2961787       14.876881   9.7974082e-19   1.5243688e-19
       3.2977733       14.938108   9.8236333e-19   1.5169835e-19
       3.2993680       15.000387   9.8502727e-19   1.5095391e-19
       3.3009627       15.063751   9.8773387e-19   1.5020343e-19
       3.3025573       15.128233   9.9048441e-19   1.4944678e-19
       3.3041520       15.193870   9.9328021e-19   1.4868381e-19
       3.3057467       15.260698   9.9612268e-19   1.4791439e-19
       3.3073414       15.328755   9.9901327e-19   1.4713837e-19
       3.3089360       15.398084   1.0019535e-18   1.4635558e-19
       3.3105307       15.468726   1.0049450e-18   1.4556588e-19
       3.3121254       15.540726   1.0079894e-18   1.4476910e-19
       3.3137200       15.614132   1.0110884e-18   1.4396506e-19
       3.3153147       15.688992   1.0142440e-18   1.4315358e-19
       3.3169094       15.765358   1.0174580e-18   1.4233447e-19
       3.3185040       15.843285   1.0207324e-18   1.4150755e-19
       3.3200987       15.922831   1.0240695e-18   1.4067261e-19
       3.3216934       16.004056   1.0274714e-18   1.3982943e-19
       3.3232880       16.087024   1.0309404e-18   1.3897780e-19
       3.3248827       16.171802   1.0344792e-18   1.3811748e-19
       3.3264774       16.258461   1.0380903e-18   1.3724824e-19
       3.3280720       16.347078   1.0417764e-18   1.3636982e-19
       3.3296667       16.437731   1.0455406e-18   1.3548196e-19
       3.3312614       16.530504   1.0493859e-18   1.3458438e-19
       3.3328560       16.625488   1.0533155e-18   1.3367680e-19
       3.3344507       16.722778   1.0573330e-18   1.3275891e-19
       3.3360454       16.822474   1.0614421e-18   1.3183039e-19
       3.3376400       16.924685   1.0656467e-18   1.3089091e-19
       3.3376400       17.063038   1.1224086e-18   1.3582038e-19
       3.3392347       17.170707   1.1624620e-18   1.3905431e-19
       3.3408294       17.287429   1.2033461e-18   1.4216809e-19
       3.3424240       17.413933   1.2450058e-18   1.4513688e-19
       3.3440187       17.551000   1.2873773e-18   1.4793458e-19
       3.3456134       17.699465   1.3303866e-18   1.5053411e-19
       3.3472080       17.860215   1.3739500e-18   1.5290769e-19
       3.3488027       18.034196   1.4179735e-18   1.5502723e-19
       3.3503974       18.222410   1.4623531e-18   1.5686483e-19
       3.3519921       18.425914   1.5069746e-18   1.5839326e-19
       3.3535867       18.645819   1.5517145e-18   1.5958660e-19
       3.3551814       18.883290   1.5964400e-18   1.6042087e-19
       3.3567761       19.139537   1.6410108e-18   1.6087472e-19
       3.3583707       19.415811   1.6852797e-18   1.6093017e-19
       3.3599654       19.713396   1.7290940e-18   1.6057328e-19
       3.3615601       20.033593   1.7722978e-18   1.5979486e-19
       3.3631547       20.377711   1.8147334e-18   1.5859102e-19
       3.3647494       20.747043   1.8562432e-18   1.5696367e-19
       3.3663441       21.142845   1.8966721e-18   1.5492088e-19
       3.3679387       21.566310   1.9358690e-18   1.5247697e-19
       3.3695334       22.018531   1.9736884e-18   1.4965249e-19
       3.3711281       22.500471   2.0099914e-18   1.4647389e-19
       3.3727227       23.012911   2.0446454e-18   1.4297303e-19
       3.3743174       23.556413   2.0775242e-18   1.3918635e-19
       3.3759121       24.131261   2.1085052e-18   1.3515391e-19
       3.3775067       24.737416   2.1374661e-18   1.3091827e-19
       3.3791014       25.374458   2.1642804e-18   1.2652318e-19
       3.3806961       26.041535   2.1888109e-18   1.2201226e-19
       3.3822907       26.737321   2.2109018e-18   1.1742772e-19
       3.3838854       27.459976   2.2303710e-18   1.1280910e-19
       3.3854801       28.207121   2.2470012e-18   1.0819227e-19
       3.3870747       28.975831   2.2605323e-18   1.0360854e-19
       3.3886694       29.762649   2.2706566e-18   9.9084155e-20
       3.3902641       30.563617   2.2770169e-18   9.4640026e-20
       3.3918588       31.374337   2.2792103e-18   9.0291810e-20
       3.3934534       32.190054   2.2768000e-18   8.6050299e-20
       3.3950481       33.005761   2.2693329e-18   8.1922084e-20
       3.3966428       33.816318   2.2563677e-18   7.7910431e-20
       3.3982374       34.616594   2.2375078e-18   7.4016281e-20
       3.3998321       35.401599   2.2124392e-18   7.0239282e-20
       3.4014268       36.166621   2.1809681e-18   6.6578717e-20
       3.4030214       36.907350   2.1430530e-18   6.3034257e-20
       3.4046161       37.619984   2.0988268e-18   5.9606435e-20
       3.4062108       38.301302   2.0486045e-18   5.6296832e-20
       3.4078054       38.948724   1.9928748e-18   5.3107973e-20
       3.4094001       39.560329   1.9322766e-18   5.0043016e-20
       3.4109948       40.134852   1.8675636e-18   4.7105290e-20
       3.4125894       40.671653   1.7995616e-18   4.4297820e-20
       3.4141841       41.170673   1.7291243e-18   4.1622892e-20
       3.4157788       41.632364   1.6570927e-18   3.9081734e-20
       3.4173734       42.057621   1.5842615e-18   3.6674334e-20
       3.4189681       42.447699   1.5113536e-18   3.4399395e-20
       3.4205628       42.804141   1.4390051e-18   3.2254405e-20
       3.4221574       43.128703   1.3677571e-18   3.0235784e-20
       3.4237521       43.423280   1.2980556e-18   2.8339084e-20
       3.4253468       43.689857   1.2302560e-18   2.6559200e-20
       3.4269414       43.930447   1.1646301e-18   2.4890581e-20
       3.4285361       44.147055   1.1013765e-18   2.3327415e-20
       3.4301308       44.341644   1.0406301e-18   2.1863789e-20
       3.4317255       44.516105   9.8247237e-19   2.0493818e-20
       3.4333201       44.672240   9.2694072e-19   1.9211743e-20
       3.4349148       44.811751   8.7403701e-19   1.8012001e-20
       3.4365095       44.936229   8.2373485e-19   1.6889272e-20
       3.4381041       45.047151   7.7598593e-19   1.5838512e-20
       3.4396988       45.145880   7.3072537e-19   1.4854964e-20
       3.4412935       45.233666   6.8787604e-19   1.3934163e-20
       3.4428881       45.311652   6.4735221e-19   1.3071933e-20
       3.4444828       45.380874   6.0906241e-19   1.2264378e-20
       3.4460775       45.442274   5.7291175e-19   1.1507870e-20
       3.4476721       45.496700   5.3880375e-19   1.0799031e-20
       3.4492668       45.544918   5.0664178e-19   1.0134721e-20
       3.4508615       45.587614   4.7633013e-19   9.5120209e-21
       3.4524561       45.625403   4.4777489e-19   8.9282170e-21
       3.4540508       45.658836   4.2088451e-19   8.3807854e-21
       3.4556455       45.688405   3.9557033e-19   7.8673781e-21
       3.4572401       45.714549   3.7174683e-19   7.3858099e-21
       3.4588348       45.737657   3.4933188e-19   6.9340456e-21
       3.4604295       45.758078   3.2824684e-19   6.5101893e-21
       3.4620241       45.776120   3.0841660e-19   6.1124728e-21
       3.4636188       45.792057   2.8976963e-19   5.7392469e-21
       3.4652135       45.806132   2.7223791e-19   5.3889722e-21
       3.4668081       45.818561   2.5575684e-19   5.0602106e-21
       3.4684028       45.829536   2.4026524e-19   4.7516187e-21
       3.4699975       45.839224   2.2570512e-19   4.4619403e-21
       3.4715922       45.847777   2.1202168e-19   4.1900006e-21
       3.4731868       45.855326   1.9916312e-19   3.9347001e-21
       3.4747815       45.861989   1.8708052e-19   3.6950099e-21
       3.4763762       45.867869   1.7572773e-19   3.4699662e-21
       3.4779708       45.873058   1.6506122e-19   3.2586665e-21
       3.4795655       45.877637   1.5503995e-19   3.0602650e-21
       3.4811602       45.881678   1.4562529e-19   2.8739691e-21
       3.4827548       45.885243   1.3678082e-19   2.6990357e-21
       3.4843495       45.888389   1.2847227e-19   2.5347681e-21
       3.4859442       45.891164   1.2066738e-19   2.3805131e-21
       3.4875388       45.893613   1.1333580e-19   2.2356577e-21
       3.4891335       45.895773   1.0644897e-19   2.0996271e-21
       3.4907282       45.897679   9.9980026e-20   1.9718819e-21
       3.4923228       45.899361   9.3903721e-20   1.8519160e-21
       3.4939175       45.900844   8.8196303e-20   1.7392545e-21
       3.4955122       45.902152   8.2835448e-20   1.6334516e-21
       3.4971068       45.903307   7.7800167e-20   1.5340890e-21
       3.4987015       45.904325   7.3070736e-20   1.4407740e-21
       3.5002962       45.905223   6.8628616e-20   1.3531378e-21
       3.5018908       45.906016   6.4456385e-20   1.2708345e-21
       3.5034855       45.906715   6.0537673e-20   1.1935391e-21
       3.5050802       45.907332   5.6857096e-20   1.1209465e-21
       3.5066748       45.907876   5.3400204e-20   1.0527705e-21
       3.5082695       45.908355   5.0153415e-20   9.8874199e-22
       3.5098642       45.908779   4.7103974e-20   9.2860854e-22
       3.5114588       45.909152   4.4239895e-20   8.7213304e-22
       3.5130535       45.909481   4.1549920e-20   8.1909285e-22
       3.5146482       45.909772   3.9023473e-20   7.6927889e-22
       3.5162429       45.910028   3.6650617e-20   7.2249484e-22
       3.5178375       45.910254   3.4422021e-20   6.7855633e-22
       3.5194322       45.910453   3.2328919e-20   6.3729024e-22
       3.5210269       45.910629   3.0363076e-20   5.9853396e-22
       3.5226215       45.910785   2.8516757e-20   5.6213481e-22
       3.5242162       45.910921   2.6782699e-20   5.2794940e-22
       3.5258109       45.911042   2.5154076e-20   4.9584306e-22
       3.5274055       45.911149   2.3624480e-20   4.6568933e-22
       3.5290002       45.911242   2.2187891e-20   4.3736943e-22
       3.5305949       45.911325   2.0838655e-20   4.1077183e-22
       3.5321895       45.911398   1.9571461e-20   3.8579176e-22
       3.5337842       45.911463   1.8381321e-20   3.6233084e-22
       3.5353789       45.911520   1.7263551e-20   3.4029668e-22
       3.5369735       45.911570   1.6213750e-20   3.1960251e-22
       3.5385682       45.911614   1.5227785e-20   3.0016682e-22
       3.5401629       45.911653   1.4301776e-20   2.8191309e-22
       3.5417575       45.911688   1.3432076e-20   2.6476941e-22
       3.5433522       45.911718   1.2615262e-20   2.4866830e-22
       3.5449469       45.911745   1.1848118e-20   2.3354634e-22
       3.5465415       45.911768   1.1127624e-20   2.1934398e-22
       3.5481362       45.911789   1.0450943e-20   2.0600531e-22
       3.5497309       45.911808   9.8154115e-21   1.9347779e-22
       3.5513255       45.911824   9.2185265e-21   1.8171209e-22
       3.5529202       45.911838   8.6579383e-21   1.7066189e-22
