    0.0011483574       5.0038202   4.7505752e-19   5.5420865e-19
     0.012631931       5.0091198   4.7538578e-19   5.5351637e-19
     0.024115505       5.0144407   4.7571523e-19   5.5282291e-19
     0.035599079       5.0197830   4.7604589e-19   5.5212826e-19
     0.047082652       5.0251468   4.7637775e-19   5.5143243e-19
     0.058566226       5.0305324   4.7671084e-19   5.5073541e-19
     0.070049800       5.0359399   4.7704515e-19   5.5003718e-19
     0.081533373       5.0413694   4.7738069e-19   5.4933774e-19
     0.093016947       5.0468212   4.7771747e-19   5.4863710e-19
      0.10450052       5.0522952   4.7805551e-19   5.4793523e-19
      0.11598409       5.0577918   4.7839481e-19   5.4723214e-19
      0.12746767       5.0633111   4.7873537e-19   5.4652783e-19
      0.13895124       5.0688532   4.7907721e-19   5.4582227e-19
      0.15043482       5.0744184   4.7942034e-19   5.4511548e-19
      0.16191839       5.0800067   4.7976476e-19   5.4440743e-19
      0.17340196       5.0856183   4.8011048e-19   5.4369813e-19
      0.18488554       5.0912535   4.8045752e-19   5.4298757e-19
      0.19636911       5.0969124   4.8080588e-19   5.4227575e-19
      0.20785268       5.1025951   4.8115556e-19   5.4156265e-19
      0.21933626       5.1083019   4.8150659e-19   5.4084827e-19
      0.23081983       5.1140328   4.8185897e-19   5.4013260e-19
      0.24230341       5.1197882   4.8221270e-19   5.3941565e-19
      0.25378698       5.1255682   4.8256781e-19   5.3869739e-19
      0.26527055       5.1313729   4.8292429e-19   5.3797783e-19
      0.27675413       5.1372026   4.8328216e-19   5.3725696e-19
      0.28823770       5.1430574   4.8364143e-19   5.3653476e-19
      0.29972127       5.1489376   4.8400210e-19   5.3581125e-19
      0.31120485       5.1548432   4.8436420e-19   5.3508640e-19
      0.32268842       5.1607746   4.8472772e-19   5.3436021e-19
      0.33417200       5.1667319   4.8509268e-19   5.3363267e-19
      0.34565557       5.1727153   4.8545909e-19   5.3290378e-19
      0.35713914       5.1787250   4.8582696e-19   5.3217353e-19
      0.36862272       5.1847612   4.8619629e-19   5.3144192e-19
      0.38010629       5.1908241   4.8656711e-19   5.3070893e-19
      0.39158986       5.1969140   4.8693942e-19   5.2997456e-19
      0.40307344       5.2030310   4.8731323e-19   5.2923879e-19
      0.41455701       5.2091753   4.8768856e-19   5.2850164e-19
      0.42604058       5.2153472   4.8806541e-19   5.2776307e-19
      0.43752416       5.2215469   4.8844380e-19   5.2702310e-19
      0.44900773       5.2277746   4.8882373e-19   5.2628171e-19
      0.46049131       5.2340304   4.8920523e-19   5.2553889e-19
      0.47197488       5.2403148   4.8958829e-19   5.2479464e-19
      0.48345845       5.2466277   4.8997294e-19   5.2404895e-19
      0.49494203       5.2529696   4.9035918e-19   5.2330181e-19
      0.50642560       5.2593407   4.9074703e-19   5.2255321e-19
      0.51790917       5.2657410   4.9113650e-19   5.2180314e-19
      0.52939275       5.2721710   4.9152760e-19   5.2105160e-19
      0.54087632       5.2786308   4.9192034e-19   5.2029858e-19
      0.55235990       5.2851207   4.9231475e-19   5.1954407e-19
      0.56384347       5.2916410   4.9271082e-19   5.1878806e-19
      0.57532704       5.2981918   4.9310857e-19   5.1803055e-19
      0.58681062       5.3047734   4.9350802e-19   5.1727152e-19
      0.59829419       5.3113861   4.9390917e-19   5.1651096e-19
      0.60977776       5.3180302   4.9431205e-19   5.1574888e-19
      0.62126134       5.3247058   4.9471667e-19   5.1498526e-19
      0.63274491       5.3314134   4.9512303e-19   5.1422008e-19
      0.64422849       5.3381530   4.9553116e-19   5.1345335e-19
      0.65571206       5.3449251   4.9594107e-19   5.1268505e-19
      0.66719563       5.3517298   4.9635276e-19   5.1191518e-19
      0.67867921       5.3585675   4.9676627e-19   5.1114372e-19
      0.69016278       5.3654384   4.9718159e-19   5.1037067e-19
      0.70164635       5.3723428   4.9759875e-19   5.0959601e-19
      0.71312993       5.3792810   4.9801775e-19   5.0881974e-19
      0.72461350       5.3862533   4.9843863e-19   5.0804185e-19
      0.73609708       5.3932600   4.9886138e-19   5.0726233e-19
      0.74758065       5.4003014   4.9928603e-19   5.0648117e-19
      0.75906422       5.4073777   4.9971259e-19   5.0569836e-19
      0.77054780       5.4144894   5.0014107e-19   5.0491389e-19
      0.78203137       5.4216366   5.0057150e-19   5.0412775e-19
      0.79351494       5.4288197   5.0100389e-19   5.0333992e-19
      0.80499852       5.4360391   5.0143825e-19   5.0255041e-19
      0.81648209       5.4432950   5.0187461e-19   5.0175920e-19
      0.82796567       5.4505878   5.0231297e-19   5.0096628e-19
      0.83944924       5.4579178   5.0275336e-19   5.0017163e-19
      0.85093281       5.4652853   5.0319579e-19   4.9937526e-19
      0.86241639       5.4726907   5.0364028e-19   4.9857714e-19
      0.87389996       5.4801342   5.0408685e-19   4.9777727e-19
      0.88538353       5.4876164   5.0453552e-19   4.9697564e-19
      0.89686711       5.4951374   5.0498629e-19   4.9617223e-19
      0.90835068       5.5026977   5.0543920e-19   4.9536704e-19
      0.91983425       5.5102976   5.0589426e-19   4.9456005e-19
      0.93131783       5.5179375   5.0635149e-19   4.9375126e-19
      0.94280140       5.5256178   5.0681091e-19   4.9294065e-19
      0.95428498       5.5333388   5.0727253e-19   4.9212820e-19
      0.96576855       5.5411009   5.0773638e-19   4.9131392e-19
      0.97725212       5.5489045   5.0820248e-19   4.9049778e-19
      0.98873570       5.5567499   5.0867084e-19   4.8967977e-19
       1.0002193       5.5646377   5.0914149e-19   4.8885989e-19
       1.0117028       5.5725681   5.0961444e-19   4.8803812e-19
       1.0231864       5.5805416   5.1008973e-19   4.8721445e-19
       1.0346700       5.5885585   5.1056736e-19   4.8638887e-19
       1.0461536       5.5966194   5.1104736e-19   4.8556135e-19
       1.0576371       5.6047246   5.1152975e-19   4.8473190e-19
       1.0691207       5.6128746   5.1201456e-19   4.8390050e-19
       1.0806043       5.6210698   5.1250180e-19   4.8306714e-19
       1.0920879       5.6293105   5.1299150e-19   4.8223179e-19
       1.1035714       5.6375974   5.1348368e-19   4.8139446e-19
       1.1150550       5.6459308   5.1397836e-19   4.8055512e-19
       1.1265386       5.6543112   5.1447557e-19   4.7971377e-19
       1.1380222       5.6627390   5.1497533e-19   4.7887038e-19
       1.1495057       5.6712147   5.1547766e-19   4.7802496e-19
       1.1609893       5.6797389   5.1598260e-19   4.7717747e-19
       1.1724729       5.6883119   5.1649015e-19   4.7632791e-19
       1.1839565       5.6969343   5.1700036e-19   4.7547626e-19
       1.1954400       5.7056066   5.1751324e-19   4.7462252e-19
       1.2069236       5.7143293   5.1802882e-19   4.7376665e-19
       1.2184072       5.7231029   5.1854713e-19   4.7290866e-19
       1.2298907       5.7319279   5.1906818e-19   4.7204853e-19
       1.2413743       5.7408048   5.1959202e-19   4.7118623e-19
       1.2528579       5.7497343   5.2011866e-19   4.7032176e-19
       1.2643415       5.7587167   5.2064814e-19   4.6945510e-19
       1.2758250       5.7677528   5.2118048e-19   4.6858623e-19
       1.2873086       5.7768430   5.2171571e-19   4.6771514e-19
       1.2987922       5.7859879   5.2225385e-19   4.6684182e-19
       1.3102758       5.7951881   5.2279495e-19   4.6596624e-19
       1.3217593       5.8044442   5.2333902e-19   4.6508839e-19
       1.3332429       5.8137568   5.2388611e-19   4.6420825e-19
       1.3447265       5.8231265   5.2443623e-19   4.6332582e-19
       1.3562101       5.8325538   5.2498942e-19   4.6244106e-19
       1.3676936       5.8420395   5.2554571e-19   4.6155396e-19
       1.3791772       5.8515841   5.2610513e-19   4.6066451e-19
       1.3906608       5.8611884   5.2666772e-19   4.5977269e-19
       1.4021444       5.8708529   5.2723351e-19   4.5887848e-19
       1.4136279       5.8805783   5.2780252e-19   4.5798187e-19
       1.4251115       5.8903653   5.2837481e-19   4.5708282e-19
       1.4365951       5.9002146   5.2895039e-19   4.5618134e-19
       1.4480786       5.9101269   5.2952931e-19   4.5527739e-19
       1.4595622       5.9201028   5.3011160e-19   4.5437096e-19
       1.4710458       5.9301432   5.3069729e-19   4.5346203e-19
       1.4825294       5.9402487   5.3128643e-19   4.5255058e-19
       1.4940129       5.9504201   5.3187905e-19   4.5163660e-19
       1.5054965       5.9606581   5.3247518e-19   4.5072005e-19
       1.5169801       5.9709635   5.3307488e-19   4.4980092e-19
       1.5284637       5.9813371   5.3367816e-19   4.4887920e-19
       1.5399472       5.9917796   5.3428508e-19   4.4795485e-19
       1.5514308       6.0022919   5.3489568e-19   4.4702787e-19
       1.5629144       6.0128749   5.3550999e-19   4.4609822e-19
       1.5743980       6.0235292   5.3612806e-19   4.4516589e-19
       1.5858815       6.0342559   5.3674993e-19   4.4423086e-19
       1.5973651       6.0450557   5.3737564e-19   4.4329310e-19
       1.6088487       6.0559295   5.3800524e-19   4.4235259e-19
       1.6203323       6.0668782   5.3863877e-19   4.4140931e-19
       1.6318158       6.0779028   5.3927627e-19   4.4046323e-19
       1.6432994       6.0890041   5.3991779e-19   4.3951434e-19
       1.6547830       6.1001830   5.4056339e-19   4.3856260e-19
       1.6662665       6.1114407   5.4121310e-19   4.3760800e-19
       1.6777501       6.1227779   5.4186697e-19   4.3665051e-19
       1.6892337       6.1341957   5.4252505e-19   4.3569011e-19
       1.7007173       6.1456952   5.4318740e-19   4.3472677e-19
       1.7122008       6.1572772   5.4385406e-19   4.3376046e-19
       1.7236844       6.1689430   5.4452509e-19   4.3279117e-19
       1.7351680       6.1806935   5.4520053e-19   4.3181886e-19
       1.7466516       6.1925298   5.4588045e-19   4.3084351e-19
       1.7581351       6.2044531   5.4656489e-19   4.2986510e-19
       1.7696187       6.2164645   5.4725391e-19   4.2888359e-19
       1.7811023       6.2285650   5.4794757e-19   4.2789895e-19
       1.7925859       6.2407559   5.4864592e-19   4.2691117e-19
       1.8040694       6.2530384   5.4934903e-19   4.2592021e-19
       1.8155530       6.2654136   5.5005694e-19   4.2492604e-19
       1.8270366       6.2778828   5.5076974e-19   4.2392863e-19
       1.8385202       6.2904473   5.5148746e-19   4.2292796e-19
       1.8500037       6.3031083   5.5221019e-19   4.2192400e-19
       1.8614873       6.3158672   5.5293797e-19   4.2091670e-19
       1.8729709       6.3287252   5.5367089e-19   4.1990606e-19
       1.8844544       6.3416838   5.5440900e-19   4.1889202e-19
       1.8959380       6.3547443   5.5515236e-19   4.1787456e-19
       1.9074216       6.3679081   5.5590106e-19   4.1685366e-19
       1.9189052       6.3811767   5.5665516e-19   4.1582927e-19
       1.9303887       6.3945515   5.5741473e-19   4.1480135e-19
       1.9418723       6.4080341   5.5817985e-19   4.1376989e-19
       1.9533559       6.4216259   5.5895059e-19   4.1273484e-19
       1.9648395       6.4353286   5.5972702e-19   4.1169617e-19
       1.9763230       6.4491436   5.6050922e-19   4.1065385e-19
       1.9878066       6.4630727   5.6129728e-19   4.0960783e-19
       1.9992902       6.4771175   5.6209127e-19   4.0855808e-19
       2.0107738       6.4912798   5.6289128e-19   4.0750457e-19
       2.0222573       6.5055611   5.6369739e-19   4.0644725e-19
       2.0337409       6.5199633   5.6450968e-19   4.0538608e-19
       2.0452245       6.5344882   5.6532824e-19   4.0432104e-19
       2.0567081       6.5491377   5.6615316e-19   4.0325207e-19
       2.0681916       6.5639135   5.6698454e-19   4.0217914e-19
       2.0796752       6.5788177   5.6782246e-19   4.0110221e-19
       2.0911588       6.5938522   5.6866703e-19   4.0002124e-19
       2.1026423       6.6090191   5.6951833e-19   3.9893617e-19
       2.1141259       6.6243203   5.7037646e-19   3.9784697e-19
       2.1256095       6.6397579   5.7124153e-19   3.9675360e-19
       2.1370931       6.6553342   5.7211365e-19   3.9565601e-19
       2.1485766       6.6710513   5.7299291e-19   3.9455416e-19
       2.1600602       6.6869114   5.7387942e-19   3.9344799e-19
       2.1715438       6.7029169   5.7477330e-19   3.9233746e-19
       2.1830274       6.7190701   5.7567466e-19   3.9122252e-19
       2.1945109       6.7353734   5.7658361e-19   3.9010313e-19
       2.2059945       6.7518293   5.7750027e-19   3.8897923e-19
       2.2174781       6.7684402   5.7842476e-19   3.8785078e-19
       2.2289617       6.7852089   5.7935721e-19   3.8671771e-19
       2.2404452       6.8021378   5.8029774e-19   3.8557999e-19
       2.2519288       6.8192297   5.8124648e-19   3.8443755e-19
       2.2634124       6.8364874   5.8220356e-19   3.8329034e-19
       2.2748960       6.8539138   5.8316911e-19   3.8213830e-19
       2.2863795       6.8715117   5.8414329e-19   3.8098138e-19
       2.2978631       6.8892840   5.8512622e-19   3.7981952e-19
       2.3093467       6.9072340   5.8611805e-19   3.7865266e-19
       2.3208302       6.9253646   5.8711894e-19   3.7748074e-19
       2.3323138       6.9436792   5.8812903e-19   3.7630370e-19
       2.3437974       6.9621809   5.8914848e-19   3.7512147e-19
       2.3552810       6.9808733   5.9017745e-19   3.7393399e-19
       2.3667645       6.9997597   5.9121611e-19   3.7274121e-19
       2.3782481       7.0188437   5.9226462e-19   3.7154304e-19
       2.3897317       7.0381290   5.9332315e-19   3.7033942e-19
       2.4012153       7.0576193   5.9439189e-19   3.6913028e-19
       2.4126988       7.0773185   5.9547101e-19   3.6791556e-19
       2.4241824       7.0972305   5.9656070e-19   3.6669518e-19
       2.4356660       7.1173594   5.9766116e-19   3.6546906e-19
       2.4471496       7.1377093   5.9877257e-19   3.6423713e-19
       2.4586331       7.1582847   5.9989514e-19   3.6299931e-19
       2.4701167       7.1790898   6.0102908e-19   3.6175552e-19
       2.4816003       7.2001292   6.0217460e-19   3.6050569e-19
       2.4930839       7.2214075   6.0333192e-19   3.5924973e-19
       2.5045674       7.2429297   6.0450125e-19   3.5798756e-19
       2.5160510       7.2647006   6.0568285e-19   3.5671908e-19
       2.5275346       7.2867253   6.0687693e-19   3.5544422e-19
       2.5390181       7.3090090   6.0808374e-19   3.5416288e-19
       2.5505017       7.3315572   6.0930355e-19   3.5287497e-19
       2.5619853       7.3543753   6.1053659e-19   3.5158039e-19
       2.5734689       7.3774692   6.1178315e-19   3.5027905e-19
       2.5849524       7.4008446   6.1304349e-19   3.4897085e-19
       2.5964360       7.4245078   6.1431790e-19   3.4765569e-19
       2.6079196       7.4484648   6.1560666e-19   3.4633346e-19
       2.6194032       7.4727224   6.1691008e-19   3.4500406e-19
       2.6308867       7.4972870   6.1822846e-19   3.4366737e-19
       2.6423703       7.5221656   6.1956213e-19   3.4232330e-19
       2.6538539       7.5473652   6.2091140e-19   3.4097171e-19
       2.6550022       7.5499031   6.2104720e-19   3.4083614e-19
       2.6561506       7.5524443   6.2118316e-19   3.4070048e-19
       2.6572990       7.5549888   6.2131928e-19   3.4056476e-19
       2.6584473       7.5575367   6.2145556e-19   3.4042895e-19
       2.6595957       7.5600878   6.2159200e-19   3.4029307e-19
       2.6607440       7.5626422   6.2172860e-19   3.4015711e-19
       2.6618924       7.5652000   6.2186537e-19   3.4002107e-19
       2.6630407       7.5677611   6.2200229e-19   3.3988496e-19
       2.6641891       7.5703255   6.2213938e-19   3.3974877e-19
       2.6653375       7.5728934   6.2227663e-19   3.3961250e-19
       2.6664858       7.5754645   6.2241404e-19   3.3947616e-19
       2.6676342       7.5780391   6.2255162e-19   3.3933973e-19
       2.6687825       7.5806170   6.2268936e-19   3.3920323e-19
       2.6699309       7.5831982   6.2282726e-19   3.3906666e-19
       2.6710792       7.5857829   6.2296533e-19   3.3893000e-19
       2.6722276       7.5883710   6.2310356e-19   3.3879326e-19
       2.6733760       7.5909625   6.2324196e-19   3.3865645e-19
       2.6745243       7.5935574   6.2338052e-19   3.3851956e-19
       2.6756727       7.5961557   6.2351925e-19   3.3838259e-19
       2.6768210       7.5987575   6.2365815e-19   3.3824554e-19
       2.6779694       7.6013627   6.2379721e-19   3.3810842e-19
       2.6791177       7.6039713   6.2393644e-19   3.3797121e-19
       2.6802661       7.6065834   6.2407584e-19   3.3783393e-19
       2.6814145       7.6091990   6.2421540e-19   3.3769656e-19
       2.6825628       7.6118180   6.2435513e-19   3.3755912e-19
       2.6837112       7.6144405   6.2449503e-19   3.3742160e-19
       2.6848595       7.6170665   6.2463510e-19   3.3728400e-19
       2.6860079       7.6196960   6.2477534e-19   3.3714632e-19
       2.6871563       7.6223290   6.2491575e-19   3.3700856e-19
       2.6883046       7.6249655   6.2505633e-19   3.3687072e-19
       2.6894530       7.6276055   6.2519707e-19   3.3673280e-19
       2.6906013       7.6302490   6.2533799e-19   3.3659479e-19
       2.6917497       7.6328961   6.2547908e-19   3.3645671e-19
       2.6928980       7.6355468   6.2562034e-19   3.3631855e-19
       2.6940464       7.6382009   6.2576178e-19   3.3618031e-19
       2.6951948       7.6408587   6.2590338e-19   3.3604199e-19
       2.6963431       7.6435200   6.2604516e-19   3.3590359e-19
       2.6974915       7.6461849   6.2618711e-19   3.3576510e-19
       2.6986398       7.6488534   6.2632923e-19   3.3562654e-19
       2.6997882       7.6515254   6.2647153e-19   3.3548789e-19
       2.7009365       7.6542011   6.2661400e-19   3.3534916e-19
       2.7020849       7.6568804   6.2675665e-19   3.3521035e-19
       2.7032333       7.6595633   6.2689947e-19   3.3507146e-19
       2.7043816       7.6622498   6.2704247e-19   3.3493249e-19
       2.7055300       7.6649400   6.2718564e-19   3.3479344e-19
       2.7066783       7.6676338   6.2732899e-19   3.3465430e-19
       2.7078267       7.6703313   6.2747252e-19   3.3451508e-19
       2.7089750       7.6730324   6.2761622e-19   3.3437578e-19
       2.7101234       7.6757372   6.2776010e-19   3.3423640e-19
       2.7112718       7.6784457   6.2790415e-19   3.3409694e-19
       2.7124201       7.6811579   6.2804839e-19   3.3395739e-19
       2.7135685       7.6838738   6.2819280e-19   3.3381776e-19
       2.7147168       7.6865934   6.2833739e-19   3.3367804e-19
       2.7158652       7.6893167   6.2848217e-19   3.3353825e-19
       2.7170135       7.6920437   6.2862712e-19   3.3339837e-19
       2.7181619       7.6947745   6.2877225e-19   3.3325841e-19
       2.7193103       7.6975090   6.2891756e-19   3.3311836e-19
       2.7204586       7.7002472   6.2906305e-19   3.3297823e-19
       2.7216070       7.7029892   6.2920873e-19   3.3283802e-19
       2.7227553       7.7057350   6.2935459e-19   3.3269772e-19
       2.7239037       7.7084846   6.2950062e-19   3.3255734e-19
       2.7250520       7.7112380   6.2964684e-19   3.3241687e-19
       2.7262004       7.7139951   6.2979325e-19   3.3227632e-19
       2.7273488       7.7167561   6.2993984e-19   3.3213569e-19
       2.7284971       7.7195209   6.3008661e-19   3.3199497e-19
       2.7296455       7.7222895   6.3023356e-19   3.3185417e-19
       2.7307938       7.7250619   6.3038070e-19   3.3171328e-19
       2.7319422       7.7278382   6.3052803e-19   3.3157231e-19
       2.7330905       7.7306183   6.3067554e-19   3.3143125e-19
       2.7342389       7.7334023   6.3082324e-19   3.3129010e-19
       2.7353873       7.7361902   6.3097112e-19   3.3114887e-19
       2.7365356       7.7389820   6.3111919e-19   3.3100756e-19
       2.7376840       7.7417776   6.3126745e-19   3.3086616e-19
       2.7388323       7.7445771   6.3141590e-19   3.3072467e-19
       2.7399807       7.7473806   6.3156453e-19   3.3058310e-19
       2.7411290       7.7501880   6.3171335e-19   3.3044144e-19
       2.7422774       7.7529993   6.3186236e-19   3.3029970e-19
       2.7434258       7.7558145   6.3201156e-19   3.3015787e-19
       2.7445741       7.7586337   6.3216095e-19   3.3001595e-19
       2.7457225       7.7614569   6.3231054e-19   3.2987395e-19
       2.7468708       7.7642840   6.3246031e-19   3.2973185e-19
       2.7480192       7.7671151   6.3261027e-19   3.2958968e-19
       2.7491675       7.7699502   6.3276043e-19   3.2944741e-19
       2.7503159       7.7727893   6.3291077e-19   3.2930506e-19
       2.7514643       7.7756324   6.3306131e-19   3.2916262e-19
       2.7526126       7.7784795   6.3321205e-19   3.2902009e-19
       2.7537610       7.7813306   6.3336297e-19   3.2887748e-19
       2.7549093       7.7841858   6.3351409e-19   3.2873477e-19
       2.7560577       7.7870450   6.3366541e-19   3.2859198e-19
       2.7572060       7.7899083   6.3381692e-19   3.2844910e-19
       2.7583544       7.7927757   6.3396862e-19   3.2830613e-19
       2.7595028       7.7956471   6.3412052e-19   3.2816308e-19
       2.7606511       7.7985226   6.3427262e-19   3.2801993e-19
       2.7617995       7.8014023   6.3442491e-19   3.2787670e-19
       2.7629478       7.8042860   6.3457741e-19   3.2773338e-19
       2.7640962       7.8071738   6.3473009e-19   3.2758996e-19
       2.7652446       7.8100658   6.3488298e-19   3.2744646e-19
       2.7663929       7.8129619   6.3503607e-19   3.2730287e-19
       2.7675413       7.8158622   6.3518935e-19   3.2715919e-19
       2.7686896       7.8187666   6.3534284e-19   3.2701542e-19
       2.7698380       7.8216752   6.3549652e-19   3.2687156e-19
       2.7709863       7.8245880   6.3565041e-19   3.2672761e-19
       2.7721347       7.8275050   6.3580449e-19   3.2658357e-19
       2.7732831       7.8304262   6.3595878e-19   3.2643944e-19
       2.7744314       7.8333516   6.3611327e-19   3.2629522e-19
       2.7755798       7.8362812   6.3626796e-19   3.2615091e-19
       2.7767281       7.8392150   6.3642286e-19   3.2600650e-19
       2.7778765       7.8421531   6.3657796e-19   3.2586201e-19
       2.7790248       7.8450955   6.3673326e-19   3.2571743e-19
       2.7801732       7.8480421   6.3688876e-19   3.2557275e-19
       2.7813216       7.8509930   6.3704448e-19   3.2542798e-19
       2.7824699       7.8539482   6.3720039e-19   3.2528312e-19
       2.7836183       7.8569077   6.3735652e-19   3.2513817e-19
       2.7847666       7.8598715   6.3751285e-19   3.2499313e-19
       2.7859150       7.8628396   6.3766938e-19   3.2484799e-19
       2.7870633       7.8658121   6.3782613e-19   3.2470277e-19
       2.7882117       7.8687889   6.3798308e-19   3.2455745e-19
       2.7893601       7.8717700   6.3814024e-19   3.2441203e-19
       2.7905084       7.8747555   6.3829761e-19   3.2426653e-19
       2.7916568       7.8777454   6.3845519e-19   3.2412093e-19
       2.7928051       7.8807397   6.3861297e-19   3.2397524e-19
       2.7939535       7.8837384   6.3877097e-19   3.2382946e-19
       2.7951018       7.8867415   6.3892918e-19   3.2368358e-19
       2.7962502       7.8897491   6.3908761e-19   3.2353761e-19
       2.7973986       7.8927610   6.3924624e-19   3.2339154e-19
       2.7985469       7.8957774   6.3940509e-19   3.2324538e-19
       2.7996953       7.8987983   6.3956414e-19   3.2309913e-19
       2.8008436       7.9018236   6.3972342e-19   3.2295278e-19
       2.8019920       7.9048535   6.3988290e-19   3.2280634e-19
       2.8031403       7.9078878   6.4004261e-19   3.2265980e-19
       2.8042887       7.9109266   6.4020252e-19   3.2251317e-19
       2.8054371       7.9139699   6.4036266e-19   3.2236644e-19
       2.8065854       7.9170178   6.4052300e-19   3.2221962e-19
       2.8077338       7.9200702   6.4068357e-19   3.2207270e-19
       2.8088821       7.9231271   6.4084435e-19   3.2192569e-19
       2.8100305       7.9261887   6.4100535e-19   3.2177858e-19
       2.8111788       7.9292547   6.4116657e-19   3.2163138e-19
       2.8123272       7.9323254   6.4132801e-19   3.2148408e-19
       2.8134756       7.9354007   6.4148967e-19   3.2133668e-19
       2.8146239       7.9384806   6.4165155e-19   3.2118919e-19
       2.8157723       7.9415651   6.4181364e-19   3.2104160e-19
       2.8169206       7.9446543   6.4197596e-19   3.2089392e-19
       2.8180690       7.9477481   6.4213851e-19   3.2074613e-19
       2.8192173       7.9508465   6.4230127e-19   3.2059826e-19
       2.8203657       7.9539497   6.4246425e-19   3.2045028e-19
       2.8215141       7.9570575   6.4262746e-19   3.2030220e-19
       2.8226624       7.9601700   6.4279090e-19   3.2015403e-19
       2.8238108       7.9632872   6.4295456e-19   3.2000576e-19
       2.8249591       7.9664092   6.4311844e-19   3.1985740e-19
       2.8261075       7.9695359   6.4328255e-19   3.1970893e-19
       2.8272558       7.9726673   6.4344688e-19   3.1956037e-19
       2.8284042       7.9758035   6.4361144e-19   3.1941171e-19
       2.8295526       7.9789445   6.4377623e-19   3.1926294e-19
       2.8307009       7.9820902   6.4394125e-19   3.1911408e-19
       2.8318493       7.9852408   6.4410650e-19   3.1896513e-19
       2.8329976       7.9883962   6.4427197e-19   3.1881607e-19
       2.8341460       7.9915564   6.4443768e-19   3.1866691e-19
       2.8352944       7.9947214   6.4460361e-19   3.1851765e-19
       2.8364427       7.9978913   6.4476978e-19   3.1836830e-19
       2.8375911       8.0010660   6.4493617e-19   3.1821884e-19
       2.8387394       8.0042457   6.4510280e-19   3.1806928e-19
       2.8398878       8.0074302   6.4526966e-19   3.1791963e-19
       2.8410361       8.0106196   6.4543676e-19   3.1776987e-19
       2.8421845       8.0138139   6.4560409e-19   3.1762001e-19
       2.8433329       8.0170132   6.4577165e-19   3.1747005e-19
       2.8444812       8.0202174   6.4593945e-19   3.1731999e-19
       2.8456296       8.0234266   6.4610748e-19   3.1716983e-19
       2.8467779       8.0266407   6.4627575e-19   3.1701957e-19
       2.8479263       8.0298598   6.4644426e-19   3.1686921e-19
       2.8490746       8.0330840   6.4661300e-19   3.1671874e-19
       2.8502230       8.0363131   6.4678199e-19   3.1656817e-19
       2.8513714       8.0395473   6.4695121e-19   3.1641750e-19
       2.8525197       8.0427865   6.4712067e-19   3.1626673e-19
       2.8536681       8.0460307   6.4729037e-19   3.1611585e-19
       2.8548164       8.0492800   6.4746031e-19   3.1596487e-19
       2.8559648       8.0525344   6.4763049e-19   3.1581379e-19
       2.8571131       8.0557939   6.4780092e-19   3.1566261e-19
       2.8582615       8.0590585   6.4797158e-19   3.1551132e-19
       2.8594099       8.0623282   6.4814249e-19   3.1535993e-19
       2.8605582       8.0656031   6.4831364e-19   3.1520844e-19
       2.8617066       8.0688831   6.4848504e-19   3.1505684e-19
       2.8628549       8.0721683   6.4865668e-19   3.1490513e-19
       2.8640033       8.0754586   6.4882857e-19   3.1475333e-19
       2.8651516       8.0787542   6.4900071e-19   3.1460141e-19
       2.8663000       8.0820549   6.4917309e-19   3.1444940e-19
       2.8674484       8.0853609   6.4934572e-19   3.1429728e-19
       2.8685967       8.0886721   6.4951860e-19   3.1414505e-19
       2.8697451       8.0919886   6.4969172e-19   3.1399272e-19
       2.8708934       8.0953103   6.4986510e-19   3.1384028e-19
       2.8720418       8.0986373   6.5003872e-19   3.1368774e-19
       2.8731901       8.1019696   6.5021260e-19   3.1353509e-19
       2.8743385       8.1053072   6.5038673e-19   3.1338233e-19
       2.8754869       8.1086502   6.5056111e-19   3.1322947e-19
       2.8766352       8.1119985   6.5073574e-19   3.1307650e-19
       2.8777836       8.1153521   6.5091063e-19   3.1292343e-19
       2.8789319       8.1187111   6.5108577e-19   3.1277024e-19
       2.8800803       8.1220755   6.5126117e-19   3.1261695e-19
       2.8812286       8.1254453   6.5143682e-19   3.1246356e-19
       2.8823770       8.1288205   6.5161273e-19   3.1231005e-19
       2.8835254       8.1322012   6.5178889e-19   3.1215644e-19
       2.8846737       8.1355873   6.5196531e-19   3.1200272e-19
       2.8858221       8.1389788   6.5214200e-19   3.1184889e-19
       2.8869704       8.1423759   6.5231894e-19   3.1169495e-19
       2.8881188       8.1457784   6.5249614e-19   3.1154091e-19
       2.8892671       8.1491864   6.5267360e-19   3.1138675e-19
       2.8904155       8.1526000   6.5285132e-19   3.1123249e-19
       2.8915639       8.1560191   6.5302930e-19   3.1107812e-19
       2.8927122       8.1594437   6.5320755e-19   3.1092363e-19
       2.8938606       8.1628740   6.5338605e-19   3.1076904e-19
       2.8950089       8.1663098   6.5356483e-19   3.1061434e-19
       2.8961573       8.1697512   6.5374387e-19   3.1045953e-19
       2.8973056       8.1731982   6.5392317e-19   3.1030460e-19
       2.8984540       8.1766509   6.5410274e-19   3.1014957e-19
       2.8996024       8.1801092   6.5428257e-19   3.0999443e-19
       2.9007507       8.1835732   6.5446268e-19   3.0983917e-19
       2.9018991       8.1870429   6.5464305e-19   3.0968380e-19
       2.9030474       8.1905183   6.5482369e-19   3.0952833e-19
       2.9041958       8.1939994   6.5500460e-19   3.0937274e-19
       2.9053442       8.1974862   6.5518578e-19   3.0921703e-19
       2.9064925       8.2009788   6.5536724e-19   3.0906122e-19
       2.9076409       8.2044772   6.5554896e-19   3.0890529e-19
       2.9087892       8.2079813   6.5573096e-19   3.0874925e-19
       2.9099376       8.2114913   6.5591323e-19   3.0859310e-19
       2.9110859       8.2150070   6.5609578e-19   3.0843684e-19
       2.9122343       8.2185286   6.5627860e-19   3.0828046e-19
       2.9133827       8.2220561   6.5646169e-19   3.0812397e-19
       2.9145310       8.2255894   6.5664507e-19   3.0796736e-19
       2.9156794       8.2291286   6.5682872e-19   3.0781064e-19
       2.9168277       8.2326737   6.5701265e-19   3.0765381e-19
       2.9179761       8.2362247   6.5719685e-19   3.0749686e-19
       2.9191244       8.2397817   6.5738134e-19   3.0733980e-19
       2.9202728       8.2433446   6.5756611e-19   3.0718262e-19
       2.9214212       8.2469135   6.5775116e-19   3.0702533e-19
       2.9225695       8.2504884   6.5793649e-19   3.0686792e-19
       2.9237179       8.2540693   6.5812210e-19   3.0671040e-19
       2.9248662       8.2576562   6.5830800e-19   3.0655276e-19
       2.9260146       8.2612492   6.5849418e-19   3.0639500e-19
       2.9271629       8.2648482   6.5868065e-19   3.0623713e-19
       2.9283113       8.2684533   6.5886740e-19   3.0607914e-19
       2.9294597       8.2720645   6.5905444e-19   3.0592103e-19
       2.9306080       8.2756818   6.5924176e-19   3.0576281e-19
       2.9317564       8.2793053   6.5942938e-19   3.0560447e-19
       2.9329047       8.2829349   6.5961729e-19   3.0544601e-19
       2.9340531       8.2865707   6.5980548e-19   3.0528744e-19
       2.9352014       8.2902126   6.5999397e-19   3.0512875e-19
       2.9363498       8.2938608   6.6018274e-19   3.0496994e-19
       2.9374982       8.2975152   6.6037181e-19   3.0481101e-19
       2.9386465       8.3011759   6.6056118e-19   3.0465196e-19
       2.9397949       8.3048428   6.6075083e-19   3.0449279e-19
       2.9409432       8.3085160   6.6094079e-19   3.0433350e-19
       2.9420916       8.3121955   6.6113104e-19   3.0417410e-19
       2.9432399       8.3158813   6.6132158e-19   3.0401457e-19
       2.9443883       8.3195735   6.6151242e-19   3.0385492e-19
       2.9455367       8.3232720   6.6170356e-19   3.0369516e-19
       2.9466850       8.3269769   6.6189501e-19   3.0353527e-19
       2.9478334       8.3306882   6.6208675e-19   3.0337526e-19
       2.9489817       8.3344059   6.6227879e-19   3.0321514e-19
       2.9501301       8.3381301   6.6247113e-19   3.0305489e-19
       2.9512784       8.3418607   6.6266378e-19   3.0289452e-19
       2.9524268       8.3455978   6.6285673e-19   3.0273402e-19
       2.9535752       8.3493414   6.6304998e-19   3.0257341e-19
       2.9547235       8.3530915   6.6324354e-19   3.0241267e-19
       2.9558719       8.3568481   6.6343741e-19   3.0225181e-19
       2.9570202       8.3606113   6.6363158e-19   3.0209083e-19
       2.9581686       8.3643811   6.6382606e-19   3.0192972e-19
       2.9593169       8.3681574   6.6402086e-19   3.0176850e-19
       2.9604653       8.3719404   6.6421596e-19   3.0160714e-19
       2.9616137       8.3757300   6.6441137e-19   3.0144567e-19
       2.9627620       8.3795263   6.6460709e-19   3.0128407e-19
       2.9639104       8.3833293   6.6480313e-19   3.0112234e-19
       2.9650587       8.3871389   6.6499948e-19   3.0096049e-19
       2.9662071       8.3909553   6.6519614e-19   3.0079852e-19
       2.9673554       8.3947784   6.6539312e-19   3.0063642e-19
       2.9685038       8.3986083   6.6559041e-19   3.0047420e-19
       2.9696522       8.4024450   6.6578803e-19   3.0031185e-19
       2.9708005       8.4062884   6.6598596e-19   3.0014937e-19
       2.9719489       8.4101387   6.6618421e-19   2.9998677e-19
       2.9730972       8.4139958   6.6638278e-19   2.9982404e-19
       2.9742456       8.4178598   6.6658167e-19   2.9966118e-19
       2.9753940       8.4217307   6.6678088e-19   2.9949820e-19
       2.9765423       8.4256085   6.6698042e-19   2.9933509e-19
       2.9776907       8.4294933   6.6718028e-19   2.9917185e-19
       2.9788390       8.4333850   6.6738046e-19   2.9900849e-19
       2.9799874       8.4372836   6.6758097e-19   2.9884499e-19
       2.9811357       8.4411893   6.6778181e-19   2.9868137e-19
       2.9822841       8.4451020   6.6798297e-19   2.9851762e-19
       2.9834325       8.4490217   6.6818447e-19   2.9835374e-19
       2.9845808       8.4529485   6.6838629e-19   2.9818973e-19
       2.9857292       8.4568824   6.6858845e-19   2.9802559e-19
       2.9868775       8.4608234   6.6879093e-19   2.9786132e-19
       2.9880259       8.4647715   6.6899375e-19   2.9769692e-19
       2.9891742       8.4687267   6.6919690e-19   2.9753239e-19
       2.9903226       8.4726892   6.6940039e-19   2.9736773e-19
       2.9914710       8.4766589   6.6960421e-19   2.9720294e-19
       2.9926193       8.4806357   6.6980837e-19   2.9703802e-19
       2.9937677       8.4846199   6.7001287e-19   2.9687297e-19
       2.9949160       8.4886113   6.7021771e-19   2.9670778e-19
       2.9960644       8.4926099   6.7042288e-19   2.9654246e-19
       2.9972127       8.4966159   6.7062840e-19   2.9637701e-19
       2.9983611       8.5006293   6.7083426e-19   2.9621143e-19
       2.9995095       8.5046500   6.7104046e-19   2.9604572e-19
       3.0006578       8.5086781   6.7124701e-19   2.9587987e-19
       3.0018062       8.5127136   6.7145390e-19   2.9571388e-19
       3.0029545       8.5167566   6.7166114e-19   2.9554777e-19
       3.0041029       8.5208070   6.7186872e-19   2.9538152e-19
       3.0052512       8.5248649   6.7207666e-19   2.9521513e-19
       3.0063996       8.5289303   6.7228494e-19   2.9504861e-19
       3.0075480       8.5330032   6.7249357e-19   2.9488195e-19
       3.0086963       8.5370837   6.7270256e-19   2.9471516e-19
       3.0098447       8.5411718   6.7291190e-19   2.9454824e-19
       3.0109930       8.5452674   6.7312159e-19   2.9438117e-19
       3.0121414       8.5493708   6.7333163e-19   2.9421397e-19
       3.0132897       8.5534817   6.7354203e-19   2.9404664e-19
       3.0144381       8.5576004   6.7375279e-19   2.9387916e-19
       3.0155865       8.5617267   6.7396391e-19   2.9371155e-19
       3.0167348       8.5658608   6.7417539e-19   2.9354381e-19
       3.0178832       8.5700027   6.7438722e-19   2.9337592e-19
       3.0190315       8.5741523   6.7459942e-19   2.9320790e-19
       3.0201799       8.5783098   6.7481198e-19   2.9303973e-19
       3.0213282       8.5824750   6.7502491e-19   2.9287143e-19
       3.0224766       8.5866482   6.7523820e-19   2.9270299e-19
       3.0236250       8.5908292   6.7545185e-19   2.9253441e-19
       3.0247733       8.5950181   6.7566587e-19   2.9236569e-19
       3.0259217       8.5992150   6.7588027e-19   2.9219683e-19
       3.0270700       8.6034199   6.7609503e-19   2.9202783e-19
       3.0282184       8.6076327   6.7631016e-19   2.9185869e-19
       3.0293667       8.6118536   6.7652566e-19   2.9168941e-19
       3.0305151       8.6160825   6.7674154e-19   2.9151998e-19
       3.0316635       8.6203195   6.7695779e-19   2.9135042e-19
       3.0328118       8.6245646   6.7717442e-19   2.9118071e-19
       3.0339602       8.6288178   6.7739142e-19   2.9101086e-19
       3.0351085       8.6330792   6.7760880e-19   2.9084087e-19
       3.0362569       8.6373487   6.7782656e-19   2.9067073e-19
       3.0374052       8.6416265   6.7804470e-19   2.9050045e-19
       3.0385536       8.6459125   6.7826322e-19   2.9033003e-19
       3.0397020       8.6502068   6.7848213e-19   2.9015946e-19
       3.0408503       8.6545093   6.7870142e-19   2.8998875e-19
       3.0419987       8.6588202   6.7892109e-19   2.8981789e-19
       3.0431470       8.6631394   6.7914115e-19   2.8964689e-19
       3.0442954       8.6674671   6.7936160e-19   2.8947575e-19
       3.0454438       8.6718031   6.7958244e-19   2.8930445e-19
       3.0465921       8.6761476   6.7980366e-19   2.8913301e-19
       3.0477405       8.6805005   6.8002528e-19   2.8896143e-19
       3.0488888       8.6848619   6.8024729e-19   2.8878970e-19
       3.0500372       8.6892319   6.8046970e-19   2.8861782e-19
       3.0511855       8.6936104   6.8069250e-19   2.8844579e-19
       3.0523339       8.6979975   6.8091570e-19   2.8827361e-19
       3.0534823       8.7023932   6.8113929e-19   2.8810129e-19
       3.0546306       8.7067975   6.8136329e-19   2.8792882e-19
       3.0557790       8.7112105   6.8158768e-19   2.8775620e-19
       3.0569273       8.7156323   6.8181248e-19   2.8758343e-19
       3.0580757       8.7200627   6.8203768e-19   2.8741051e-19
       3.0592240       8.7245019   6.8226329e-19   2.8723744e-19
       3.0603724       8.7289500   6.8248930e-19   2.8706422e-19
       3.0615208       8.7334068   6.8271572e-19   2.8689085e-19
       3.0626691       8.7378725   6.8294255e-19   2.8671732e-19
       3.0638175       8.7423471   6.8316978e-19   2.8654365e-19
       3.0649658       8.7468305   6.8339743e-19   2.8636983e-19
       3.0661142       8.7513230   6.8362549e-19   2.8619585e-19
       3.0672625       8.7558244   6.8385397e-19   2.8602172e-19
       3.0684109       8.7603349   6.8408286e-19   2.8584743e-19
       3.0695593       8.7648543   6.8431216e-19   2.8567300e-19
       3.0707076       8.7693829   6.8454189e-19   2.8549841e-19
       3.0718560       8.7739205   6.8477203e-19   2.8532366e-19
       3.0730043       8.7784673   6.8500260e-19   2.8514876e-19
       3.0741527       8.7830233   6.8523359e-19   2.8497371e-19
       3.0753010       8.7875885   6.8546500e-19   2.8479850e-19
       3.0764494       8.7921629   6.8569684e-19   2.8462314e-19
       3.0775978       8.7967466   6.8592910e-19   2.8444762e-19
       3.0787461       8.8013396   6.8616179e-19   2.8427194e-19
       3.0798945       8.8059419   6.8639492e-19   2.8409611e-19
       3.0810428       8.8105536   6.8662847e-19   2.8392012e-19
       3.0821912       8.8151747   6.8686246e-19   2.8374397e-19
       3.0833395       8.8198053   6.8709687e-19   2.8356766e-19
       3.0844879       8.8244453   6.8733173e-19   2.8339120e-19
       3.0856363       8.8290948   6.8756702e-19   2.8321457e-19
       3.0867846       8.8337538   6.8780275e-19   2.8303779e-19
       3.0879330       8.8384225   6.8803892e-19   2.8286085e-19
       3.0890813       8.8431007   6.8827554e-19   2.8268375e-19
       3.0902297       8.8477886   6.8851259e-19   2.8250649e-19
       3.0913780       8.8524862   6.8875009e-19   2.8232906e-19
       3.0925264       8.8571934   6.8898804e-19   2.8215148e-19
       3.0936748       8.8619105   6.8922643e-19   2.8197373e-19
       3.0948231       8.8666373   6.8946527e-19   2.8179583e-19
       3.0959715       8.8713739   6.8970457e-19   2.8161776e-19
       3.0971198       8.8761204   6.8994431e-19   2.8143952e-19
       3.0982682       8.8808768   6.9018451e-19   2.8126113e-19
       3.0994165       8.8856431   6.9042517e-19   2.8108257e-19
       3.1005649       8.8904194   6.9066628e-19   2.8090385e-19
       3.1017133       8.8952056   6.9090785e-19   2.8072496e-19
       3.1028616       8.9000020   6.9114988e-19   2.8054591e-19
       3.1040100       8.9048084   6.9139237e-19   2.8036669e-19
       3.1051583       8.9096249   6.9163533e-19   2.8018731e-19
       3.1063067       8.9144515   6.9187875e-19   2.8000776e-19
       3.1074550       8.9192884   6.9212264e-19   2.7982804e-19
       3.1086034       8.9241354   6.9236699e-19   2.7964816e-19
       3.1097518       8.9289928   6.9261182e-19   2.7946811e-19
       3.1109001       8.9338604   6.9285712e-19   2.7928789e-19
       3.1120485       8.9387384   6.9310289e-19   2.7910750e-19
       3.1131968       8.9436268   6.9334914e-19   2.7892695e-19
       3.1143452       8.9485256   6.9359586e-19   2.7874623e-19
       3.1154935       8.9534348   6.9384306e-19   2.7856533e-19
       3.1166419       8.9583545   6.9409075e-19   2.7838427e-19
       3.1177903       8.9632848   6.9433891e-19   2.7820303e-19
       3.1189386       8.9682257   6.9458756e-19   2.7802163e-19
       3.1200870       8.9731771   6.9483669e-19   2.7784005e-19
       3.1212353       8.9781393   6.9508631e-19   2.7765831e-19
       3.1223837       8.9831121   6.9533642e-19   2.7747639e-19
       3.1235321       8.9880957   6.9558702e-19   2.7729429e-19
       3.1246804       8.9930900   6.9583811e-19   2.7711203e-19
       3.1258288       8.9980952   6.9608969e-19   2.7692959e-19
       3.1269771       9.0031112   6.9634178e-19   2.7674697e-19
       3.1281255       9.0081381   6.9659436e-19   2.7656419e-19
       3.1292738       9.0131760   6.9684743e-19   2.7638122e-19
       3.1304222       9.0182248   6.9710102e-19   2.7619808e-19
       3.1315706       9.0232847   6.9735510e-19   2.7601477e-19
       3.1327189       9.0283557   6.9760969e-19   2.7583128e-19
       3.1338673       9.0334378   6.9786478e-19   2.7564761e-19
       3.1350156       9.0385310   6.9812039e-19   2.7546377e-19
       3.1361640       9.0436354   6.9837650e-19   2.7527974e-19
       3.1373123       9.0487511   6.9863313e-19   2.7509554e-19
       3.1384607       9.0538781   6.9889027e-19   2.7491116e-19
       3.1396091       9.0590164   6.9914793e-19   2.7472660e-19
       3.1407574       9.0641660   6.9940610e-19   2.7454186e-19
       3.1419058       9.0693271   6.9966480e-19   2.7435695e-19
       3.1430541       9.0744997   6.9992402e-19   2.7417185e-19
       3.1442025       9.0796837   7.0018376e-19   2.7398657e-19
       3.1453508       9.0848793   7.0044403e-19   2.7380110e-19
       3.1464992       9.0900865   7.0070482e-19   2.7361546e-19
       3.1476476       9.0953054   7.0096615e-19   2.7342963e-19
       3.1487959       9.1005359   7.0122801e-19   2.7324362e-19
       3.1499443       9.1057782   7.0149040e-19   2.7305743e-19
       3.1510926       9.1110323   7.0175333e-19   2.7287105e-19
       3.1522410       9.1162982   7.0201679e-19   2.7268449e-19
       3.1533893       9.1215760   7.0228080e-19   2.7249774e-19
       3.1545377       9.1268657   7.0254534e-19   2.7231080e-19
       3.1556861       9.1321673   7.0281043e-19   2.7212368e-19
       3.1568344       9.1374810   7.0307607e-19   2.7193638e-19
       3.1579828       9.1428068   7.0334225e-19   2.7174888e-19
       3.1591311       9.1481447   7.0360899e-19   2.7156120e-19
       3.1602795       9.1534947   7.0387628e-19   2.7137333e-19
       3.1614278       9.1588570   7.0414412e-19   2.7118527e-19
       3.1625762       9.1642315   7.0441252e-19   2.7099703e-19
       3.1637246       9.1696183   7.0468147e-19   2.7080859e-19
       3.1648729       9.1750175   7.0495099e-19   2.7061996e-19
       3.1660213       9.1804291   7.0522107e-19   2.7043114e-19
       3.1671696       9.1858532   7.0549171e-19   2.7024213e-19
       3.1683180       9.1912897   7.0576293e-19   2.7005293e-19
       3.1694663       9.1967389   7.0603471e-19   2.6986353e-19
       3.1706147       9.2022006   7.0630706e-19   2.6967395e-19
       3.1717631       9.2076750   7.0657999e-19   2.6948416e-19
       3.1729114       9.2131622   7.0685349e-19   2.6929419e-19
       3.1740598       9.2186621   7.0712757e-19   2.6910402e-19
       3.1752081       9.2241748   7.0740223e-19   2.6891365e-19
       3.1763565       9.2297004   7.0767748e-19   2.6872309e-19
       3.1775048       9.2352389   7.0795331e-19   2.6853233e-19
       3.1786532       9.2407905   7.0822973e-19   2.6834138e-19
       3.1798016       9.2463550   7.0850673e-19   2.6815023e-19
       3.1809499       9.2519326   7.0878433e-19   2.6795888e-19
       3.1820983       9.2575234   7.0906252e-19   2.6776733e-19
       3.1832466       9.2631274   7.0934131e-19   2.6757558e-19
       3.1843950       9.2687446   7.0962070e-19   2.6738363e-19
       3.1855433       9.2743751   7.0990069e-19   2.6719148e-19
       3.1866917       9.2800190   7.1018129e-19   2.6699914e-19
       3.1878401       9.2856764   7.1046249e-19   2.6680658e-19
       3.1889884       9.2913472   7.1074429e-19   2.6661383e-19
       3.1901368       9.2970315   7.1102671e-19   2.6642088e-19
       3.1912851       9.3027294   7.1130975e-19   2.6622772e-19
       3.1924335       9.3084410   7.1159340e-19   2.6603436e-19
       3.1935819       9.3141662   7.1187766e-19   2.6584079e-19
       3.1947302       9.3199052   7.1216255e-19   2.6564702e-19
       3.1958786       9.3256581   7.1244806e-19   2.6545304e-19
       3.1970269       9.3314248   7.1273420e-19   2.6525886e-19
       3.1981753       9.3372055   7.1302097e-19   2.6506446e-19
       3.1993236       9.3430001   7.1330836e-19   2.6486987e-19
       3.2004720       9.3488088   7.1359639e-19   2.6467506e-19
       3.2016204       9.3546317   7.1388506e-19   2.6448004e-19
       3.2027687       9.3604687   7.1417436e-19   2.6428482e-19
       3.2039171       9.3663199   7.1446431e-19   2.6408939e-19
       3.2050654       9.3721855   7.1475490e-19   2.6389374e-19
       3.2062138       9.3780654   7.1504613e-19   2.6369789e-19
       3.2073621       9.3839597   7.1533802e-19   2.6350182e-19
       3.2085105       9.3898686   7.1563056e-19   2.6330554e-19
       3.2096589       9.3957919   7.1592375e-19   2.6310904e-19
       3.2108072       9.4017299   7.1621760e-19   2.6291234e-19
       3.2119556       9.4076825   7.1651211e-19   2.6271541e-19
       3.2131039       9.4136499   7.1680728e-19   2.6251828e-19
       3.2142523       9.4196321   7.1710311e-19   2.6232092e-19
       3.2154006       9.4256292   7.1739962e-19   2.6212336e-19
       3.2165490       9.4316412   7.1769679e-19   2.6192557e-19
       3.2176974       9.4376682   7.1799464e-19   2.6172757e-19
       3.2188457       9.4437102   7.1829317e-19   2.6152934e-19
       3.2199941       9.4497674   7.1859237e-19   2.6133090e-19
       3.2211424       9.4558398   7.1889226e-19   2.6113224e-19
       3.2222908       9.4619275   7.1919283e-19   2.6093336e-19
       3.2234391       9.4680305   7.1949409e-19   2.6073426e-19
       3.2245875       9.4741489   7.1979605e-19   2.6053494e-19
       3.2257359       9.4802827   7.2009869e-19   2.6033539e-19
       3.2268842       9.4864321   7.2040203e-19   2.6013562e-19
       3.2280326       9.4925971   7.2070607e-19   2.5993563e-19
       3.2291809       9.4987778   7.2101082e-19   2.5973541e-19
       3.2303293       9.5049742   7.2131627e-19   2.5953497e-19
       3.2314776       9.5111865   7.2162243e-19   2.5933430e-19
       3.2326260       9.5174146   7.2192929e-19   2.5913341e-19
       3.2337744       9.5236587   7.2223688e-19   2.5893229e-19
       3.2349227       9.5299189   7.2254518e-19   2.5873094e-19
       3.2360711       9.5361951   7.2285420e-19   2.5852936e-19
       3.2372194       9.5424875   7.2316395e-19   2.5832755e-19
       3.2383678       9.5487962   7.2347443e-19   2.5812551e-19
       3.2395161       9.5551212   7.2378563e-19   2.5792324e-19
       3.2406645       9.5614626   7.2409757e-19   2.5772074e-19
       3.2418129       9.5678205   7.2441024e-19   2.5751801e-19
       3.2429612       9.5741949   7.2472366e-19   2.5731504e-19
       3.2441096       9.5805860   7.2503781e-19   2.5711184e-19
       3.2452579       9.5869937   7.2535272e-19   2.5690841e-19
       3.2464063       9.5934183   7.2566837e-19   2.5670474e-19
       3.2475546       9.5998597   7.2598477e-19   2.5650083e-19
       3.2487030       9.6063180   7.2630193e-19   2.5629669e-19
       3.2498514       9.6127934   7.2661986e-19   2.5609231e-19
       3.2509997       9.6192858   7.2693854e-19   2.5588769e-19
       3.2521481       9.6257955   7.2725799e-19   2.5568283e-19
       3.2532964       9.6323223   7.2757821e-19   2.5547773e-19
       3.2544448       9.6388666   7.2789920e-19   2.5527240e-19
       3.2555931       9.6454282   7.2822097e-19   2.5506682e-19
       3.2567415       9.6520073   7.2854352e-19   2.5486100e-19
       3.2578899       9.6586040   7.2886685e-19   2.5465493e-19
       3.2590382       9.6652184   7.2919097e-19   2.5444862e-19
       3.2601866       9.6718505   7.2951588e-19   2.5424207e-19
       3.2613349       9.6785005   7.2984158e-19   2.5403527e-19
       3.2624833       9.6851684   7.3016808e-19   2.5382822e-19
       3.2636317       9.6918542   7.3049538e-19   2.5362093e-19
       3.2647800       9.6985582   7.3082349e-19   2.5341339e-19
       3.2659284       9.7052803   7.3115240e-19   2.5320560e-19
       3.2670767       9.7120207   7.3148213e-19   2.5299757e-19
       3.2682251       9.7187795   7.3181267e-19   2.5278928e-19
       3.2693734       9.7255566   7.3214404e-19   2.5258074e-19
       3.2705218       9.7323523   7.3247622e-19   2.5237195e-19
       3.2716702       9.7391666   7.3280923e-19   2.5216290e-19
       3.2728185       9.7459996   7.3314308e-19   2.5195360e-19
       3.2739669       9.7528515   7.3347775e-19   2.5174405e-19
       3.2751152       9.7597221   7.3381327e-19   2.5153424e-19
       3.2762636       9.7666118   7.3414963e-19   2.5132418e-19
       3.2774119       9.7735206   7.3448683e-19   2.5111386e-19
       3.2785603       9.7804485   7.3482488e-19   2.5090328e-19
       3.2797087       9.7873956   7.3516379e-19   2.5069244e-19
       3.2808570       9.7943621   7.3550356e-19   2.5048134e-19
       3.2820054       9.8013481   7.3584419e-19   2.5026998e-19
       3.2831537       9.8083536   7.3618568e-19   2.5005836e-19
       3.2843021       9.8153787   7.3652805e-19   2.4984648e-19
       3.2854504       9.8224236   7.3687129e-19   2.4963433e-19
       3.2865988       9.8294883   7.3721540e-19   2.4942192e-19
       3.2877472       9.8365729   7.3756040e-19   2.4920925e-19
       3.2888955       9.8436776   7.3790629e-19   2.4899631e-19
       3.2900439       9.8508024   7.3825307e-19   2.4878310e-19
       3.2911922       9.8579474   7.3860074e-19   2.4856962e-19
       3.2923406       9.8651127   7.3894931e-19   2.4835588e-19
       3.2934889       9.8722985   7.3929878e-19   2.4814186e-19
       3.2946373       9.8795049   7.3964917e-19   2.4792757e-19
       3.2957857       9.8867318   7.4000046e-19   2.4771302e-19
       3.2969340       9.8939796   7.4035267e-19   2.4749819e-19
       3.2980824       9.9012481   7.4070581e-19   2.4728308e-19
       3.2992307       9.9085376   7.4105987e-19   2.4706770e-19
       3.3003791       9.9158482   7.4141485e-19   2.4685205e-19
       3.3015274       9.9231800   7.4177078e-19   2.4663612e-19
       3.3026758       9.9305330   7.4212764e-19   2.4641991e-19
       3.3038242       9.9379075   7.4248544e-19   2.4620343e-19
       3.3049725       9.9453034   7.4284420e-19   2.4598666e-19
       3.3061209       9.9527209   7.4320390e-19   2.4576962e-19
       3.3072692       9.9601602   7.4356457e-19   2.4555229e-19
       3.3084176       9.9676212   7.4392619e-19   2.4533468e-19
       3.3095659       9.9751043   7.4428879e-19   2.4511678e-19
       3.3107143       9.9826094   7.4465235e-19   2.4489861e-19
       3.3118627       9.9901366   7.4501689e-19   2.4468014e-19
       3.3130110       9.9976862   7.4538242e-19   2.4446139e-19
       3.3141594       10.005258   7.4574892e-19   2.4424235e-19
       3.3153077       10.012853   7.4611642e-19   2.4402303e-19
       3.3164561       10.020470   7.4648492e-19   2.4380341e-19
       3.3176044       10.028110   7.4685442e-19   2.4358350e-19
       3.3187528       10.035772   7.4722492e-19   2.4336331e-19
       3.3199012       10.043458   7.4759643e-19   2.4314281e-19
       3.3210495       10.051167   7.4796896e-19   2.4292203e-19
       3.3221979       10.058899   7.4834251e-19   2.4270095e-19
       3.3233462       10.066655   7.4871709e-19   2.4247957e-19
       3.3244946       10.074434   7.4909270e-19   2.4225790e-19
       3.3256429       10.082236   7.4946935e-19   2.4203592e-19
       3.3267913       10.090063   7.4984704e-19   2.4181365e-19
       3.3279397       10.097913   7.5022577e-19   2.4159108e-19
       3.3290880       10.105787   7.5060556e-19   2.4136821e-19
       3.3302364       10.113686   7.5098641e-19   2.4114503e-19
       3.3313847       10.121608   7.5136832e-19   2.4092155e-19
       3.3325331       10.129555   7.5175130e-19   2.4069776e-19
       3.3336815       10.137527   7.5213535e-19   2.4047367e-19
       3.3348298       10.145523   7.5252049e-19   2.4024927e-19
       3.3359782       10.153544   7.5290671e-19   2.4002456e-19
       3.3371265       10.161590   7.5329402e-19   2.3979954e-19
       3.3382749       10.169661   7.5368243e-19   2.3957421e-19
       3.3394232       10.177757   7.5407194e-19   2.3934857e-19
       3.3405716       10.185879   7.5446256e-19   2.3912262e-19
       3.3417200       10.194026   7.5485430e-19   2.3889635e-19
       3.3428683       10.202199   7.5524715e-19   2.3866976e-19
       3.3440167       10.210397   7.5564113e-19   2.3844286e-19
       3.3451650       10.218621   7.5603625e-19   2.3821564e-19
       3.3463134       10.226872   7.5643250e-19   2.3798810e-19
       3.3474617       10.235148   7.5682989e-19   2.3776024e-19
       3.3486101       10.243451   7.5722844e-19   2.3753206e-19
       3.3497585       10.251781   7.5762814e-19   2.3730355e-19
       3.3509068       10.260137   7.5802901e-19   2.3707472e-19
       3.3520552       10.268520   7.5843105e-19   2.3684557e-19
       3.3532035       10.276930   7.5883426e-19   2.3661608e-19
       3.3543519       10.285367   7.5923865e-19   2.3638627e-19
       3.3555002       10.293831   7.5964423e-19   2.3615613e-19
       3.3566486       10.302323   7.6005100e-19   2.3592566e-19
       3.3577970       10.310842   7.6045898e-19   2.3569486e-19
       3.3589453       10.319389   7.6086816e-19   2.3546372e-19
       3.3600937       10.327964   7.6127855e-19   2.3523225e-19
       3.3612420       10.336567   7.6169017e-19   2.3500044e-19
       3.3623904       10.345198   7.6210302e-19   2.3476829e-19
       3.3635387       10.353857   7.6251709e-19   2.3453581e-19
       3.3646871       10.362545   7.6293241e-19   2.3430298e-19
       3.3658355       10.371262   7.6334898e-19   2.3406981e-19
       3.3669838       10.380008   7.6376680e-19   2.3383630e-19
       3.3681322       10.388782   7.6418589e-19   2.3360245e-19
       3.3692805       10.397586   7.6460624e-19   2.3336825e-19
       3.3704289       10.406419   7.6502787e-19   2.3313370e-19
       3.3715772       10.415282   7.6545078e-19   2.3289880e-19
       3.3727256       10.424175   7.6587498e-19   2.3266356e-19
       3.3738740       10.433097   7.6630048e-19   2.3242796e-19
       3.3750223       10.442049   7.6672728e-19   2.3219201e-19
       3.3761707       10.451032   7.6715539e-19   2.3195570e-19
       3.3773190       10.460045   7.6758483e-19   2.3171904e-19
       3.3784674       10.469089   7.6801559e-19   2.3148202e-19
       3.3796157       10.478164   7.6844769e-19   2.3124464e-19
       3.3807641       10.487270   7.6888112e-19   2.3100690e-19
       3.3819125       10.496406   7.6931591e-19   2.3076880e-19
       3.3830608       10.505575   7.6975206e-19   2.3053034e-19
       3.3842092       10.514774   7.7018957e-19   2.3029151e-19
       3.3853575       10.524006   7.7062845e-19   2.3005231e-19
       3.3865059       10.533269   7.7106872e-19   2.2981275e-19
       3.3876542       10.542565   7.7151038e-19   2.2957282e-19
       3.3888026       10.551893   7.7195343e-19   2.2933251e-19
       3.3899510       10.561254   7.7239789e-19   2.2909183e-19
       3.3910993       10.570647   7.7284376e-19   2.2885078e-19
       3.3922477       10.580073   7.7329105e-19   2.2860935e-19
       3.3933960       10.589532   7.7373978e-19   2.2836755e-19
       3.3945444       10.599025   7.7418994e-19   2.2812536e-19
       3.3956927       10.608551   7.7464156e-19   2.2788280e-19
       3.3968411       10.618111   7.7509462e-19   2.2763985e-19
       3.3979895       10.627705   7.7554916e-19   2.2739651e-19
       3.3991378       10.637333   7.7600516e-19   2.2715279e-19
       3.4002862       10.646996   7.7646265e-19   2.2690869e-19
       3.4014345       10.656693   7.7692163e-19   2.2666419e-19
       3.4025829       10.666425   7.7738211e-19   2.2641930e-19
       3.4037313       10.676192   7.7784410e-19   2.2617402e-19
       3.4048796       10.685995   7.7830760e-19   2.2592835e-19
       3.4060280       10.695833   7.7877264e-19   2.2568228e-19
       3.4071763       10.705707   7.7923921e-19   2.2543581e-19
       3.4083247       10.715616   7.7970733e-19   2.2518894e-19
       3.4094730       10.725562   7.8017700e-19   2.2494167e-19
       3.4106214       10.735544   7.8064824e-19   2.2469400e-19
       3.4117698       10.745563   7.8112105e-19   2.2444592e-19
       3.4129181       10.755619   7.8159545e-19   2.2419743e-19
       3.4140665       10.765712   7.8207144e-19   2.2394853e-19
       3.4152148       10.775843   7.8254904e-19   2.2369923e-19
       3.4163632       10.786011   7.8302825e-19   2.2344951e-19
       3.4175115       10.796217   7.8350908e-19   2.2319937e-19
       3.4186599       10.806461   7.8399155e-19   2.2294882e-19
       3.4198083       10.816744   7.8447567e-19   2.2269786e-19
       3.4209566       10.827065   7.8496144e-19   2.2244647e-19
       3.4221050       10.837425   7.8544887e-19   2.2219466e-19
       3.4232533       10.847824   7.8593798e-19   2.2194242e-19
       3.4244017       10.858263   7.8642878e-19   2.2168976e-19
       3.4255500       10.868741   7.8692127e-19   2.2143667e-19
       3.4266984       10.879260   7.8741548e-19   2.2118315e-19
       3.4278468       10.889818   7.8791140e-19   2.2092920e-19
       3.4289951       10.900417   7.8840905e-19   2.2067481e-19
       3.4301435       10.911057   7.8890845e-19   2.2041999e-19
       3.4312918       10.921738   7.8940960e-19   2.2016473e-19
       3.4324402       10.932460   7.8991251e-19   2.1990903e-19
       3.4335885       10.943224   7.9041719e-19   2.1965288e-19
       3.4347369       10.954030   7.9092367e-19   2.1939629e-19
       3.4358853       10.964878   7.9143194e-19   2.1913926e-19
       3.4370336       10.975768   7.9194202e-19   2.1888177e-19
       3.4381820       10.986701   7.9245393e-19   2.1862384e-19
       3.4393303       10.997677   7.9296767e-19   2.1836545e-19
       3.4404787       11.008697   7.9348326e-19   2.1810660e-19
       3.4416270       11.019760   7.9400070e-19   2.1784730e-19
       3.4427754       11.030867   7.9452002e-19   2.1758754e-19
       3.4439238       11.042019   7.9504122e-19   2.1732732e-19
       3.4450721       11.053215   7.9556432e-19   2.1706663e-19
       3.4462205       11.064456   7.9608932e-19   2.1680547e-19
       3.4473688       11.075742   7.9661625e-19   2.1654385e-19
       3.4485172       11.087074   7.9714511e-19   2.1628175e-19
       3.4496655       11.098452   7.9767593e-19   2.1601918e-19
       3.4508139       11.109876   7.9820870e-19   2.1575613e-19
       3.4519623       11.121346   7.9874345e-19   2.1549261e-19
       3.4531106       11.132863   7.9928018e-19   2.1522860e-19
       3.4542590       11.144428   7.9981892e-19   2.1496412e-19
       3.4554073       11.156040   8.0035967e-19   2.1469914e-19
       3.4565557       11.167700   8.0090246e-19   2.1443368e-19
       3.4577040       11.179408   8.0144729e-19   2.1416772e-19
       3.4588524       11.191165   8.0199417e-19   2.1390128e-19
       3.4600008       11.202971   8.0254313e-19   2.1363433e-19
       3.4611491       11.214826   8.0309417e-19   2.1336689e-19
       3.4622975       11.226731   8.0364732e-19   2.1309895e-19
       3.4634458       11.238686   8.0420258e-19   2.1283051e-19
       3.4645942       11.250691   8.0475998e-19   2.1256156e-19
       3.4657425       11.262747   8.0531952e-19   2.1229210e-19
       3.4668909       11.274855   8.0588122e-19   2.1202212e-19
       3.4680393       11.287013   8.0644510e-19   2.1175164e-19
       3.4691876       11.299224   8.0701117e-19   2.1148064e-19
       3.4703360       11.311488   8.0757945e-19   2.1120911e-19
       3.4714843       11.323804   8.0814995e-19   2.1093707e-19
       3.4726327       11.336173   8.0872270e-19   2.1066450e-19
       3.4737810       11.348595   8.0929770e-19   2.1039141e-19
       3.4749294       11.361072   8.0987498e-19   2.1011778e-19
       3.4760778       11.373603   8.1045454e-19   2.0984362e-19
       3.4772261       11.386189   8.1103641e-19   2.0956892e-19
       3.4783745       11.398830   8.1162061e-19   2.0929368e-19
       3.4795228       11.411527   8.1220714e-19   2.0901791e-19
       3.4806712       11.424279   8.1279604e-19   2.0874158e-19
       3.4818196       11.437089   8.1338731e-19   2.0846471e-19
       3.4829679       11.449955   8.1398097e-19   2.0818729e-19
       3.4841163       11.462879   8.1457704e-19   2.0790931e-19
       3.4852646       11.475860   8.1517555e-19   2.0763078e-19
       3.4864130       11.488900   8.1577650e-19   2.0735168e-19
       3.4875613       11.501999   8.1637991e-19   2.0707203e-19
       3.4887097       11.515157   8.1698582e-19   2.0679180e-19
       3.4898581       11.528375   8.1759422e-19   2.0651101e-19
       3.4910064       11.541653   8.1820515e-19   2.0622964e-19
       3.4921548       11.554991   8.1881862e-19   2.0594770e-19
       3.4933031       11.568391   8.1943465e-19   2.0566518e-19
       3.4944515       11.581853   8.2005326e-19   2.0538207e-19
       3.4955998       11.595377   8.2067448e-19   2.0509838e-19
       3.4967482       11.608963   8.2129832e-19   2.0481410e-19
       3.4978966       11.622613   8.2192479e-19   2.0452923e-19
       3.4990449       11.636326   8.2255394e-19   2.0424376e-19
       3.5001933       11.650104   8.2318576e-19   2.0395769e-19
       3.5013416       11.663947   8.2382029e-19   2.0367102e-19
       3.5024900       11.677855   8.2445755e-19   2.0338375e-19
       3.5036383       11.691828   8.2509755e-19   2.0309586e-19
       3.5047867       11.705869   8.2574033e-19   2.0280736e-19
       3.5059351       11.719976   8.2638589e-19   2.0251824e-19
       3.5070834       11.734151   8.2703428e-19   2.0222850e-19
       3.5082318       11.748394   8.2768549e-19   2.0193814e-19
       3.5093801       11.762705   8.2833957e-19   2.0164714e-19
       3.5105285       11.777086   8.2899653e-19   2.0135552e-19
       3.5116768       11.791537   8.2965640e-19   2.0106326e-19
       3.5128252       11.806058   8.3031920e-19   2.0077036e-19
       3.5139736       11.820651   8.3098496e-19   2.0047682e-19
       3.5151219       11.835315   8.3165369e-19   2.0018263e-19
       3.5162703       11.850052   8.3232543e-19   1.9988779e-19
       3.5174186       11.864861   8.3300020e-19   1.9959229e-19
       3.5185670       11.879745   8.3367802e-19   1.9929614e-19
       3.5197153       11.894702   8.3435892e-19   1.9899932e-19
       3.5208637       11.909735   8.3504292e-19   1.9870183e-19
       3.5220121       11.924843   8.3573006e-19   1.9840367e-19
       3.5231604       11.940027   8.3642035e-19   1.9810484e-19
       3.5243088       11.955288   8.3711383e-19   1.9780533e-19
       3.5254571       11.970627   8.3781053e-19   1.9750513e-19
       3.5266055       11.986044   8.3851046e-19   1.9720424e-19
       3.5277538       12.001541   8.3921366e-19   1.9690266e-19
       3.5289022       12.017117   8.3992016e-19   1.9660038e-19
       3.5300506       12.032774   8.4062998e-19   1.9629741e-19
       3.5311989       12.048511   8.4134315e-19   1.9599372e-19
       3.5323473       12.064331   8.4205971e-19   1.9568933e-19
       3.5334956       12.080234   8.4277968e-19   1.9538421e-19
       3.5346440       12.096220   8.4350309e-19   1.9507838e-19
       3.5357923       12.112291   8.4422997e-19   1.9477183e-19
       3.5369407       12.128446   8.4496036e-19   1.9446454e-19
       3.5380891       12.144687   8.4569428e-19   1.9415652e-19
       3.5392374       12.161016   8.4643177e-19   1.9384777e-19
       3.5403858       12.177431   8.4717286e-19   1.9353826e-19
       3.5415341       12.193935   8.4791758e-19   1.9322801e-19
       3.5426825       12.210528   8.4866596e-19   1.9291701e-19
       3.5438308       12.227211   8.4941805e-19   1.9260524e-19
       3.5449792       12.243985   8.5017386e-19   1.9229272e-19
       3.5461276       12.260851   8.5093344e-19   1.9197942e-19
       3.5472759       12.277810   8.5169682e-19   1.9166535e-19
       3.5484243       12.294862   8.5246403e-19   1.9135050e-19
       3.5495726       12.312008   8.5323512e-19   1.9103486e-19
       3.5507210       12.329250   8.5401011e-19   1.9071843e-19
       3.5518694       12.346589   8.5478905e-19   1.9040121e-19
       3.5530177       12.364024   8.5557197e-19   1.9008319e-19
       3.5541661       12.381558   8.5635890e-19   1.8976436e-19
       3.5553144       12.399192   8.5714990e-19   1.8944471e-19
       3.5564628       12.416925   8.5794499e-19   1.8912425e-19
       3.5576111       12.434760   8.5874421e-19   1.8880297e-19
       3.5587595       12.452697   8.5954761e-19   1.8848085e-19
       3.5599079       12.470737   8.6035523e-19   1.8815790e-19
       3.5610562       12.488882   8.6116710e-19   1.8783411e-19
       3.5622046       12.507132   8.6198327e-19   1.8750946e-19
       3.5633529       12.525489   8.6280378e-19   1.8718397e-19
       3.5645013       12.543954   8.6362867e-19   1.8685761e-19
       3.5656496       12.562527   8.6445799e-19   1.8653039e-19
       3.5667980       12.581210   8.6529178e-19   1.8620230e-19
       3.5679464       12.600004   8.6613008e-19   1.8587333e-19
       3.5690947       12.618911   8.6697294e-19   1.8554347e-19
       3.5702431       12.637931   8.6782041e-19   1.8521272e-19
       3.5713914       12.657065   8.6867253e-19   1.8488107e-19
       3.5725398       12.676316   8.6952935e-19   1.8454851e-19
       3.5736881       12.695683   8.7039092e-19   1.8421504e-19
       3.5748365       12.715169   8.7125728e-19   1.8388065e-19
       3.5759849       12.734775   8.7212849e-19   1.8354534e-19
       3.5771332       12.754501   8.7300460e-19   1.8320909e-19
       3.5782816       12.774350   8.7388565e-19   1.8287191e-19
       3.5794299       12.794323   8.7477171e-19   1.8253377e-19
       3.5805783       12.814420   8.7566281e-19   1.8219468e-19
       3.5817266       12.834644   8.7655902e-19   1.8185463e-19
       3.5828750       12.854996   8.7746038e-19   1.8151361e-19
       3.5840234       12.875477   8.7836696e-19   1.8117161e-19
       3.5851717       12.896088   8.7927882e-19   1.8082862e-19
       3.5863201       12.916832   8.8019599e-19   1.8048464e-19
       3.5874684       12.937709   8.8111855e-19   1.8013966e-19
       3.5886168       12.958722   8.8204656e-19   1.7979367e-19
       3.5897651       12.979872   8.8298007e-19   1.7944667e-19
       3.5909135       13.001159   8.8391913e-19   1.7909864e-19
       3.5920619       13.022587   8.8486383e-19   1.7874957e-19
       3.5932102       13.044156   8.8581421e-19   1.7839946e-19
       3.5943586       13.065869   8.8677034e-19   1.7804830e-19
       3.5955069       13.087726   8.8773228e-19   1.7769609e-19
       3.5966553       13.109730   8.8870011e-19   1.7734280e-19
       3.5978036       13.131883   8.8967388e-19   1.7698844e-19
       3.5989520       13.154186   8.9065367e-19   1.7663299e-19
       3.6001004       13.176640   8.9163954e-19   1.7627644e-19
       3.6012487       13.199249   8.9263156e-19   1.7591879e-19
       3.6023971       13.222013   8.9362981e-19   1.7556003e-19
       3.6035454       13.244935   8.9463435e-19   1.7520014e-19
       3.6046938       13.268016   8.9564526e-19   1.7483912e-19
       3.6058421       13.291259   8.9666263e-19   1.7447696e-19
       3.6069905       13.314665   8.9768651e-19   1.7411364e-19
       3.6081389       13.338237   8.9871699e-19   1.7374916e-19
       3.6092872       13.361977   8.9975415e-19   1.7338350e-19
       3.6104356       13.385886   9.0079807e-19   1.7301667e-19
       3.6115839       13.409967   9.0184882e-19   1.7264863e-19
       3.6127323       13.434223   9.0290650e-19   1.7227940e-19
       3.6138806       13.458654   9.0397119e-19   1.7190894e-19
       3.6150290       13.483265   9.0504298e-19   1.7153726e-19
       3.6161774       13.508056   9.0612194e-19   1.7116435e-19
       3.6173257       13.533031   9.0720817e-19   1.7079018e-19
       3.6184741       13.558191   9.0830177e-19   1.7041475e-19
       3.6196224       13.583540   9.0940282e-19   1.7003805e-19
       3.6207708       13.609079   9.1051142e-19   1.6966006e-19
       3.6219192       13.634811   9.1162766e-19   1.6928078e-19
       3.6230675       13.660740   9.1275165e-19   1.6890019e-19
       3.6242159       13.686866   9.1388348e-19   1.6851827e-19
       3.6253642       13.713194   9.1502325e-19   1.6813503e-19
       3.6265126       13.739726   9.1617107e-19   1.6775043e-19
       3.6276609       13.766465   9.1732704e-19   1.6736448e-19
       3.6288093       13.793413   9.1849127e-19   1.6697715e-19
       3.6299577       13.820574   9.1966387e-19   1.6658844e-19
       3.6311060       13.847950   9.2084495e-19   1.6619833e-19
       3.6322544       13.875545   9.2203463e-19   1.6580680e-19
       3.6334027       13.903362   9.2323301e-19   1.6541385e-19
       3.6345511       13.931403   9.2444023e-19   1.6501945e-19
       3.6356994       13.959673   9.2565639e-19   1.6462360e-19
       3.6368478       13.988174   9.2688163e-19   1.6422627e-19
       3.6379962       14.016909   9.2811607e-19   1.6382746e-19
       3.6391445       14.045883   9.2935984e-19   1.6342715e-19
       3.6402929       14.075099   9.3061306e-19   1.6302532e-19
       3.6414412       14.104559   9.3187587e-19   1.6262195e-19
       3.6425896       14.134269   9.3314842e-19   1.6221704e-19
       3.6437379       14.164231   9.3443082e-19   1.6181056e-19
       3.6448863       14.194450   9.3572324e-19   1.6140250e-19
       3.6460347       14.224930   9.3702582e-19   1.6099284e-19
       3.6471830       14.255673   9.3833869e-19   1.6058156e-19
       3.6483314       14.286686   9.3966202e-19   1.6016865e-19
       3.6494797       14.317970   9.4099595e-19   1.5975408e-19
       3.6506281       14.349532   9.4234066e-19   1.5933785e-19
       3.6517764       14.381375   9.4369629e-19   1.5891993e-19
       3.6529248       14.413504   9.4506301e-19   1.5850030e-19
       3.6540732       14.445924   9.4644099e-19   1.5807894e-19
       3.6552215       14.478638   9.4783041e-19   1.5765584e-19
       3.6563699       14.511652   9.4923144e-19   1.5723097e-19
       3.6575182       14.544971   9.5064426e-19   1.5680432e-19
       3.6586666       14.578599   9.5206905e-19   1.5637586e-19
       3.6598149       14.612542   9.5350600e-19   1.5594557e-19
       3.6609633       14.646806   9.5495531e-19   1.5551343e-19
       3.6621117       14.681395   9.5641718e-19   1.5507943e-19
       3.6632600       14.716314   9.5789180e-19   1.5464353e-19
       3.6644084       14.751571   9.5937938e-19   1.5420571e-19
       3.6655567       14.787169   9.6088014e-19   1.5376595e-19
       3.6667051       14.823116   9.6239429e-19   1.5332423e-19
       3.6678534       14.859418   9.6392205e-19   1.5288053e-19
       3.6690018       14.896080   9.6546365e-19   1.5243481e-19
       3.6701502       14.933109   9.6701933e-19   1.5198706e-19
       3.6712985       14.970512   9.6858932e-19   1.5153725e-19
       3.6724469       15.008294   9.7017387e-19   1.5108534e-19
       3.6735952       15.046464   9.7177323e-19   1.5063133e-19
       3.6747436       15.085029   9.7338765e-19   1.5017517e-19
       3.6758919       15.123994   9.7501741e-19   1.4971684e-19
       3.6770403       15.163369   9.7666276e-19   1.4925632e-19
       3.6781887       15.203160   9.7832400e-19   1.4879357e-19
       3.6793370       15.243376   9.8000140e-19   1.4832856e-19
       3.6804854       15.284024   9.8169525e-19   1.4786127e-19
       3.6816337       15.325113   9.8340587e-19   1.4739166e-19
       3.6827821       15.366652   9.8513355e-19   1.4691970e-19
       3.6839304       15.408648   9.8687861e-19   1.4644536e-19
       3.6850788       15.451112   9.8864138e-19   1.4596861e-19
       3.6862272       15.494052   9.9042219e-19   1.4548941e-19
       3.6873755       15.537479   9.9222139e-19   1.4500773e-19
       3.6885239       15.581401   9.9403933e-19   1.4452353e-19
       3.6896722       15.625828   9.9587637e-19   1.4403677e-19
       3.6908206       15.670773   9.9773289e-19   1.4354743e-19
       3.6919690       15.716244   9.9960927e-19   1.4305546e-19
       3.6931173       15.762253   1.0015059e-18   1.4256082e-19
       3.6942657       15.808812   1.0034232e-18   1.4206348e-19
       3.6954140       15.855931   1.0053616e-18   1.4156339e-19
       3.6965624       15.903624   1.0073215e-18   1.4106051e-19
       3.6977107       15.951903   1.0093034e-18   1.4055480e-19
       3.6988591       16.000780   1.0113076e-18   1.4004622e-19
       3.7000075       16.050269   1.0133348e-18   1.3953472e-19
       3.7011558       16.100383   1.0153854e-18   1.3902025e-19
       3.7023042       16.151137   1.0174598e-18   1.3850276e-19
       3.7034525       16.202546   1.0195586e-18   1.3798222e-19
       3.7046009       16.254623   1.0216824e-18   1.3745857e-19
       3.7057492       16.307385   1.0238317e-18   1.3693175e-19
       3.7068976       16.360848   1.0260070e-18   1.3640172e-19
       3.7080460       16.415029   1.0282089e-18   1.3586843e-19
       3.7091943       16.469945   1.0304381e-18   1.3533181e-19
       3.7103427       16.525613   1.0326952e-18   1.3479181e-19
       3.7114910       16.582052   1.0349808e-18   1.3424837e-19
       3.7126394       16.639282   1.0372957e-18   1.3370144e-19
       3.7137877       16.697321   1.0396404e-18   1.3315094e-19
       3.7149361       16.756191   1.0420158e-18   1.3259683e-19
       3.7160845       16.815913   1.0444225e-18   1.3203902e-19
       3.7172328       16.876508   1.0468614e-18   1.3147746e-19
       3.7183812       16.938001   1.0493332e-18   1.3091207e-19
       3.7195295       17.000413   1.0518388e-18   1.3034279e-19
       3.7206779       17.063771   1.0543790e-18   1.2976954e-19
       3.7218262       17.128100   1.0569548e-18   1.2919224e-19
       3.7229746       17.193427   1.0595670e-18   1.2861082e-19
       3.7241230       17.259778   1.0622167e-18   1.2802520e-19
       3.7252713       17.327184   1.0649047e-18   1.2743528e-19
       3.7264197       17.395673   1.0676322e-18   1.2684099e-19
       3.7275680       17.465278   1.0704003e-18   1.2624225e-19
       3.7287164       17.536030   1.0732101e-18   1.2563894e-19
       3.7298647       17.607965   1.0760627e-18   1.2503099e-19
       3.7310131       17.681116   1.0789593e-18   1.2441829e-19
       3.7321615       17.755522   1.0819013e-18   1.2380074e-19
       3.7333098       17.831220   1.0848900e-18   1.2317824e-19
       3.7344582       17.908251   1.0879267e-18   1.2255067e-19
       3.7356065       17.986658   1.0910129e-18   1.2191793e-19
       3.7367549       18.066483   1.0941501e-18   1.2127990e-19
       3.7379032       18.147774   1.0973399e-18   1.2063646e-19
       3.7390516       18.230579   1.1005840e-18   1.1998747e-19
       3.7402000       18.314947   1.1038839e-18   1.1933282e-19
       3.7413483       18.400933   1.1072417e-18   1.1867236e-19
       3.7424967       18.488592   1.1106591e-18   1.1800596e-19
       3.7436450       18.577983   1.1141381e-18   1.1733346e-19
       3.7447934       18.669167   1.1176809e-18   1.1665472e-19
       3.7459417       18.762208   1.1212895e-18   1.1596958e-19
       3.7470901       18.857176   1.1249664e-18   1.1527786e-19
       3.7482385       18.954140   1.1287139e-18   1.1457941e-19
       3.7493868       19.053178   1.1325345e-18   1.1387404e-19
       3.7505352       19.154369   1.1364310e-18   1.1316155e-19
       3.7516835       19.257798   1.1404062e-18   1.1244177e-19
       3.7528319       19.363552   1.1444630e-18   1.1171447e-19
       3.7539802       19.471727   1.1486046e-18   1.1097945e-19
       3.7551286       19.582422   1.1528343e-18   1.1023649e-19
       3.7562770       19.695744   1.1571557e-18   1.0948534e-19
       3.7574253       19.811804   1.1615724e-18   1.0872576e-19
       3.7585737       19.930723   1.1660884e-18   1.0795749e-19
       3.7597220       20.052626   1.1707079e-18   1.0718026e-19
       3.7608704       20.177650   1.1754354e-18   1.0639378e-19
       3.7620188       20.305938   1.1802756e-18   1.0559776e-19
       3.7631671       20.437645   1.1852336e-18   1.0479188e-19
       3.7643155       20.572935   1.1903147e-18   1.0397579e-19
       3.7654638       20.711984   1.1955247e-18   1.0314916e-19
       3.7666122       20.854981   1.2008698e-18   1.0231159e-19
       3.7677605       21.002130   1.2063566e-18   1.0146271e-19
       3.7689089       21.153648   1.2119921e-18   1.0060209e-19
       3.7700573       21.309770   1.2177839e-18   9.9729288e-20
       3.7712056       21.470749   1.2237402e-18   9.8843829e-20
       3.7723540       21.636861   1.2298698e-18   9.7945213e-20
       3.7735023       21.808401   1.2361822e-18   9.7032905e-20
       3.7746507       21.985692   1.2426878e-18   9.6106333e-20
       3.7757990       22.169083   1.2493976e-18   9.5164887e-20
       3.7769474       22.358956   1.2563239e-18   9.4207914e-20
       3.7780958       22.555727   1.2634797e-18   9.3234711e-20
       3.7792441       22.759853   1.2708795e-18   9.2244526e-20
       3.7803925       22.971833   1.2785390e-18   9.1236546e-20
       3.7815408       23.192220   1.2864755e-18   9.0209895e-20
       3.7826892       23.421619   1.2947080e-18   8.9163625e-20
       3.7838375       23.660705   1.3032574e-18   8.8096710e-20
       3.7849859       23.910224   1.3121469e-18   8.7008031e-20
       3.7861343       24.171008   1.3214021e-18   8.5896371e-20
       3.7872826       24.443988   1.3310516e-18   8.4760400e-20
       3.7884310       24.730210   1.3411275e-18   8.3598658e-20
       3.7895793       25.030851   1.3516655e-18   8.2409540e-20
       3.7907277       25.347245   1.3627061e-18   8.1191274e-20
       3.7918760       25.680911   1.3742951e-18   7.9941896e-20
       3.7930244       26.033583   1.3864844e-18   7.8659221e-20
       3.7941728       26.407258   1.3993335e-18   7.7340808e-20
       3.7953211       26.804248   1.4129108e-18   7.5983914e-20
       3.7964695       27.227243   1.4272956e-18   7.4585445e-20
       3.7976178       27.679404   1.4425801e-18   7.3141886e-20
       3.7987662       28.164465   1.4588726e-18   7.1649223e-20
       3.7999145       28.686887   1.4763013e-18   7.0102839e-20
       3.8010629       29.252045   1.4950194e-18   6.8497381e-20
       3.8022113       29.866486   1.5152118e-18   6.6826594e-20
       3.8022113       30.846710   1.7306318e-18   7.1939710e-20
       3.8033596       31.485060   1.7675749e-18   7.0767374e-20
       3.8045080       32.170621   1.8031297e-18   6.9395535e-20
       3.8056563       32.905539   1.8371535e-18   6.7836872e-20
       3.8068047       33.691756   1.8695143e-18   6.6107233e-20
       3.8079530       34.530932   1.9000910e-18   6.4225290e-20
       3.8091014       35.424357   1.9287735e-18   6.2212048e-20
       3.8102498       36.372857   1.9554604e-18   6.0090245e-20
       3.8113981       37.376687   1.9800553e-18   5.7883671e-20
       3.8125465       38.435426   2.0024619e-18   5.5616421e-20
       3.8136948       39.547868   2.0225761e-18   5.3312141e-20
       3.8148432       40.711930   2.0402782e-18   5.0993308e-20
       3.8159915       41.924561   2.0554222e-18   4.8680567e-20
       3.8171399       43.181687   2.0678258e-18   4.6392192e-20
       3.8182883       44.478178   2.0772611e-18   4.4143677e-20
       3.8194366       45.807861   2.0834476e-18   4.1947503e-20
       3.8205850       47.163576   2.0860489e-18   3.9813074e-20
       3.8217333       48.537287   2.0846768e-18   3.7746835e-20
       3.8228817       49.920239   2.0789025e-18   3.5752559e-20
       3.8240300       51.303170   2.0682776e-18   3.3831767e-20
       3.8251784       52.676551   2.0523648e-18   3.1984262e-20
       3.8263268       54.030868   2.0307760e-18   3.0208698e-20
       3.8274751       55.356896   2.0032150e-18   2.8503155e-20
       3.8286235       56.645978   1.9695190e-18   2.6865633e-20
       3.8297718       57.890271   1.9296931e-18   2.5294430e-20
       3.8309202       59.082950   1.8839313e-18   2.3788367e-20
       3.8320685       60.218360   1.8326195e-18   2.2346842e-20
       3.8332169       61.292109   1.7763207e-18   2.0969749e-20
       3.8343653       62.301092   1.7157426e-18   1.9657290e-20
       3.8355136       63.243468   1.6516937e-18   1.8409740e-20
       3.8366620       64.118579   1.5850344e-18   1.7227217e-20
       3.8378103       64.926838   1.5166292e-18   1.6109492e-20
       3.8389587       65.669585   1.4473054e-18   1.5055872e-20
       3.8401071       66.348931   1.3778215e-18   1.4065148e-20
       3.8412554       66.967599   1.3088466e-18   1.3135612e-20
       3.8424038       67.528770   1.2409498e-18   1.2265113e-20
       3.8435521       68.035937   1.1745977e-18   1.1451148e-20
       3.8447005       68.492782   1.1101591e-18   1.0690958e-20
       3.8458488       68.903065   1.0479128e-18   9.9816280e-21
       3.8469972       69.270535   9.8805851e-19   9.3201713e-21
       3.8481456       69.598856   9.3072799e-19   8.7036044e-21
       3.8492939       69.891559   8.7599651e-19   8.1290026e-21
       3.8504423       70.151997   8.2389321e-19   7.5935422e-21
       3.8515906       70.383322   7.7441050e-19   7.0945289e-21
       3.8527390       70.588468   7.2751212e-19   6.6294154e-21
       3.8538873       70.770147   6.8314001e-19   6.1958101e-21
       3.8550357       70.930845   6.4121993e-19   5.7914790e-21
       3.8561841       71.072830   6.0166616e-19   5.4143442e-21
       3.8573324       71.198161   5.6438520e-19   5.0624772e-21
       3.8584808       71.308696   5.2927870e-19   4.7340924e-21
       3.8596291       71.406109   4.9624587e-19   4.4275378e-21
       3.8607775       71.491901   4.6518520e-19   4.1412860e-21
       3.8619258       71.567414   4.3599592e-19   3.8739251e-21
       3.8630742       71.633845   4.0857900e-19   3.6241496e-21
       3.8642226       71.692260   3.8283793e-19   3.3907519e-21
       3.8653709       71.743605   3.5867928e-19   3.1726146e-21
       3.8665193       71.788721   3.3601309e-19   2.9687026e-21
       3.8676676       71.828350   3.1475310e-19   2.7780567e-21
       3.8688160       71.863151   2.9481690e-19   2.5997872e-21
       3.8699643       71.893705   2.7612599e-19   2.4330681e-21
       3.8711127       71.920524   2.5860579e-19   2.2771323e-21
       3.8722611       71.944060   2.4218558e-19   2.1312666e-21
       3.8734094       71.964712   2.2679844e-19   1.9948077e-21
       3.8745578       71.982831   2.1238110e-19   1.8671379e-21
       3.8757061       71.998726   1.9887387e-19   1.7476822e-21
       3.8768545       72.012667   1.8622045e-19   1.6359045e-21
       3.8780028       72.024895   1.7436782e-19   1.5313051e-21
       3.8791512       72.035618   1.6326608e-19   1.4334179e-21
       3.8802996       72.045022   1.5286830e-19   1.3418080e-21
       3.8814479       72.053267   1.4313035e-19   1.2560692e-21
       3.8825963       72.060496   1.3401080e-19   1.1758224e-21
       3.8837446       72.066835   1.2547071e-19   1.1007134e-21
       3.8848930       72.072392   1.1747356e-19   1.0304113e-21
       3.8860413       72.077264   1.0998506e-19   9.6460690e-22
       3.8871897       72.081535   1.0297305e-19   9.0301106e-22
       3.8883381       72.085279   9.6407366e-20   8.4535353e-22
       3.8894864       72.088561   9.0259734e-20   7.9138160e-22
       3.8906348       72.091438   8.4503638e-20   7.4085894e-22
       3.8917831       72.093960   7.9114228e-20   6.9356451e-22
       3.8929315       72.096171   7.4068216e-20   6.4929153e-22
       3.8940798       72.098109   6.9343780e-20   6.0784656e-22
       3.8952282       72.099807   6.4920474e-20   5.6904862e-22
       3.8963766       72.101296   6.0779143e-20   5.3272837e-22
       3.8975249       72.102601   5.6901844e-20   4.9872735e-22
       3.8986733       72.103745   5.3271771e-20   4.6689728e-22
       3.8998216       72.104747   4.9873180e-20   4.3709940e-22
       3.9009700       72.105626   4.6691330e-20   4.0920382e-22
       3.9021183       72.106396   4.3712411e-20   3.8308901e-22
       3.9032667       72.107071   4.0923493e-20   3.5864120e-22
       3.9044151       72.107663   3.8312468e-20   3.3575391e-22
       3.9055634       72.108182   3.5867996e-20   3.1432747e-22
       3.9067118       72.108636   3.3579460e-20   2.9426860e-22
       3.9078601       72.109034   3.1436919e-20   2.7548996e-22
       3.9090085       72.109384   2.9431062e-20   2.5790982e-22
       3.9101569       72.109690   2.7553173e-20   2.4145166e-22
       3.9113052       72.109958   2.5795092e-20   2.2604385e-22
       3.9124536       72.110193   2.4149178e-20   2.1161935e-22
       3.9136019       72.110399   2.2608276e-20   1.9811538e-22
       3.9147503       72.110580   2.1165687e-20   1.8547318e-22
       3.9158986       72.110738   1.9815141e-20   1.7363776e-22
       3.9170470       72.110877   1.8550766e-20   1.6255761e-22
       3.9181954       72.110998   1.7367065e-20   1.5218455e-22
       3.9193437       72.111105   1.6258891e-20   1.4247342e-22
       3.9204921       72.111198   1.5221425e-20   1.3338200e-22
       3.9216404       72.111280   1.4250157e-20   1.2487073e-22
       3.9227888       72.111352   1.3340863e-20   1.1690259e-22
       3.9239371       72.111415   1.2489589e-20   1.0944292e-22
       3.9250855       72.111470   1.1692633e-20   1.0245926e-22
       3.9262339       72.111518   1.0946529e-20   9.5921249e-23
       3.9273822       72.111560   1.0248033e-20   8.9800437e-23
       3.9285306       72.111598   9.5941078e-21   8.4070204e-23
       3.9296789       72.111630   8.9819085e-21   7.8705626e-23
       3.9308273       72.111659   8.4087732e-21   7.3683368e-23
       3.9319756       72.111684   7.8722092e-21   6.8981587e-23
       3.9331240       72.111705   7.3698831e-21   6.4579832e-23
       3.9342724       72.111725   6.8996101e-21   6.0458957e-23
       3.9354207       72.111741   6.4593451e-21   5.6601039e-23
       3.9365691       72.111756   6.0471733e-21   5.2989298e-23
       3.9377174       72.111769   5.6613021e-21   4.9608025e-23
