    0.0011894681       5.0038454   4.7728396e-19   5.5420865e-19
     0.013084149       5.0093972   4.7762927e-19   5.5348325e-19
     0.024978829       5.0149725   4.7797590e-19   5.5275654e-19
     0.036873510       5.0205713   4.7832386e-19   5.5202854e-19
     0.048768190       5.0261939   4.7867316e-19   5.5129922e-19
     0.060662871       5.0318404   4.7902380e-19   5.5056859e-19
     0.072557551       5.0375110   4.7937579e-19   5.4983663e-19
     0.084452232       5.0432058   4.7972915e-19   5.4910334e-19
     0.096346912       5.0489251   4.8008389e-19   5.4836872e-19
      0.10824159       5.0546691   4.8044001e-19   5.4763275e-19
      0.12013627       5.0604378   4.8079752e-19   5.4689543e-19
      0.13203095       5.0662316   4.8115644e-19   5.4615675e-19
      0.14392563       5.0720506   4.8151677e-19   5.4541670e-19
      0.15582031       5.0778950   4.8187853e-19   5.4467529e-19
      0.16771500       5.0837650   4.8224172e-19   5.4393249e-19
      0.17960968       5.0896608   4.8260636e-19   5.4318831e-19
      0.19150436       5.0955825   4.8297245e-19   5.4244273e-19
      0.20339904       5.1015305   4.8334001e-19   5.4169576e-19
      0.21529372       5.1075048   4.8370905e-19   5.4094737e-19
      0.22718840       5.1135057   4.8407957e-19   5.4019757e-19
      0.23908308       5.1195335   4.8445159e-19   5.3944635e-19
      0.25097776       5.1255882   4.8482512e-19   5.3869369e-19
      0.26287244       5.1316702   4.8520018e-19   5.3793960e-19
      0.27476712       5.1377796   4.8557677e-19   5.3718406e-19
      0.28666180       5.1439166   4.8595490e-19   5.3642706e-19
      0.29855648       5.1500816   4.8633458e-19   5.3566861e-19
      0.31045116       5.1562746   4.8671584e-19   5.3490869e-19
      0.32234584       5.1624960   4.8709867e-19   5.3414728e-19
      0.33424052       5.1687459   4.8748309e-19   5.3338440e-19
      0.34613520       5.1750246   4.8786912e-19   5.3262001e-19
      0.35802988       5.1813323   4.8825677e-19   5.3185413e-19
      0.36992456       5.1876692   4.8864604e-19   5.3108674e-19
      0.38181924       5.1940356   4.8903695e-19   5.3031783e-19
      0.39371392       5.2004318   4.8942952e-19   5.2954739e-19
      0.40560861       5.2068579   4.8982375e-19   5.2877541e-19
      0.41750329       5.2133142   4.9021966e-19   5.2800190e-19
      0.42939797       5.2198010   4.9061726e-19   5.2722682e-19
      0.44129265       5.2263185   4.9101657e-19   5.2645019e-19
      0.45318733       5.2328670   4.9141759e-19   5.2567199e-19
      0.46508201       5.2394467   4.9182035e-19   5.2489221e-19
      0.47697669       5.2460579   4.9222486e-19   5.2411084e-19
      0.48887137       5.2527008   4.9263112e-19   5.2332788e-19
      0.50076605       5.2593758   4.9303916e-19   5.2254331e-19
      0.51266073       5.2660831   4.9344899e-19   5.2175712e-19
      0.52455541       5.2728229   4.9386062e-19   5.2096931e-19
      0.53645009       5.2795955   4.9427406e-19   5.2017986e-19
      0.54834477       5.2864013   4.9468934e-19   5.1938877e-19
      0.56023945       5.2932405   4.9510647e-19   5.1859603e-19
      0.57213413       5.3001134   4.9552545e-19   5.1780163e-19
      0.58402881       5.3070203   4.9594632e-19   5.1700555e-19
      0.59592349       5.3139615   4.9636907e-19   5.1620779e-19
      0.60781817       5.3209372   4.9679373e-19   5.1540834e-19
      0.61971285       5.3279478   4.9722032e-19   5.1460719e-19
      0.63160753       5.3349936   4.9764885e-19   5.1380432e-19
      0.64350222       5.3420749   4.9807933e-19   5.1299973e-19
      0.65539690       5.3491921   4.9851178e-19   5.1219341e-19
      0.66729158       5.3563453   4.9894623e-19   5.1138535e-19
      0.67918626       5.3635350   4.9938268e-19   5.1057553e-19
      0.69108094       5.3707615   4.9982115e-19   5.0976394e-19
      0.70297562       5.3780251   5.0026166e-19   5.0895059e-19
      0.71487030       5.3853261   5.0070423e-19   5.0813544e-19
      0.72676498       5.3926649   5.0114887e-19   5.0731850e-19
      0.73865966       5.4000419   5.0159560e-19   5.0649975e-19
      0.75055434       5.4074573   5.0204445e-19   5.0567918e-19
      0.76244902       5.4149115   5.0249542e-19   5.0485678e-19
      0.77434370       5.4224049   5.0294854e-19   5.0403254e-19
      0.78623838       5.4299378   5.0340383e-19   5.0320644e-19
      0.79813306       5.4375107   5.0386130e-19   5.0237848e-19
      0.81002774       5.4451238   5.0432098e-19   5.0154864e-19
      0.82192242       5.4527776   5.0478288e-19   5.0071691e-19
      0.83381710       5.4604724   5.0524703e-19   4.9988328e-19
      0.84571178       5.4682087   5.0571343e-19   4.9904774e-19
      0.85760646       5.4759867   5.0618212e-19   4.9821027e-19
      0.86950114       5.4838070   5.0665312e-19   4.9737086e-19
      0.88139583       5.4916699   5.0712644e-19   4.9652951e-19
      0.89329051       5.4995757   5.0760211e-19   4.9568619e-19
      0.90518519       5.5075251   5.0808014e-19   4.9484089e-19
      0.91707987       5.5155183   5.0856057e-19   4.9399360e-19
      0.92897455       5.5235557   5.0904340e-19   4.9314432e-19
      0.94086923       5.5316379   5.0952867e-19   4.9229302e-19
      0.95276391       5.5397652   5.1001639e-19   4.9143968e-19
      0.96465859       5.5479381   5.1050659e-19   4.9058431e-19
      0.97655327       5.5561570   5.1099929e-19   4.8972688e-19
      0.98844795       5.5644224   5.1149452e-19   4.8886738e-19
       1.0003426       5.5727348   5.1199230e-19   4.8800580e-19
       1.0122373       5.5810946   5.1249265e-19   4.8714212e-19
       1.0241320       5.5895023   5.1299560e-19   4.8627633e-19
       1.0360267       5.5979583   5.1350116e-19   4.8540841e-19
       1.0479214       5.6064633   5.1400938e-19   4.8453835e-19
       1.0598160       5.6150176   5.1452027e-19   4.8366613e-19
       1.0717107       5.6236217   5.1503385e-19   4.8279175e-19
       1.0836054       5.6322763   5.1555017e-19   4.8191517e-19
       1.0955001       5.6409817   5.1606923e-19   4.8103640e-19
       1.1073948       5.6497386   5.1659107e-19   4.8015541e-19
       1.1192894       5.6585474   5.1711571e-19   4.7927218e-19
       1.1311841       5.6674087   5.1764319e-19   4.7838671e-19
       1.1430788       5.6763230   5.1817353e-19   4.7749898e-19
       1.1549735       5.6852910   5.1870676e-19   4.7660896e-19
       1.1668682       5.6943131   5.1924290e-19   4.7571665e-19
       1.1787628       5.7033900   5.1978200e-19   4.7482202e-19
       1.1906575       5.7125222   5.2032407e-19   4.7392506e-19
       1.2025522       5.7217103   5.2086915e-19   4.7302576e-19
       1.2144469       5.7309549   5.2141726e-19   4.7212409e-19
       1.2263416       5.7402567   5.2196845e-19   4.7122004e-19
       1.2382362       5.7496162   5.2252274e-19   4.7031359e-19
       1.2501309       5.7590342   5.2308016e-19   4.6940472e-19
       1.2620256       5.7685111   5.2364074e-19   4.6849342e-19
       1.2739203       5.7780477   5.2420452e-19   4.6757967e-19
       1.2858150       5.7876447   5.2477154e-19   4.6666344e-19
       1.2977096       5.7973026   5.2534182e-19   4.6574472e-19
       1.3096043       5.8070222   5.2591540e-19   4.6482349e-19
       1.3214990       5.8168043   5.2649232e-19   4.6389974e-19
       1.3333937       5.8266494   5.2707261e-19   4.6297343e-19
       1.3452884       5.8365583   5.2765631e-19   4.6204456e-19
       1.3571830       5.8465317   5.2824345e-19   4.6111310e-19
       1.3690777       5.8565704   5.2883407e-19   4.6017903e-19
       1.3809724       5.8666751   5.2942821e-19   4.5924234e-19
       1.3928671       5.8768466   5.3002591e-19   4.5830299e-19
       1.4047618       5.8870857   5.3062721e-19   4.5736098e-19
       1.4166564       5.8973931   5.3123215e-19   4.5641627e-19
       1.4285511       5.9077697   5.3184076e-19   4.5546885e-19
       1.4404458       5.9182162   5.3245309e-19   4.5451869e-19
       1.4523405       5.9287335   5.3306918e-19   4.5356578e-19
       1.4642352       5.9393224   5.3368907e-19   4.5261009e-19
       1.4761299       5.9499839   5.3431281e-19   4.5165160e-19
       1.4880245       5.9607187   5.3494044e-19   4.5069028e-19
       1.4999192       5.9715277   5.3557200e-19   4.4972612e-19
       1.5118139       5.9824120   5.3620754e-19   4.4875908e-19
       1.5237086       5.9933723   5.3684711e-19   4.4778915e-19
       1.5356033       6.0044096   5.3749075e-19   4.4681630e-19
       1.5474979       6.0155249   5.3813851e-19   4.4584050e-19
       1.5593926       6.0267191   5.3879044e-19   4.4486174e-19
       1.5712873       6.0379933   5.3944659e-19   4.4387998e-19
       1.5831820       6.0493483   5.4010701e-19   4.4289520e-19
       1.5950767       6.0607854   5.4077174e-19   4.4190737e-19
       1.6069713       6.0723054   5.4144085e-19   4.4091647e-19
       1.6188660       6.0839095   5.4211438e-19   4.3992247e-19
       1.6307607       6.0955987   5.4279239e-19   4.3892535e-19
       1.6426554       6.1073741   5.4347493e-19   4.3792507e-19
       1.6545501       6.1192369   5.4416206e-19   4.3692160e-19
       1.6664447       6.1311882   5.4485384e-19   4.3591493e-19
       1.6783394       6.1432291   5.4555032e-19   4.3490502e-19
       1.6902341       6.1553609   5.4625156e-19   4.3389184e-19
       1.7021288       6.1675847   5.4695762e-19   4.3287536e-19
       1.7140235       6.1799018   5.4766857e-19   4.3185556e-19
       1.7259181       6.1923134   5.4838446e-19   4.3083239e-19
       1.7378128       6.2048208   5.4910535e-19   4.2980584e-19
       1.7497075       6.2174253   5.4983133e-19   4.2877587e-19
       1.7616022       6.2301283   5.5056244e-19   4.2774244e-19
       1.7734969       6.2429310   5.5129875e-19   4.2670553e-19
       1.7853915       6.2558349   5.5204034e-19   4.2566510e-19
       1.7972862       6.2688414   5.5278727e-19   4.2462112e-19
       1.8091809       6.2819519   5.5353961e-19   4.2357355e-19
       1.8210756       6.2951679   5.5429744e-19   4.2252236e-19
       1.8329703       6.3084909   5.5506084e-19   4.2146752e-19
       1.8448649       6.3219224   5.5582986e-19   4.2040899e-19
       1.8567596       6.3354639   5.5660460e-19   4.1934673e-19
       1.8686543       6.3491171   5.5738513e-19   4.1828071e-19
       1.8805490       6.3628835   5.5817152e-19   4.1721089e-19
       1.8924437       6.3767649   5.5896387e-19   4.1613723e-19
       1.9043383       6.3907629   5.5976225e-19   4.1505969e-19
       1.9162330       6.4048792   5.6056675e-19   4.1397824e-19
       1.9281277       6.4191157   5.6137745e-19   4.1289283e-19
       1.9400224       6.4334740   5.6219445e-19   4.1180342e-19
       1.9519171       6.4479561   5.6301783e-19   4.1070998e-19
       1.9638118       6.4625639   5.6384768e-19   4.0961245e-19
       1.9757064       6.4772992   5.6468410e-19   4.0851081e-19
       1.9876011       6.4921640   5.6552719e-19   4.0740499e-19
       1.9994958       6.5071603   5.6637703e-19   4.0629497e-19
       2.0113905       6.5222903   5.6723374e-19   4.0518069e-19
       2.0232852       6.5375559   5.6809742e-19   4.0406212e-19
       2.0351798       6.5529593   5.6896816e-19   4.0293919e-19
       2.0470745       6.5685027   5.6984608e-19   4.0181187e-19
       2.0589692       6.5841884   5.7073128e-19   4.0068011e-19
       2.0708639       6.6000187   5.7162387e-19   3.9954386e-19
       2.0827586       6.6159959   5.7252398e-19   3.9840307e-19
       2.0946532       6.6321224   5.7343171e-19   3.9725768e-19
       2.1065479       6.6484007   5.7434719e-19   3.9610766e-19
       2.1184426       6.6648333   5.7527053e-19   3.9495293e-19
       2.1303373       6.6814228   5.7620187e-19   3.9379345e-19
       2.1422320       6.6981718   5.7714133e-19   3.9262917e-19
       2.1541266       6.7150830   5.7808903e-19   3.9146003e-19
       2.1660213       6.7321593   5.7904512e-19   3.9028597e-19
       2.1779160       6.7494034   5.8000973e-19   3.8910694e-19
       2.1898107       6.7668183   5.8098300e-19   3.8792287e-19
       2.2017054       6.7844070   5.8196507e-19   3.8673371e-19
       2.2136000       6.8021725   5.8295610e-19   3.8553939e-19
       2.2254947       6.8201179   5.8395622e-19   3.8433985e-19
       2.2373894       6.8382465   5.8496560e-19   3.8313503e-19
       2.2492841       6.8565616   5.8598440e-19   3.8192486e-19
       2.2611788       6.8750666   5.8701277e-19   3.8070928e-19
       2.2730734       6.8937649   5.8805088e-19   3.7948821e-19
       2.2849681       6.9126602   5.8909891e-19   3.7826159e-19
       2.2968628       6.9317560   5.9015702e-19   3.7702935e-19
       2.3087575       6.9510562   5.9122540e-19   3.7579142e-19
       2.3206522       6.9705646   5.9230424e-19   3.7454772e-19
       2.3325468       6.9902853   5.9339371e-19   3.7329818e-19
       2.3444415       7.0102221   5.9449401e-19   3.7204271e-19
       2.3563362       7.0303795   5.9560535e-19   3.7078125e-19
       2.3682309       7.0507616   5.9672792e-19   3.6951370e-19
       2.3801256       7.0713729   5.9786195e-19   3.6824000e-19
       2.3920202       7.0922180   5.9900763e-19   3.6696005e-19
       2.4039149       7.1133016   6.0016520e-19   3.6567377e-19
       2.4158096       7.1346285   6.0133488e-19   3.6438107e-19
       2.4277043       7.1562036   6.0251691e-19   3.6308187e-19
       2.4395990       7.1780321   6.0371153e-19   3.6177606e-19
       2.4514937       7.2001192   6.0491898e-19   3.6046356e-19
       2.4633883       7.2224704   6.0613952e-19   3.5914426e-19
       2.4752830       7.2450912   6.0737342e-19   3.5781808e-19
       2.4871777       7.2679875   6.0862093e-19   3.5648491e-19
       2.4990724       7.2911651   6.0988236e-19   3.5514465e-19
       2.5109671       7.3146301   6.1115797e-19   3.5379719e-19
       2.5228617       7.3383890   6.1244806e-19   3.5244242e-19
       2.5347564       7.3624482   6.1375294e-19   3.5108023e-19
       2.5466511       7.3868144   6.1507293e-19   3.4971051e-19
       2.5525984       7.3991148   6.1573868e-19   3.4902279e-19
       2.5537879       7.4015844   6.1587230e-19   3.4888501e-19
       2.5549774       7.4040571   6.1600608e-19   3.4874716e-19
       2.5561668       7.4065331   6.1614001e-19   3.4860923e-19
       2.5573563       7.4090122   6.1627409e-19   3.4847122e-19
       2.5585458       7.4114946   6.1640834e-19   3.4833314e-19
       2.5597352       7.4139801   6.1654274e-19   3.4819498e-19
       2.5609247       7.4164689   6.1667730e-19   3.4805674e-19
       2.5621142       7.4189609   6.1681202e-19   3.4791842e-19
       2.5633036       7.4214561   6.1694690e-19   3.4778002e-19
       2.5644931       7.4239546   6.1708193e-19   3.4764155e-19
       2.5656826       7.4264563   6.1721713e-19   3.4750300e-19
       2.5668721       7.4289613   6.1735248e-19   3.4736437e-19
       2.5680615       7.4314696   6.1748800e-19   3.4722566e-19
       2.5692510       7.4339811   6.1762367e-19   3.4708687e-19
       2.5704405       7.4364959   6.1775951e-19   3.4694800e-19
       2.5716299       7.4390140   6.1789551e-19   3.4680906e-19
       2.5728194       7.4415353   6.1803166e-19   3.4667003e-19
       2.5740089       7.4440600   6.1816798e-19   3.4653093e-19
       2.5751983       7.4465880   6.1830447e-19   3.4639174e-19
       2.5763878       7.4491193   6.1844111e-19   3.4625248e-19
       2.5775773       7.4516539   6.1857792e-19   3.4611314e-19
       2.5787667       7.4541918   6.1871489e-19   3.4597372e-19
       2.5799562       7.4567331   6.1885202e-19   3.4583422e-19
       2.5811457       7.4592778   6.1898932e-19   3.4569463e-19
       2.5823351       7.4618258   6.1912678e-19   3.4555497e-19
       2.5835246       7.4643771   6.1926441e-19   3.4541523e-19
       2.5847141       7.4669318   6.1940220e-19   3.4527541e-19
       2.5859035       7.4694899   6.1954016e-19   3.4513551e-19
       2.5870930       7.4720514   6.1967828e-19   3.4499552e-19
       2.5882825       7.4746163   6.1981657e-19   3.4485546e-19
       2.5894719       7.4771846   6.1995503e-19   3.4471532e-19
       2.5906614       7.4797562   6.2009365e-19   3.4457509e-19
       2.5918509       7.4823313   6.2023244e-19   3.4443478e-19
       2.5930403       7.4849099   6.2037139e-19   3.4429440e-19
       2.5942298       7.4874918   6.2051052e-19   3.4415393e-19
       2.5954193       7.4900772   6.2064981e-19   3.4401338e-19
       2.5966088       7.4926661   6.2078927e-19   3.4387274e-19
       2.5977982       7.4952584   6.2092890e-19   3.4373203e-19
       2.5989877       7.4978542   6.2106870e-19   3.4359123e-19
       2.6001772       7.5004534   6.2120867e-19   3.4345036e-19
       2.6013666       7.5030561   6.2134881e-19   3.4330940e-19
       2.6025561       7.5056624   6.2148912e-19   3.4316835e-19
       2.6037456       7.5082721   6.2162960e-19   3.4302723e-19
       2.6049350       7.5108853   6.2177026e-19   3.4288602e-19
       2.6061245       7.5135020   6.2191108e-19   3.4274473e-19
       2.6073140       7.5161223   6.2205208e-19   3.4260336e-19
       2.6085034       7.5187461   6.2219324e-19   3.4246191e-19
       2.6096929       7.5213734   6.2233459e-19   3.4232037e-19
       2.6108824       7.5240043   6.2247610e-19   3.4217875e-19
       2.6120718       7.5266387   6.2261779e-19   3.4203704e-19
       2.6132613       7.5292767   6.2275965e-19   3.4189525e-19
       2.6144508       7.5319183   6.2290169e-19   3.4175338e-19
       2.6156402       7.5345634   6.2304390e-19   3.4161142e-19
       2.6168297       7.5372122   6.2318629e-19   3.4146938e-19
       2.6180192       7.5398645   6.2332885e-19   3.4132726e-19
       2.6192086       7.5425205   6.2347159e-19   3.4118505e-19
       2.6203981       7.5451800   6.2361450e-19   3.4104276e-19
       2.6215876       7.5478432   6.2375759e-19   3.4090038e-19
       2.6227771       7.5505101   6.2390086e-19   3.4075792e-19
       2.6239665       7.5531805   6.2404430e-19   3.4061538e-19
       2.6251560       7.5558546   6.2418793e-19   3.4047275e-19
       2.6263455       7.5585324   6.2433173e-19   3.4033003e-19
       2.6275349       7.5612139   6.2447571e-19   3.4018723e-19
       2.6287244       7.5638990   6.2461987e-19   3.4004434e-19
       2.6299139       7.5665878   6.2476421e-19   3.3990137e-19
       2.6311033       7.5692803   6.2490873e-19   3.3975831e-19
       2.6322928       7.5719765   6.2505343e-19   3.3961517e-19
       2.6334823       7.5746764   6.2519831e-19   3.3947194e-19
       2.6346717       7.5773801   6.2534338e-19   3.3932863e-19
       2.6358612       7.5800874   6.2548862e-19   3.3918523e-19
       2.6370507       7.5827985   6.2563405e-19   3.3904174e-19
       2.6382401       7.5855134   6.2577965e-19   3.3889817e-19
       2.6394296       7.5882320   6.2592545e-19   3.3875451e-19
       2.6406191       7.5909544   6.2607142e-19   3.3861076e-19
       2.6418085       7.5936806   6.2621758e-19   3.3846693e-19
       2.6429980       7.5964105   6.2636392e-19   3.3832301e-19
       2.6441875       7.5991443   6.2651045e-19   3.3817900e-19
       2.6453769       7.6018818   6.2665716e-19   3.3803490e-19
       2.6465664       7.6046232   6.2680406e-19   3.3789072e-19
       2.6477559       7.6073684   6.2695114e-19   3.3774645e-19
       2.6489453       7.6101174   6.2709841e-19   3.3760209e-19
       2.6501348       7.6128702   6.2724587e-19   3.3745765e-19
       2.6513243       7.6156269   6.2739352e-19   3.3731311e-19
       2.6525138       7.6183875   6.2754135e-19   3.3716849e-19
       2.6537032       7.6211520   6.2768937e-19   3.3702378e-19
       2.6548927       7.6239203   6.2783758e-19   3.3687898e-19
       2.6560822       7.6266925   6.2798597e-19   3.3673409e-19
       2.6572716       7.6294686   6.2813456e-19   3.3658912e-19
       2.6584611       7.6322486   6.2828334e-19   3.3644405e-19
       2.6596506       7.6350325   6.2843230e-19   3.3629890e-19
       2.6608400       7.6378204   6.2858146e-19   3.3615366e-19
       2.6620295       7.6406122   6.2873081e-19   3.3600832e-19
       2.6632190       7.6434079   6.2888035e-19   3.3586290e-19
       2.6644084       7.6462076   6.2903008e-19   3.3571739e-19
       2.6655979       7.6490113   6.2918001e-19   3.3557179e-19
       2.6667874       7.6518189   6.2933013e-19   3.3542609e-19
       2.6679768       7.6546306   6.2948044e-19   3.3528031e-19
       2.6691663       7.6574462   6.2963095e-19   3.3513444e-19
       2.6703558       7.6602658   6.2978165e-19   3.3498848e-19
       2.6715452       7.6630895   6.2993254e-19   3.3484242e-19
       2.6727347       7.6659172   6.3008363e-19   3.3469628e-19
       2.6739242       7.6687489   6.3023492e-19   3.3455004e-19
       2.6751136       7.6715846   6.3038640e-19   3.3440372e-19
       2.6763031       7.6744245   6.3053808e-19   3.3425730e-19
       2.6774926       7.6772683   6.3068995e-19   3.3411079e-19
       2.6786820       7.6801163   6.3084203e-19   3.3396419e-19
       2.6798715       7.6829684   6.3099430e-19   3.3381750e-19
       2.6810610       7.6858245   6.3114677e-19   3.3367071e-19
       2.6822505       7.6886848   6.3129944e-19   3.3352384e-19
       2.6834399       7.6915491   6.3145231e-19   3.3337687e-19
       2.6846294       7.6944176   6.3160538e-19   3.3322981e-19
       2.6858189       7.6972903   6.3175865e-19   3.3308266e-19
       2.6870083       7.7001671   6.3191212e-19   3.3293541e-19
       2.6881978       7.7030480   6.3206579e-19   3.3278807e-19
       2.6893873       7.7059332   6.3221966e-19   3.3264064e-19
       2.6905767       7.7088225   6.3237374e-19   3.3249311e-19
       2.6917662       7.7117160   6.3252802e-19   3.3234550e-19
       2.6929557       7.7146137   6.3268250e-19   3.3219778e-19
       2.6941451       7.7175156   6.3283719e-19   3.3204998e-19
       2.6953346       7.7204217   6.3299208e-19   3.3190208e-19
       2.6965241       7.7233321   6.3314718e-19   3.3175409e-19
       2.6977135       7.7262467   6.3330248e-19   3.3160600e-19
       2.6989030       7.7291656   6.3345798e-19   3.3145782e-19
       2.7000925       7.7320888   6.3361370e-19   3.3130954e-19
       2.7012819       7.7350162   6.3376962e-19   3.3116117e-19
       2.7024714       7.7379479   6.3392575e-19   3.3101270e-19
       2.7036609       7.7408839   6.3408208e-19   3.3086414e-19
       2.7048503       7.7438243   6.3423863e-19   3.3071549e-19
       2.7060398       7.7467689   6.3439538e-19   3.3056674e-19
       2.7072293       7.7497179   6.3455234e-19   3.3041789e-19
       2.7084188       7.7526713   6.3470951e-19   3.3026895e-19
       2.7096082       7.7556290   6.3486690e-19   3.3011991e-19
       2.7107977       7.7585910   6.3502449e-19   3.2997077e-19
       2.7119872       7.7615575   6.3518230e-19   3.2982154e-19
       2.7131766       7.7645283   6.3534032e-19   3.2967222e-19
       2.7143661       7.7675035   6.3549855e-19   3.2952279e-19
       2.7155556       7.7704832   6.3565699e-19   3.2937327e-19
       2.7167450       7.7734673   6.3581565e-19   3.2922366e-19
       2.7179345       7.7764558   6.3597452e-19   3.2907394e-19
       2.7191240       7.7794488   6.3613360e-19   3.2892413e-19
       2.7203134       7.7824462   6.3629290e-19   3.2877422e-19
       2.7215029       7.7854481   6.3645242e-19   3.2862422e-19
       2.7226924       7.7884545   6.3661215e-19   3.2847411e-19
       2.7238818       7.7914653   6.3677210e-19   3.2832391e-19
       2.7250713       7.7944807   6.3693227e-19   3.2817361e-19
       2.7262608       7.7975006   6.3709265e-19   3.2802321e-19
       2.7274502       7.8005250   6.3725326e-19   3.2787271e-19
       2.7286397       7.8035540   6.3741408e-19   3.2772212e-19
       2.7298292       7.8065876   6.3757512e-19   3.2757142e-19
       2.7310186       7.8096257   6.3773638e-19   3.2742063e-19
       2.7322081       7.8126683   6.3789787e-19   3.2726974e-19
       2.7333976       7.8157156   6.3805957e-19   3.2711875e-19
       2.7345870       7.8187675   6.3822150e-19   3.2696766e-19
       2.7357765       7.8218240   6.3838364e-19   3.2681646e-19
       2.7369660       7.8248851   6.3854601e-19   3.2666517e-19
       2.7381555       7.8279508   6.3870861e-19   3.2651378e-19
       2.7393449       7.8310212   6.3887143e-19   3.2636229e-19
       2.7405344       7.8340963   6.3903447e-19   3.2621070e-19
       2.7417239       7.8371761   6.3919774e-19   3.2605901e-19
       2.7429133       7.8402605   6.3936123e-19   3.2590721e-19
       2.7441028       7.8433497   6.3952495e-19   3.2575532e-19
       2.7452923       7.8464435   6.3968890e-19   3.2560332e-19
       2.7464817       7.8495421   6.3985307e-19   3.2545122e-19
       2.7476712       7.8526455   6.4001747e-19   3.2529903e-19
       2.7488607       7.8557535   6.4018211e-19   3.2514672e-19
       2.7500501       7.8588664   6.4034697e-19   3.2499432e-19
       2.7512396       7.8619840   6.4051206e-19   3.2484182e-19
       2.7524291       7.8651064   6.4067738e-19   3.2468921e-19
       2.7536185       7.8682337   6.4084293e-19   3.2453650e-19
       2.7548080       7.8713657   6.4100871e-19   3.2438369e-19
       2.7559975       7.8745026   6.4117472e-19   3.2423077e-19
       2.7571869       7.8776443   6.4134097e-19   3.2407776e-19
       2.7583764       7.8807909   6.4150745e-19   3.2392463e-19
       2.7595659       7.8839423   6.4167417e-19   3.2377141e-19
       2.7607553       7.8870987   6.4184112e-19   3.2361808e-19
       2.7619448       7.8902599   6.4200830e-19   3.2346465e-19
       2.7631343       7.8934260   6.4217572e-19   3.2331111e-19
       2.7643237       7.8965971   6.4234338e-19   3.2315747e-19
       2.7655132       7.8997731   6.4251127e-19   3.2300372e-19
       2.7667027       7.9029540   6.4267940e-19   3.2284987e-19
       2.7678922       7.9061400   6.4284777e-19   3.2269592e-19
       2.7690816       7.9093309   6.4301638e-19   3.2254186e-19
       2.7702711       7.9125267   6.4318523e-19   3.2238769e-19
       2.7714606       7.9157276   6.4335431e-19   3.2223342e-19
       2.7726500       7.9189335   6.4352364e-19   3.2207905e-19
       2.7738395       7.9221445   6.4369321e-19   3.2192456e-19
       2.7750290       7.9253605   6.4386302e-19   3.2176997e-19
       2.7762184       7.9285815   6.4403308e-19   3.2161528e-19
       2.7774079       7.9318076   6.4420337e-19   3.2146048e-19
       2.7785974       7.9350389   6.4437391e-19   3.2130557e-19
       2.7797868       7.9382752   6.4454470e-19   3.2115056e-19
       2.7809763       7.9415166   6.4471573e-19   3.2099543e-19
       2.7821658       7.9447632   6.4488701e-19   3.2084020e-19
       2.7833552       7.9480149   6.4505853e-19   3.2068487e-19
       2.7845447       7.9512718   6.4523030e-19   3.2052942e-19
       2.7857342       7.9545338   6.4540232e-19   3.2037387e-19
       2.7869236       7.9578011   6.4557459e-19   3.2021821e-19
       2.7881131       7.9610735   6.4574710e-19   3.2006244e-19
       2.7893026       7.9643512   6.4591987e-19   3.1990656e-19
       2.7904920       7.9676340   6.4609288e-19   3.1975058e-19
       2.7916815       7.9709222   6.4626615e-19   3.1959448e-19
       2.7928710       7.9742156   6.4643967e-19   3.1943828e-19
       2.7940604       7.9775143   6.4661344e-19   3.1928197e-19
       2.7952499       7.9808182   6.4678746e-19   3.1912554e-19
       2.7964394       7.9841275   6.4696174e-19   3.1896901e-19
       2.7976289       7.9874421   6.4713627e-19   3.1881237e-19
       2.7988183       7.9907620   6.4731106e-19   3.1865561e-19
       2.8000078       7.9940873   6.4748610e-19   3.1849875e-19
       2.8011973       7.9974180   6.4766140e-19   3.1834178e-19
       2.8023867       8.0007540   6.4783696e-19   3.1818469e-19
       2.8035762       8.0040955   6.4801277e-19   3.1802749e-19
       2.8047657       8.0074423   6.4818884e-19   3.1787019e-19
       2.8059551       8.0107946   6.4836518e-19   3.1771277e-19
       2.8071446       8.0141523   6.4854177e-19   3.1755524e-19
       2.8083341       8.0175155   6.4871862e-19   3.1739759e-19
       2.8095235       8.0208841   6.4889574e-19   3.1723984e-19
       2.8107130       8.0242583   6.4907311e-19   3.1708197e-19
       2.8119025       8.0276379   6.4925075e-19   3.1692399e-19
       2.8130919       8.0310231   6.4942866e-19   3.1676590e-19
       2.8142814       8.0344138   6.4960682e-19   3.1660769e-19
       2.8154709       8.0378101   6.4978526e-19   3.1644937e-19
       2.8166603       8.0412119   6.4996395e-19   3.1629094e-19
       2.8178498       8.0446194   6.5014292e-19   3.1613239e-19
       2.8190393       8.0480324   6.5032215e-19   3.1597373e-19
       2.8202287       8.0514510   6.5050165e-19   3.1581496e-19
       2.8214182       8.0548753   6.5068142e-19   3.1565607e-19
       2.8226077       8.0583052   6.5086145e-19   3.1549706e-19
       2.8237972       8.0617408   6.5104176e-19   3.1533794e-19
       2.8249866       8.0651821   6.5122234e-19   3.1517871e-19
       2.8261761       8.0686291   6.5140319e-19   3.1501936e-19
       2.8273656       8.0720818   6.5158431e-19   3.1485989e-19
       2.8285550       8.0755402   6.5176571e-19   3.1470031e-19
       2.8297445       8.0790044   6.5194737e-19   3.1454062e-19
       2.8309340       8.0824744   6.5212932e-19   3.1438080e-19
       2.8321234       8.0859501   6.5231154e-19   3.1422087e-19
       2.8333129       8.0894317   6.5249403e-19   3.1406083e-19
       2.8345024       8.0929190   6.5267680e-19   3.1390066e-19
       2.8356918       8.0964122   6.5285985e-19   3.1374038e-19
       2.8368813       8.0999113   6.5304318e-19   3.1357998e-19
       2.8380708       8.1034162   6.5322679e-19   3.1341947e-19
       2.8392602       8.1069270   6.5341068e-19   3.1325883e-19
       2.8404497       8.1104437   6.5359484e-19   3.1309808e-19
       2.8416392       8.1139663   6.5377929e-19   3.1293721e-19
       2.8428286       8.1174949   6.5396403e-19   3.1277622e-19
       2.8440181       8.1210294   6.5414904e-19   3.1261511e-19
       2.8452076       8.1245699   6.5433434e-19   3.1245388e-19
       2.8463970       8.1281164   6.5451993e-19   3.1229254e-19
       2.8475865       8.1316689   6.5470580e-19   3.1213107e-19
       2.8487760       8.1352275   6.5489195e-19   3.1196948e-19
       2.8499654       8.1387920   6.5507839e-19   3.1180778e-19
       2.8511549       8.1423627   6.5526513e-19   3.1164595e-19
       2.8523444       8.1459394   6.5545215e-19   3.1148400e-19
       2.8535339       8.1495222   6.5563946e-19   3.1132193e-19
       2.8547233       8.1531112   6.5582706e-19   3.1115974e-19
       2.8559128       8.1567063   6.5601495e-19   3.1099743e-19
       2.8571023       8.1603075   6.5620313e-19   3.1083500e-19
       2.8582917       8.1639149   6.5639161e-19   3.1067244e-19
       2.8594812       8.1675285   6.5658038e-19   3.1050977e-19
       2.8606707       8.1711484   6.5676944e-19   3.1034697e-19
       2.8618601       8.1747744   6.5695880e-19   3.1018405e-19
       2.8630496       8.1784067   6.5714846e-19   3.1002100e-19
       2.8642391       8.1820453   6.5733842e-19   3.0985783e-19
       2.8654285       8.1856902   6.5752867e-19   3.0969454e-19
       2.8666180       8.1893413   6.5771922e-19   3.0953113e-19
       2.8678075       8.1929988   6.5791007e-19   3.0936759e-19
       2.8689969       8.1966627   6.5810122e-19   3.0920392e-19
       2.8701864       8.2003329   6.5829267e-19   3.0904013e-19
       2.8713759       8.2040095   6.5848443e-19   3.0887622e-19
       2.8725653       8.2076924   6.5867649e-19   3.0871218e-19
       2.8737548       8.2113819   6.5886885e-19   3.0854802e-19
       2.8749443       8.2150777   6.5906152e-19   3.0838373e-19
       2.8761337       8.2187800   6.5925449e-19   3.0821932e-19
       2.8773232       8.2224888   6.5944777e-19   3.0805478e-19
       2.8785127       8.2262041   6.5964136e-19   3.0789011e-19
       2.8797021       8.2299260   6.5983526e-19   3.0772532e-19
       2.8808916       8.2336544   6.6002947e-19   3.0756040e-19
       2.8820811       8.2373893   6.6022398e-19   3.0739535e-19
       2.8832706       8.2411308   6.6041881e-19   3.0723017e-19
       2.8844600       8.2448789   6.6061395e-19   3.0706487e-19
       2.8856495       8.2486337   6.6080941e-19   3.0689944e-19
       2.8868390       8.2523951   6.6100517e-19   3.0673388e-19
       2.8880284       8.2561631   6.6120126e-19   3.0656819e-19
       2.8892179       8.2599379   6.6139766e-19   3.0640238e-19
       2.8904074       8.2637193   6.6159437e-19   3.0623643e-19
       2.8915968       8.2675075   6.6179140e-19   3.0607036e-19
       2.8927863       8.2713024   6.6198876e-19   3.0590415e-19
       2.8939758       8.2751041   6.6218643e-19   3.0573782e-19
       2.8951652       8.2789126   6.6238442e-19   3.0557135e-19
       2.8963547       8.2827279   6.6258274e-19   3.0540476e-19
       2.8975442       8.2865501   6.6278137e-19   3.0523803e-19
       2.8987336       8.2903791   6.6298033e-19   3.0507118e-19
       2.8999231       8.2942150   6.6317962e-19   3.0490419e-19
       2.9011126       8.2980577   6.6337923e-19   3.0473707e-19
       2.9023020       8.3019074   6.6357917e-19   3.0456982e-19
       2.9034915       8.3057641   6.6377943e-19   3.0440243e-19
       2.9046810       8.3096277   6.6398002e-19   3.0423492e-19
       2.9058704       8.3134983   6.6418095e-19   3.0406727e-19
       2.9070599       8.3173759   6.6438220e-19   3.0389949e-19
       2.9082494       8.3212605   6.6458378e-19   3.0373157e-19
       2.9094389       8.3251522   6.6478570e-19   3.0356352e-19
       2.9106283       8.3290510   6.6498795e-19   3.0339534e-19
       2.9118178       8.3329568   6.6519054e-19   3.0322702e-19
       2.9130073       8.3368698   6.6539346e-19   3.0305857e-19
       2.9141967       8.3407900   6.6559671e-19   3.0288998e-19
       2.9153862       8.3447173   6.6580031e-19   3.0272126e-19
       2.9165757       8.3486518   6.6600424e-19   3.0255240e-19
       2.9177651       8.3525935   6.6620851e-19   3.0238341e-19
       2.9189546       8.3565424   6.6641313e-19   3.0221428e-19
       2.9201441       8.3604986   6.6661808e-19   3.0204501e-19
       2.9213335       8.3644621   6.6682338e-19   3.0187561e-19
       2.9225230       8.3684329   6.6702902e-19   3.0170607e-19
       2.9237125       8.3724111   6.6723501e-19   3.0153639e-19
       2.9249019       8.3763966   6.6744134e-19   3.0136658e-19
       2.9260914       8.3803894   6.6764802e-19   3.0119663e-19
       2.9272809       8.3843897   6.6785504e-19   3.0102654e-19
       2.9284703       8.3883974   6.6806242e-19   3.0085631e-19
       2.9296598       8.3924126   6.6827015e-19   3.0068594e-19
       2.9308493       8.3964352   6.6847822e-19   3.0051543e-19
       2.9320387       8.4004653   6.6868665e-19   3.0034479e-19
       2.9332282       8.4045030   6.6889544e-19   3.0017400e-19
       2.9344177       8.4085482   6.6910457e-19   3.0000308e-19
       2.9356071       8.4126010   6.6931407e-19   2.9983201e-19
       2.9367966       8.4166614   6.6952392e-19   2.9966080e-19
       2.9379861       8.4207294   6.6973413e-19   2.9948945e-19
       2.9391756       8.4248051   6.6994470e-19   2.9931796e-19
       2.9403650       8.4288884   6.7015562e-19   2.9914633e-19
       2.9415545       8.4329795   6.7036691e-19   2.9897456e-19
       2.9427440       8.4370782   6.7057856e-19   2.9880264e-19
       2.9439334       8.4411848   6.7079058e-19   2.9863059e-19
       2.9451229       8.4452991   6.7100296e-19   2.9845838e-19
       2.9463124       8.4494212   6.7121570e-19   2.9828604e-19
       2.9475018       8.4535511   6.7142882e-19   2.9811355e-19
       2.9486913       8.4576889   6.7164230e-19   2.9794092e-19
       2.9498808       8.4618346   6.7185615e-19   2.9776814e-19
       2.9510702       8.4659882   6.7207037e-19   2.9759522e-19
       2.9522597       8.4701497   6.7228496e-19   2.9742215e-19
       2.9534492       8.4743192   6.7249993e-19   2.9724894e-19
       2.9546386       8.4784967   6.7271527e-19   2.9707558e-19
       2.9558281       8.4826822   6.7293098e-19   2.9690208e-19
       2.9570176       8.4868757   6.7314707e-19   2.9672843e-19
       2.9582070       8.4910773   6.7336354e-19   2.9655464e-19
       2.9593965       8.4952871   6.7358039e-19   2.9638069e-19
       2.9605860       8.4995049   6.7379762e-19   2.9620660e-19
       2.9617754       8.5037309   6.7401523e-19   2.9603236e-19
       2.9629649       8.5079651   6.7423322e-19   2.9585798e-19
       2.9641544       8.5122074   6.7445160e-19   2.9568344e-19
       2.9653438       8.5164581   6.7467036e-19   2.9550876e-19
       2.9665333       8.5207169   6.7488951e-19   2.9533392e-19
       2.9677228       8.5249841   6.7510904e-19   2.9515894e-19
       2.9689123       8.5292596   6.7532897e-19   2.9498381e-19
       2.9701017       8.5335435   6.7554928e-19   2.9480853e-19
       2.9712912       8.5378357   6.7576999e-19   2.9463309e-19
       2.9724807       8.5421363   6.7599109e-19   2.9445751e-19
       2.9736701       8.5464454   6.7621258e-19   2.9428177e-19
       2.9748596       8.5507630   6.7643447e-19   2.9410589e-19
       2.9760491       8.5550890   6.7665675e-19   2.9392985e-19
       2.9772385       8.5594236   6.7687943e-19   2.9375366e-19
       2.9784280       8.5637667   6.7710252e-19   2.9357731e-19
       2.9796175       8.5681184   6.7732600e-19   2.9340081e-19
       2.9808069       8.5724787   6.7754988e-19   2.9322416e-19
       2.9819964       8.5768477   6.7777417e-19   2.9304736e-19
       2.9831859       8.5812253   6.7799886e-19   2.9287040e-19
       2.9843753       8.5856117   6.7822396e-19   2.9269329e-19
       2.9855648       8.5900068   6.7844946e-19   2.9251602e-19
       2.9867543       8.5944106   6.7867537e-19   2.9233859e-19
       2.9879437       8.5988232   6.7890170e-19   2.9216102e-19
       2.9891332       8.6032447   6.7912843e-19   2.9198328e-19
       2.9903227       8.6076750   6.7935558e-19   2.9180539e-19
       2.9915121       8.6121143   6.7958314e-19   2.9162734e-19
       2.9927016       8.6165624   6.7981112e-19   2.9144913e-19
       2.9938911       8.6210195   6.8003951e-19   2.9127077e-19
       2.9950806       8.6254856   6.8026832e-19   2.9109225e-19
       2.9962700       8.6299607   6.8049755e-19   2.9091357e-19
       2.9974595       8.6344448   6.8072720e-19   2.9073473e-19
       2.9986490       8.6389381   6.8095728e-19   2.9055573e-19
       2.9998384       8.6434404   6.8118778e-19   2.9037658e-19
       3.0010279       8.6479519   6.8141870e-19   2.9019726e-19
       3.0022174       8.6524726   6.8165005e-19   2.9001778e-19
       3.0034068       8.6570024   6.8188183e-19   2.8983814e-19
       3.0045963       8.6615416   6.8211404e-19   2.8965834e-19
       3.0057858       8.6660900   6.8234668e-19   2.8947838e-19
       3.0069752       8.6706477   6.8257975e-19   2.8929826e-19
       3.0081647       8.6752148   6.8281325e-19   2.8911797e-19
       3.0093542       8.6797912   6.8304720e-19   2.8893752e-19
       3.0105436       8.6843770   6.8328157e-19   2.8875691e-19
       3.0117331       8.6889723   6.8351639e-19   2.8857614e-19
       3.0129226       8.6935771   6.8375165e-19   2.8839520e-19
       3.0141120       8.6981914   6.8398735e-19   2.8821410e-19
       3.0153015       8.7028153   6.8422349e-19   2.8803283e-19
       3.0164910       8.7074487   6.8446008e-19   2.8785139e-19
       3.0176804       8.7120918   6.8469711e-19   2.8766980e-19
       3.0188699       8.7167445   6.8493459e-19   2.8748803e-19
       3.0200594       8.7214069   6.8517252e-19   2.8730610e-19
       3.0212488       8.7260790   6.8541090e-19   2.8712400e-19
       3.0224383       8.7307609   6.8564974e-19   2.8694173e-19
       3.0236278       8.7354526   6.8588902e-19   2.8675930e-19
       3.0248173       8.7401541   6.8612877e-19   2.8657670e-19
       3.0260067       8.7448655   6.8636897e-19   2.8639393e-19
       3.0271962       8.7495868   6.8660963e-19   2.8621099e-19
       3.0283857       8.7543180   6.8685074e-19   2.8602788e-19
       3.0295751       8.7590592   6.8709233e-19   2.8584460e-19
       3.0307646       8.7638105   6.8733437e-19   2.8566115e-19
       3.0319541       8.7685717   6.8757688e-19   2.8547753e-19
       3.0331435       8.7733431   6.8781986e-19   2.8529374e-19
       3.0343330       8.7781247   6.8806331e-19   2.8510978e-19
       3.0355225       8.7829163   6.8830722e-19   2.8492564e-19
       3.0367119       8.7877182   6.8855161e-19   2.8474134e-19
       3.0379014       8.7925304   6.8879647e-19   2.8455685e-19
       3.0390909       8.7973528   6.8904181e-19   2.8437220e-19
       3.0402803       8.8021855   6.8928763e-19   2.8418737e-19
       3.0414698       8.8070286   6.8953392e-19   2.8400237e-19
       3.0426593       8.8118821   6.8978069e-19   2.8381719e-19
       3.0438487       8.8167460   6.9002795e-19   2.8363184e-19
       3.0450382       8.8216205   6.9027569e-19   2.8344631e-19
       3.0462277       8.8265054   6.9052391e-19   2.8326061e-19
       3.0474171       8.8314009   6.9077263e-19   2.8307473e-19
       3.0486066       8.8363070   6.9102183e-19   2.8288867e-19
       3.0497961       8.8412237   6.9127152e-19   2.8270243e-19
       3.0509855       8.8461511   6.9152171e-19   2.8251602e-19
       3.0521750       8.8510893   6.9177239e-19   2.8232943e-19
       3.0533645       8.8560381   6.9202356e-19   2.8214266e-19
       3.0545540       8.8609978   6.9227524e-19   2.8195570e-19
       3.0557434       8.8659684   6.9252741e-19   2.8176857e-19
       3.0569329       8.8709498   6.9278009e-19   2.8158126e-19
       3.0581224       8.8759422   6.9303327e-19   2.8139377e-19
       3.0593118       8.8809455   6.9328695e-19   2.8120610e-19
       3.0605013       8.8859598   6.9354115e-19   2.8101824e-19
       3.0616908       8.8909852   6.9379585e-19   2.8083020e-19
       3.0628802       8.8960217   6.9405106e-19   2.8064198e-19
       3.0640697       8.9010694   6.9430679e-19   2.8045358e-19
       3.0652592       8.9061282   6.9456303e-19   2.8026499e-19
       3.0664486       8.9111982   6.9481979e-19   2.8007622e-19
       3.0676381       8.9162795   6.9507706e-19   2.7988726e-19
       3.0688276       8.9213722   6.9533486e-19   2.7969812e-19
       3.0700170       8.9264762   6.9559318e-19   2.7950879e-19
       3.0712065       8.9315916   6.9585202e-19   2.7931927e-19
       3.0723960       8.9367185   6.9611139e-19   2.7912957e-19
       3.0735854       8.9418568   6.9637129e-19   2.7893968e-19
       3.0747749       8.9470067   6.9663172e-19   2.7874960e-19
       3.0759644       8.9521682   6.9689268e-19   2.7855934e-19
       3.0771538       8.9573413   6.9715418e-19   2.7836888e-19
       3.0783433       8.9625261   6.9741621e-19   2.7817824e-19
       3.0795328       8.9677226   6.9767878e-19   2.7798740e-19
       3.0807222       8.9729309   6.9794189e-19   2.7779638e-19
       3.0819117       8.9781510   6.9820554e-19   2.7760516e-19
       3.0831012       8.9833830   6.9846974e-19   2.7741376e-19
       3.0842907       8.9886269   6.9873449e-19   2.7722216e-19
       3.0854801       8.9938828   6.9899978e-19   2.7703037e-19
       3.0866696       8.9991507   6.9926562e-19   2.7683838e-19
       3.0878591       9.0044306   6.9953202e-19   2.7664620e-19
       3.0890485       9.0097226   6.9979897e-19   2.7645383e-19
       3.0902380       9.0150268   7.0006648e-19   2.7626126e-19
       3.0914275       9.0203432   7.0033455e-19   2.7606850e-19
       3.0926169       9.0256719   7.0060318e-19   2.7587554e-19
       3.0938064       9.0310128   7.0087238e-19   2.7568238e-19
       3.0949959       9.0363661   7.0114214e-19   2.7548903e-19
       3.0961853       9.0417319   7.0141246e-19   2.7529548e-19
       3.0973748       9.0471100   7.0168336e-19   2.7510173e-19
       3.0985643       9.0525007   7.0195483e-19   2.7490778e-19
       3.0997537       9.0579040   7.0222688e-19   2.7471364e-19
       3.1009432       9.0633198   7.0249950e-19   2.7451929e-19
       3.1021327       9.0687484   7.0277270e-19   2.7432475e-19
       3.1033221       9.0741896   7.0304648e-19   2.7413000e-19
       3.1045116       9.0796436   7.0332085e-19   2.7393505e-19
       3.1057011       9.0851104   7.0359580e-19   2.7373990e-19
       3.1068905       9.0905901   7.0387134e-19   2.7354454e-19
       3.1080800       9.0960827   7.0414747e-19   2.7334899e-19
       3.1092695       9.1015883   7.0442420e-19   2.7315323e-19
       3.1104590       9.1071069   7.0470152e-19   2.7295726e-19
       3.1116484       9.1126386   7.0497944e-19   2.7276109e-19
       3.1128379       9.1181835   7.0525795e-19   2.7256472e-19
       3.1140274       9.1237416   7.0553707e-19   2.7236813e-19
       3.1152168       9.1293129   7.0581680e-19   2.7217134e-19
       3.1164063       9.1348975   7.0609713e-19   2.7197435e-19
       3.1175958       9.1404955   7.0637807e-19   2.7177714e-19
       3.1187852       9.1461069   7.0665962e-19   2.7157973e-19
       3.1199747       9.1517318   7.0694179e-19   2.7138211e-19
       3.1211642       9.1573702   7.0722457e-19   2.7118428e-19
       3.1223536       9.1630222   7.0750798e-19   2.7098623e-19
       3.1235431       9.1686879   7.0779201e-19   2.7078798e-19
       3.1247326       9.1743673   7.0807666e-19   2.7058952e-19
       3.1259220       9.1800604   7.0836193e-19   2.7039084e-19
       3.1271115       9.1857674   7.0864784e-19   2.7019195e-19
       3.1283010       9.1914882   7.0893438e-19   2.6999284e-19
       3.1294904       9.1972230   7.0922155e-19   2.6979352e-19
       3.1306799       9.2029718   7.0950937e-19   2.6959399e-19
       3.1318694       9.2087347   7.0979782e-19   2.6939424e-19
       3.1330588       9.2145117   7.1008691e-19   2.6919428e-19
       3.1342483       9.2203029   7.1037665e-19   2.6899409e-19
       3.1354378       9.2261083   7.1066704e-19   2.6879370e-19
       3.1366272       9.2319280   7.1095808e-19   2.6859308e-19
       3.1378167       9.2377622   7.1124977e-19   2.6839224e-19
       3.1390062       9.2436107   7.1154211e-19   2.6819119e-19
       3.1401957       9.2494738   7.1183512e-19   2.6798991e-19
       3.1413851       9.2553514   7.1212878e-19   2.6778841e-19
       3.1425746       9.2612436   7.1242311e-19   2.6758669e-19
       3.1437641       9.2671505   7.1271811e-19   2.6738475e-19
       3.1449535       9.2730722   7.1301378e-19   2.6718259e-19
       3.1461430       9.2790087   7.1331012e-19   2.6698021e-19
       3.1473325       9.2849601   7.1360713e-19   2.6677759e-19
       3.1485219       9.2909264   7.1390483e-19   2.6657476e-19
       3.1497114       9.2969077   7.1420320e-19   2.6637170e-19
       3.1509009       9.3029042   7.1450226e-19   2.6616841e-19
       3.1520903       9.3089158   7.1480200e-19   2.6596490e-19
       3.1532798       9.3149426   7.1510243e-19   2.6576115e-19
       3.1544693       9.3209846   7.1540356e-19   2.6555718e-19
       3.1556587       9.3270421   7.1570538e-19   2.6535299e-19
       3.1568482       9.3331149   7.1600790e-19   2.6514856e-19
       3.1580377       9.3392033   7.1631112e-19   2.6494390e-19
       3.1592271       9.3453072   7.1661505e-19   2.6473901e-19
       3.1604166       9.3514267   7.1691968e-19   2.6453388e-19
       3.1616061       9.3575620   7.1722503e-19   2.6432853e-19
       3.1627955       9.3637130   7.1753108e-19   2.6412294e-19
       3.1639850       9.3698799   7.1783786e-19   2.6391712e-19
       3.1651745       9.3760627   7.1814535e-19   2.6371106e-19
       3.1663639       9.3822614   7.1845357e-19   2.6350477e-19
       3.1675534       9.3884763   7.1876251e-19   2.6329824e-19
       3.1687429       9.3947072   7.1907218e-19   2.6309147e-19
       3.1699324       9.4009544   7.1938258e-19   2.6288447e-19
       3.1711218       9.4072179   7.1969372e-19   2.6267722e-19
       3.1723113       9.4134977   7.2000560e-19   2.6246974e-19
       3.1735008       9.4197940   7.2031822e-19   2.6226202e-19
       3.1746902       9.4261068   7.2063158e-19   2.6205406e-19
       3.1758797       9.4324361   7.2094569e-19   2.6184585e-19
       3.1770692       9.4387821   7.2126056e-19   2.6163740e-19
       3.1782586       9.4451449   7.2157618e-19   2.6142871e-19
       3.1794481       9.4515245   7.2189256e-19   2.6121978e-19
       3.1806376       9.4579210   7.2220969e-19   2.6101060e-19
       3.1818270       9.4643344   7.2252760e-19   2.6080117e-19
       3.1830165       9.4707649   7.2284627e-19   2.6059150e-19
       3.1842060       9.4772126   7.2316572e-19   2.6038158e-19
       3.1853954       9.4836774   7.2348594e-19   2.6017142e-19
       3.1865849       9.4901596   7.2380693e-19   2.5996100e-19
       3.1877744       9.4966591   7.2412872e-19   2.5975034e-19
       3.1889638       9.5031761   7.2445128e-19   2.5953942e-19
       3.1901533       9.5097107   7.2477464e-19   2.5932826e-19
       3.1913428       9.5162629   7.2509879e-19   2.5911684e-19
       3.1925322       9.5228328   7.2542373e-19   2.5890517e-19
       3.1937217       9.5294204   7.2574948e-19   2.5869324e-19
       3.1949112       9.5360260   7.2607603e-19   2.5848106e-19
       3.1961007       9.5426495   7.2640338e-19   2.5826862e-19
       3.1972901       9.5492911   7.2673155e-19   2.5805593e-19
       3.1984796       9.5559508   7.2706053e-19   2.5784298e-19
       3.1996691       9.5626288   7.2739033e-19   2.5762978e-19
       3.2008585       9.5693251   7.2772096e-19   2.5741631e-19
       3.2020480       9.5760397   7.2805241e-19   2.5720259e-19
       3.2032375       9.5827729   7.2838469e-19   2.5698860e-19
       3.2044269       9.5895246   7.2871780e-19   2.5677435e-19
       3.2056164       9.5962951   7.2905175e-19   2.5655984e-19
       3.2068059       9.6030842   7.2938654e-19   2.5634507e-19
       3.2079953       9.6098923   7.2972218e-19   2.5613003e-19
       3.2091848       9.6167193   7.3005866e-19   2.5591473e-19
       3.2103743       9.6235653   7.3039600e-19   2.5569916e-19
       3.2115637       9.6304305   7.3073420e-19   2.5548332e-19
       3.2127532       9.6373149   7.3107325e-19   2.5526722e-19
       3.2139427       9.6442186   7.3141318e-19   2.5505085e-19
       3.2151321       9.6511417   7.3175397e-19   2.5483421e-19
       3.2163216       9.6580844   7.3209563e-19   2.5461730e-19
       3.2175111       9.6650467   7.3243818e-19   2.5440011e-19
       3.2187005       9.6720287   7.3278160e-19   2.5418266e-19
       3.2198900       9.6790305   7.3312591e-19   2.5396493e-19
       3.2210795       9.6860522   7.3347111e-19   2.5374692e-19
       3.2222689       9.6930939   7.3381721e-19   2.5352864e-19
       3.2234584       9.7001557   7.3416420e-19   2.5331009e-19
       3.2246479       9.7072378   7.3451210e-19   2.5309125e-19
       3.2258374       9.7143401   7.3486090e-19   2.5287214e-19
       3.2270268       9.7214629   7.3521061e-19   2.5265275e-19
       3.2282163       9.7286062   7.3556125e-19   2.5243308e-19
       3.2294058       9.7357701   7.3591280e-19   2.5221313e-19
       3.2305952       9.7429548   7.3626527e-19   2.5199290e-19
       3.2317847       9.7501603   7.3661868e-19   2.5177238e-19
       3.2329742       9.7573867   7.3697302e-19   2.5155158e-19
       3.2341636       9.7646342   7.3732830e-19   2.5133049e-19
       3.2353531       9.7719028   7.3768452e-19   2.5110912e-19
       3.2365426       9.7791927   7.3804168e-19   2.5088746e-19
       3.2377320       9.7865040   7.3839981e-19   2.5066552e-19
       3.2389215       9.7938368   7.3875888e-19   2.5044328e-19
       3.2401110       9.8011911   7.3911892e-19   2.5022075e-19
       3.2413004       9.8085672   7.3947993e-19   2.4999793e-19
       3.2424899       9.8159651   7.3984190e-19   2.4977482e-19
       3.2436794       9.8233850   7.4020486e-19   2.4955142e-19
       3.2448688       9.8308269   7.4056879e-19   2.4932772e-19
       3.2460583       9.8382910   7.4093371e-19   2.4910372e-19
       3.2472478       9.8457773   7.4129962e-19   2.4887943e-19
       3.2484372       9.8532861   7.4166653e-19   2.4865484e-19
       3.2496267       9.8608173   7.4203443e-19   2.4842995e-19
       3.2508162       9.8683713   7.4240334e-19   2.4820477e-19
       3.2520056       9.8759480   7.4277327e-19   2.4797928e-19
       3.2531951       9.8835475   7.4314420e-19   2.4775348e-19
       3.2543846       9.8911701   7.4351616e-19   2.4752739e-19
       3.2555741       9.8988158   7.4388915e-19   2.4730099e-19
       3.2567635       9.9064848   7.4426317e-19   2.4707429e-19
       3.2579530       9.9141771   7.4463822e-19   2.4684727e-19
       3.2591425       9.9218929   7.4501431e-19   2.4661995e-19
       3.2603319       9.9296324   7.4539146e-19   2.4639233e-19
       3.2615214       9.9373956   7.4576965e-19   2.4616439e-19
       3.2627109       9.9451827   7.4614891e-19   2.4593614e-19
       3.2639003       9.9529938   7.4652922e-19   2.4570757e-19
       3.2650898       9.9608291   7.4691061e-19   2.4547870e-19
       3.2662793       9.9686886   7.4729307e-19   2.4524951e-19
       3.2674687       9.9765726   7.4767661e-19   2.4502000e-19
       3.2686582       9.9844811   7.4806124e-19   2.4479017e-19
       3.2698477       9.9924143   7.4844696e-19   2.4456003e-19
       3.2710371       10.000372   7.4883377e-19   2.4432957e-19
       3.2722266       10.008355   7.4922169e-19   2.4409878e-19
       3.2734161       10.016363   7.4961072e-19   2.4386768e-19
       3.2746055       10.024397   7.5000086e-19   2.4363625e-19
       3.2757950       10.032455   7.5039212e-19   2.4340449e-19
       3.2769845       10.040539   7.5078451e-19   2.4317241e-19
       3.2781739       10.048649   7.5117803e-19   2.4294001e-19
       3.2793634       10.056785   7.5157269e-19   2.4270727e-19
       3.2805529       10.064946   7.5196849e-19   2.4247420e-19
       3.2817424       10.073134   7.5236544e-19   2.4224081e-19
       3.2829318       10.081348   7.5276356e-19   2.4200708e-19
       3.2841213       10.089588   7.5316283e-19   2.4177301e-19
       3.2853108       10.097855   7.5356327e-19   2.4153862e-19
       3.2865002       10.106148   7.5396489e-19   2.4130388e-19
       3.2876897       10.114469   7.5436769e-19   2.4106881e-19
       3.2888792       10.122816   7.5477168e-19   2.4083340e-19
       3.2900686       10.131190   7.5517686e-19   2.4059765e-19
       3.2912581       10.139592   7.5558325e-19   2.4036155e-19
       3.2924476       10.148021   7.5599084e-19   2.4012512e-19
       3.2936370       10.156478   7.5639965e-19   2.3988833e-19
       3.2948265       10.164963   7.5680968e-19   2.3965121e-19
       3.2960160       10.173476   7.5722094e-19   2.3941373e-19
       3.2972054       10.182016   7.5763343e-19   2.3917591e-19
       3.2983949       10.190585   7.5804716e-19   2.3893774e-19
       3.2995844       10.199182   7.5846214e-19   2.3869921e-19
       3.3007738       10.207808   7.5887838e-19   2.3846034e-19
       3.3019633       10.216463   7.5929588e-19   2.3822110e-19
       3.3031528       10.225147   7.5971465e-19   2.3798152e-19
       3.3043422       10.233860   7.6013470e-19   2.3774157e-19
       3.3055317       10.242602   7.6055603e-19   2.3750127e-19
       3.3067212       10.251373   7.6097865e-19   2.3726060e-19
       3.3079106       10.260174   7.6140257e-19   2.3701958e-19
       3.3091001       10.269005   7.6182779e-19   2.3677819e-19
       3.3102896       10.277866   7.6225433e-19   2.3653644e-19
       3.3114791       10.286757   7.6268219e-19   2.3629432e-19
       3.3126685       10.295679   7.6311137e-19   2.3605183e-19
       3.3138580       10.304631   7.6354190e-19   2.3580897e-19
       3.3150475       10.313613   7.6397376e-19   2.3556574e-19
       3.3162369       10.322627   7.6440698e-19   2.3532214e-19
       3.3174264       10.331672   7.6484156e-19   2.3507817e-19
       3.3186159       10.340748   7.6527750e-19   2.3483382e-19
       3.3198053       10.349855   7.6571482e-19   2.3458909e-19
       3.3209948       10.358994   7.6615352e-19   2.3434398e-19
       3.3221843       10.368165   7.6659361e-19   2.3409850e-19
       3.3233737       10.377368   7.6703510e-19   2.3385263e-19
       3.3245632       10.386603   7.6747800e-19   2.3360638e-19
       3.3257527       10.395871   7.6792231e-19   2.3335974e-19
       3.3269421       10.405171   7.6836805e-19   2.3311271e-19
       3.3281316       10.414504   7.6881522e-19   2.3286530e-19
       3.3293211       10.423871   7.6926383e-19   2.3261749e-19
       3.3305105       10.433270   7.6971389e-19   2.3236930e-19
       3.3317000       10.442703   7.7016541e-19   2.3212071e-19
       3.3328895       10.452170   7.7061839e-19   2.3187172e-19
       3.3340789       10.461670   7.7107285e-19   2.3162234e-19
       3.3352684       10.471205   7.7152880e-19   2.3137255e-19
       3.3364579       10.480774   7.7198624e-19   2.3112237e-19
       3.3376473       10.490378   7.7244518e-19   2.3087178e-19
       3.3388368       10.500016   7.7290563e-19   2.3062079e-19
       3.3400263       10.509689   7.7336760e-19   2.3036940e-19
       3.3412158       10.519398   7.7383110e-19   2.3011759e-19
       3.3424052       10.529142   7.7429614e-19   2.2986538e-19
       3.3435947       10.538921   7.7476274e-19   2.2961275e-19
       3.3447842       10.548737   7.7523088e-19   2.2935971e-19
       3.3459736       10.558589   7.7570060e-19   2.2910626e-19
       3.3471631       10.568477   7.7617189e-19   2.2885239e-19
       3.3483526       10.578401   7.7664478e-19   2.2859809e-19
       3.3495420       10.588363   7.7711925e-19   2.2834338e-19
       3.3507315       10.598361   7.7759534e-19   2.2808825e-19
       3.3519210       10.608397   7.7807304e-19   2.2783268e-19
       3.3531104       10.618471   7.7855237e-19   2.2757670e-19
       3.3542999       10.628582   7.7903334e-19   2.2732028e-19
       3.3554894       10.638732   7.7951596e-19   2.2706343e-19
       3.3566788       10.648919   7.8000023e-19   2.2680615e-19
       3.3578683       10.659146   7.8048618e-19   2.2654844e-19
       3.3590578       10.669411   7.8097380e-19   2.2629028e-19
       3.3602472       10.679715   7.8146311e-19   2.2603169e-19
       3.3614367       10.690059   7.8195413e-19   2.2577266e-19
       3.3626262       10.700442   7.8244685e-19   2.2551319e-19
       3.3638156       10.710865   7.8294130e-19   2.2525326e-19
       3.3650051       10.721329   7.8343749e-19   2.2499290e-19
       3.3661946       10.731833   7.8393541e-19   2.2473208e-19
       3.3673840       10.742377   7.8443510e-19   2.2447081e-19
       3.3685735       10.752963   7.8493655e-19   2.2420909e-19
       3.3697630       10.763590   7.8543979e-19   2.2394691e-19
       3.3709525       10.774258   7.8594481e-19   2.2368427e-19
       3.3721419       10.784968   7.8645164e-19   2.2342117e-19
       3.3733314       10.795721   7.8696028e-19   2.2315761e-19
       3.3745209       10.806516   7.8747075e-19   2.2289359e-19
       3.3757103       10.817353   7.8798306e-19   2.2262910e-19
       3.3768998       10.828234   7.8849722e-19   2.2236414e-19
       3.3780893       10.839158   7.8901325e-19   2.2209871e-19
       3.3792787       10.850126   7.8953115e-19   2.2183280e-19
       3.3804682       10.861138   7.9005094e-19   2.2156642e-19
       3.3816577       10.872193   7.9057263e-19   2.2129955e-19
       3.3828471       10.883294   7.9109624e-19   2.2103221e-19
       3.3840366       10.894439   7.9162177e-19   2.2076439e-19
       3.3852261       10.905630   7.9214924e-19   2.2049607e-19
       3.3864155       10.916866   7.9267867e-19   2.2022727e-19
       3.3876050       10.928148   7.9321007e-19   2.1995798e-19
       3.3887945       10.939477   7.9374344e-19   2.1968820e-19
       3.3899839       10.950851   7.9427881e-19   2.1941792e-19
       3.3911734       10.962273   7.9481619e-19   2.1914714e-19
       3.3923629       10.973742   7.9535559e-19   2.1887586e-19
       3.3935523       10.985259   7.9589703e-19   2.1860408e-19
       3.3947418       10.996823   7.9644051e-19   2.1833179e-19
       3.3959313       11.008436   7.9698606e-19   2.1805900e-19
       3.3971208       11.020097   7.9753369e-19   2.1778569e-19
       3.3983102       11.031808   7.9808342e-19   2.1751187e-19
       3.3994997       11.043567   7.9863525e-19   2.1723753e-19
       3.4006892       11.055377   7.9918921e-19   2.1696267e-19
       3.4018786       11.067236   7.9974530e-19   2.1668730e-19
       3.4030681       11.079146   8.0030355e-19   2.1641139e-19
       3.4042576       11.091107   8.0086397e-19   2.1613496e-19
       3.4054470       11.103119   8.0142657e-19   2.1585800e-19
       3.4066365       11.115183   8.0199137e-19   2.1558051e-19
       3.4078260       11.127298   8.0255839e-19   2.1530248e-19
       3.4090154       11.139467   8.0312764e-19   2.1502391e-19
       3.4102049       11.151687   8.0369914e-19   2.1474481e-19
       3.4113944       11.163962   8.0427291e-19   2.1446515e-19
       3.4125838       11.176289   8.0484896e-19   2.1418495e-19
       3.4137733       11.188671   8.0542731e-19   2.1390420e-19
       3.4149628       11.201108   8.0600797e-19   2.1362290e-19
       3.4161522       11.213599   8.0659096e-19   2.1334104e-19
       3.4173417       11.226145   8.0717631e-19   2.1305862e-19
       3.4185312       11.238748   8.0776402e-19   2.1277564e-19
       3.4197206       11.251406   8.0835412e-19   2.1249209e-19
       3.4209101       11.264121   8.0894662e-19   2.1220798e-19
       3.4220996       11.276893   8.0954154e-19   2.1192329e-19
       3.4232890       11.289723   8.1013891e-19   2.1163803e-19
       3.4244785       11.302611   8.1073873e-19   2.1135219e-19
       3.4256680       11.315557   8.1134102e-19   2.1106577e-19
       3.4268575       11.328562   8.1194582e-19   2.1077876e-19
       3.4280469       11.341627   8.1255312e-19   2.1049117e-19
       3.4292364       11.354751   8.1316296e-19   2.1020298e-19
       3.4304259       11.367936   8.1377536e-19   2.0991420e-19
       3.4316153       11.381181   8.1439033e-19   2.0962483e-19
       3.4328048       11.394488   8.1500789e-19   2.0933485e-19
       3.4339943       11.407857   8.1562807e-19   2.0904427e-19
       3.4351837       11.421288   8.1625088e-19   2.0875308e-19
       3.4363732       11.434783   8.1687634e-19   2.0846127e-19
       3.4375627       11.448340   8.1750448e-19   2.0816886e-19
       3.4387521       11.461962   8.1813532e-19   2.0787582e-19
       3.4399416       11.475648   8.1876887e-19   2.0758216e-19
       3.4411311       11.489399   8.1940517e-19   2.0728788e-19
       3.4423205       11.503215   8.2004423e-19   2.0699296e-19
       3.4435100       11.517098   8.2068607e-19   2.0669741e-19
       3.4446995       11.531047   8.2133072e-19   2.0640123e-19
       3.4458889       11.545064   8.2197819e-19   2.0610440e-19
       3.4470784       11.559148   8.2262852e-19   2.0580693e-19
       3.4482679       11.573301   8.2328173e-19   2.0550881e-19
       3.4494573       11.587523   8.2393783e-19   2.0521004e-19
       3.4506468       11.601814   8.2459686e-19   2.0491061e-19
       3.4518363       11.616176   8.2525883e-19   2.0461052e-19
       3.4530257       11.630608   8.2592378e-19   2.0430976e-19
       3.4542152       11.645112   8.2659172e-19   2.0400834e-19
       3.4554047       11.659687   8.2726268e-19   2.0370625e-19
       3.4565942       11.674336   8.2793669e-19   2.0340347e-19
       3.4577836       11.689058   8.2861377e-19   2.0310002e-19
       3.4589731       11.703853   8.2929394e-19   2.0279588e-19
       3.4601626       11.718724   8.2997724e-19   2.0249106e-19
       3.4613520       11.733669   8.3066369e-19   2.0218553e-19
       3.4625415       11.748691   8.3135332e-19   2.0187931e-19
       3.4637310       11.763789   8.3204615e-19   2.0157239e-19
       3.4649204       11.778965   8.3274222e-19   2.0126476e-19
       3.4661099       11.794219   8.3344154e-19   2.0095642e-19
       3.4672994       11.809551   8.3414416e-19   2.0064737e-19
       3.4684888       11.824963   8.3485009e-19   2.0033759e-19
       3.4696783       11.840455   8.3555936e-19   2.0002709e-19
       3.4708678       11.856029   8.3627201e-19   1.9971585e-19
       3.4720572       11.871683   8.3698807e-19   1.9940389e-19
       3.4732467       11.887421   8.3770756e-19   1.9909118e-19
       3.4744362       11.903241   8.3843051e-19   1.9877773e-19
       3.4756256       11.919146   8.3915696e-19   1.9846353e-19
       3.4768151       11.935135   8.3988694e-19   1.9814858e-19
       3.4780046       11.951210   8.4062048e-19   1.9783287e-19
       3.4791940       11.967371   8.4135761e-19   1.9751639e-19
       3.4803835       11.983620   8.4209837e-19   1.9719914e-19
       3.4815730       11.999957   8.4284278e-19   1.9688112e-19
       3.4827625       12.016382   8.4359088e-19   1.9656232e-19
       3.4839519       12.032898   8.4434271e-19   1.9624274e-19
       3.4851414       12.049504   8.4509829e-19   1.9592237e-19
       3.4863309       12.066201   8.4585767e-19   1.9560120e-19
       3.4875203       12.082991   8.4662087e-19   1.9527922e-19
       3.4887098       12.099875   8.4738794e-19   1.9495645e-19
       3.4898993       12.116852   8.4815892e-19   1.9463286e-19
       3.4910887       12.133925   8.4893382e-19   1.9430845e-19
       3.4922782       12.151094   8.4971271e-19   1.9398322e-19
       3.4934677       12.168360   8.5049560e-19   1.9365716e-19
       3.4946571       12.185724   8.5128255e-19   1.9333027e-19
       3.4958466       12.203187   8.5207358e-19   1.9300254e-19
       3.4970361       12.220750   8.5286875e-19   1.9267395e-19
       3.4982255       12.238415   8.5366808e-19   1.9234452e-19
       3.4994150       12.256181   8.5447162e-19   1.9201423e-19
       3.5006045       12.274051   8.5527941e-19   1.9168307e-19
       3.5017939       12.292024   8.5609150e-19   1.9135104e-19
       3.5029834       12.310104   8.5690792e-19   1.9101814e-19
       3.5041729       12.328289   8.5772871e-19   1.9068435e-19
       3.5053623       12.346582   8.5855393e-19   1.9034967e-19
       3.5065518       12.364984   8.5938360e-19   1.9001409e-19
       3.5077413       12.383495   8.6021779e-19   1.8967761e-19
       3.5089307       12.402118   8.6105654e-19   1.8934022e-19
       3.5101202       12.420852   8.6189988e-19   1.8900191e-19
       3.5113097       12.439700   8.6274787e-19   1.8866268e-19
       3.5124992       12.458662   8.6360056e-19   1.8832251e-19
       3.5136886       12.477740   8.6445799e-19   1.8798141e-19
       3.5148781       12.496935   8.6532021e-19   1.8763937e-19
       3.5160676       12.516249   8.6618727e-19   1.8729637e-19
       3.5172570       12.535682   8.6705922e-19   1.8695241e-19
       3.5184465       12.555236   8.6793612e-19   1.8660749e-19
       3.5196360       12.574912   8.6881801e-19   1.8626159e-19
       3.5208254       12.594712   8.6970495e-19   1.8591471e-19
       3.5220149       12.614637   8.7059699e-19   1.8556684e-19
       3.5232044       12.634688   8.7149418e-19   1.8521797e-19
       3.5243938       12.654867   8.7239659e-19   1.8486810e-19
       3.5255833       12.675175   8.7330426e-19   1.8451722e-19
       3.5267728       12.695614   8.7421726e-19   1.8416531e-19
       3.5279622       12.716185   8.7513564e-19   1.8381237e-19
       3.5291517       12.736890   8.7605946e-19   1.8345840e-19
       3.5303412       12.757730   8.7698878e-19   1.8310338e-19
       3.5315306       12.778707   8.7792366e-19   1.8274731e-19
       3.5327201       12.799822   8.7886416e-19   1.8239017e-19
       3.5339096       12.821078   8.7981035e-19   1.8203196e-19
       3.5350990       12.842475   8.8076229e-19   1.8167267e-19
       3.5362885       12.864016   8.8172004e-19   1.8131229e-19
       3.5374780       12.885702   8.8268367e-19   1.8095081e-19
       3.5386674       12.907534   8.8365324e-19   1.8058823e-19
       3.5398569       12.929515   8.8462883e-19   1.8022452e-19
       3.5410464       12.951647   8.8561051e-19   1.7985969e-19
       3.5422359       12.973931   8.8659834e-19   1.7949372e-19
       3.5434253       12.996369   8.8759239e-19   1.7912661e-19
       3.5446148       13.018962   8.8859274e-19   1.7875834e-19
       3.5458043       13.041714   8.8959947e-19   1.7838891e-19
       3.5469937       13.064626   8.9061264e-19   1.7801829e-19
       3.5481832       13.087699   8.9163234e-19   1.7764650e-19
       3.5493727       13.110937   8.9265863e-19   1.7727350e-19
       3.5505621       13.134340   8.9369161e-19   1.7689930e-19
       3.5517516       13.157912   8.9473135e-19   1.7652388e-19
       3.5529411       13.181653   8.9577794e-19   1.7614723e-19
       3.5541305       13.205568   8.9683145e-19   1.7576934e-19
       3.5553200       13.229656   8.9789198e-19   1.7539019e-19
       3.5565095       13.253922   8.9895961e-19   1.7500979e-19
       3.5576989       13.278367   9.0003442e-19   1.7462811e-19
       3.5588884       13.302993   9.0111651e-19   1.7424514e-19
       3.5600779       13.327804   9.0220597e-19   1.7386088e-19
       3.5612673       13.352800   9.0330289e-19   1.7347531e-19
       3.5624568       13.377986   9.0440737e-19   1.7308841e-19
       3.5636463       13.403363   9.0551950e-19   1.7270018e-19
       3.5648357       13.428934   9.0663938e-19   1.7231060e-19
       3.5660252       13.454702   9.0776711e-19   1.7191966e-19
       3.5672147       13.480669   9.0890280e-19   1.7152735e-19
       3.5684042       13.506838   9.1004655e-19   1.7113365e-19
       3.5695936       13.533212   9.1119846e-19   1.7073855e-19
       3.5707831       13.559794   9.1235864e-19   1.7034203e-19
       3.5719726       13.586587   9.1352721e-19   1.6994409e-19
       3.5731620       13.613593   9.1470427e-19   1.6954471e-19
       3.5743515       13.640815   9.1588994e-19   1.6914387e-19
       3.5755410       13.668258   9.1708433e-19   1.6874155e-19
       3.5767304       13.695923   9.1828758e-19   1.6833776e-19
       3.5779199       13.723815   9.1949979e-19   1.6793246e-19
       3.5791094       13.751936   9.2072109e-19   1.6752565e-19
       3.5802988       13.780290   9.2195161e-19   1.6711730e-19
       3.5814883       13.808879   9.2319148e-19   1.6670741e-19
       3.5826778       13.837709   9.2444083e-19   1.6629595e-19
       3.5838672       13.866782   9.2569979e-19   1.6588291e-19
       3.5850567       13.896102   9.2696850e-19   1.6546828e-19
       3.5862462       13.925672   9.2824711e-19   1.6505203e-19
       3.5874356       13.955497   9.2953575e-19   1.6463416e-19
       3.5886251       13.985580   9.3083457e-19   1.6421463e-19
       3.5898146       14.015926   9.3214372e-19   1.6379344e-19
       3.5910040       14.046538   9.3346336e-19   1.6337056e-19
       3.5921935       14.077421   9.3479363e-19   1.6294598e-19
       3.5933830       14.108578   9.3613470e-19   1.6251968e-19
       3.5945724       14.140015   9.3748673e-19   1.6209164e-19
       3.5957619       14.171736   9.3884990e-19   1.6166183e-19
       3.5969514       14.203744   9.4022436e-19   1.6123025e-19
       3.5981409       14.236046   9.4161029e-19   1.6079686e-19
       3.5993303       14.268645   9.4300787e-19   1.6036166e-19
       3.6005198       14.301547   9.4441728e-19   1.5992461e-19
       3.6017093       14.334756   9.4583871e-19   1.5948570e-19
       3.6028987       14.368278   9.4727236e-19   1.5904490e-19
       3.6040882       14.402119   9.4871840e-19   1.5860220e-19
       3.6052777       14.436282   9.5017705e-19   1.5815756e-19
       3.6064671       14.470774   9.5164850e-19   1.5771098e-19
       3.6076566       14.505601   9.5313297e-19   1.5726241e-19
       3.6088461       14.540767   9.5463067e-19   1.5681185e-19
       3.6100355       14.576280   9.5614182e-19   1.5635925e-19
       3.6112250       14.612145   9.5766665e-19   1.5590461e-19
       3.6124145       14.648369   9.5920538e-19   1.5544789e-19
       3.6136039       14.684958   9.6075825e-19   1.5498907e-19
       3.6147934       14.721918   9.6232550e-19   1.5452813e-19
       3.6159829       14.759256   9.6390738e-19   1.5406502e-19
       3.6171723       14.796979   9.6550414e-19   1.5359974e-19
       3.6183618       14.835094   9.6711605e-19   1.5313224e-19
       3.6195513       14.873608   9.6874337e-19   1.5266250e-19
       3.6207407       14.912530   9.7038638e-19   1.5219049e-19
       3.6219302       14.951865   9.7204535e-19   1.5171618e-19
       3.6231197       14.991624   9.7372058e-19   1.5123955e-19
       3.6243091       15.031812   9.7541236e-19   1.5076055e-19
       3.6254986       15.072440   9.7712099e-19   1.5027915e-19
       3.6266881       15.113515   9.7884680e-19   1.4979533e-19
       3.6278776       15.155046   9.8059009e-19   1.4930905e-19
       3.6290670       15.197042   9.8235120e-19   1.4882027e-19
       3.6302565       15.239512   9.8413048e-19   1.4832897e-19
       3.6314460       15.282467   9.8592826e-19   1.4783510e-19
       3.6326354       15.325915   9.8774491e-19   1.4733862e-19
       3.6338249       15.369868   9.8958079e-19   1.4683951e-19
       3.6350144       15.414335   9.9143628e-19   1.4633772e-19
       3.6362038       15.459327   9.9331178e-19   1.4583321e-19
       3.6373933       15.504855   9.9520769e-19   1.4532594e-19
       3.6385828       15.550932   9.9712442e-19   1.4481587e-19
       3.6397722       15.597567   9.9906239e-19   1.4430296e-19
       3.6409617       15.644775   1.0010220e-18   1.4378717e-19
       3.6421512       15.692566   1.0030038e-18   1.4326845e-19
       3.6433406       15.740955   1.0050082e-18   1.4274675e-19
       3.6445301       15.789954   1.0070357e-18   1.4222203e-19
       3.6457196       15.839577   1.0090868e-18   1.4169424e-19
       3.6469090       15.889838   1.0111619e-18   1.4116333e-19
       3.6480985       15.940753   1.0132617e-18   1.4062925e-19
       3.6492880       15.992336   1.0153866e-18   1.4009195e-19
       3.6504774       16.044603   1.0175372e-18   1.3955137e-19
       3.6516669       16.097569   1.0197142e-18   1.3900747e-19
       3.6528564       16.151253   1.0219180e-18   1.3846018e-19
       3.6540458       16.205671   1.0241494e-18   1.3790945e-19
       3.6552353       16.260841   1.0264089e-18   1.3735521e-19
       3.6564248       16.316782   1.0286973e-18   1.3679741e-19
       3.6576143       16.373514   1.0310152e-18   1.3623598e-19
       3.6588037       16.431055   1.0333633e-18   1.3567087e-19
       3.6599932       16.489427   1.0357423e-18   1.3510200e-19
       3.6611827       16.548651   1.0381531e-18   1.3452930e-19
       3.6623721       16.608750   1.0405964e-18   1.3395270e-19
       3.6635616       16.669747   1.0430730e-18   1.3337214e-19
       3.6647511       16.731665   1.0455838e-18   1.3278753e-19
       3.6659405       16.794530   1.0481297e-18   1.3219880e-19
       3.6671300       16.858367   1.0507115e-18   1.3160588e-19
       3.6683195       16.923204   1.0533302e-18   1.3100867e-19
       3.6695089       16.989069   1.0559869e-18   1.3040709e-19
       3.6706984       17.055990   1.0586825e-18   1.2980106e-19
       3.6718879       17.123999   1.0614181e-18   1.2919049e-19
       3.6730773       17.193126   1.0641948e-18   1.2857528e-19
       3.6742668       17.263406   1.0670137e-18   1.2795533e-19
       3.6754563       17.334871   1.0698762e-18   1.2733055e-19
       3.6766457       17.407559   1.0727833e-18   1.2670084e-19
       3.6778352       17.481506   1.0757365e-18   1.2606608e-19
       3.6790247       17.556752   1.0787370e-18   1.2542617e-19
       3.6802141       17.633339   1.0817864e-18   1.2478099e-19
       3.6814036       17.711307   1.0848860e-18   1.2413042e-19
       3.6825931       17.790704   1.0880375e-18   1.2347435e-19
       3.6837826       17.871574   1.0912425e-18   1.2281263e-19
       3.6849720       17.953969   1.0945027e-18   1.2214515e-19
       3.6861615       18.037938   1.0978197e-18   1.2147175e-19
       3.6873510       18.123537   1.1011956e-18   1.2079231e-19
       3.6885404       18.210822   1.1046322e-18   1.2010667e-19
       3.6897299       18.299853   1.1081317e-18   1.1941467e-19
       3.6909194       18.390692   1.1116961e-18   1.1871616e-19
       3.6921088       18.483407   1.1153277e-18   1.1801097e-19
       3.6932983       18.578065   1.1190289e-18   1.1729892e-19
       3.6944878       18.674742   1.1228022e-18   1.1657982e-19
       3.6956772       18.773513   1.1266502e-18   1.1585350e-19
       3.6968667       18.874462   1.1305757e-18   1.1511975e-19
       3.6980562       18.977674   1.1345817e-18   1.1437836e-19
       3.6992456       19.083241   1.1386711e-18   1.1362912e-19
       3.7004351       19.191259   1.1428473e-18   1.1287180e-19
       3.7016246       19.301832   1.1471138e-18   1.1210615e-19
       3.7028140       19.415068   1.1514742e-18   1.1133194e-19
       3.7040035       19.531083   1.1559323e-18   1.1054889e-19
       3.7051930       19.650000   1.1604924e-18   1.0975674e-19
       3.7063824       19.771950   1.1651587e-18   1.0895519e-19
       3.7075719       19.897073   1.1699360e-18   1.0814393e-19
       3.7087614       20.025517   1.1748291e-18   1.0732266e-19
       3.7099508       20.157443   1.1798435e-18   1.0649102e-19
       3.7111403       20.293021   1.1849846e-18   1.0564866e-19
       3.7123298       20.432434   1.1902587e-18   1.0479520e-19
       3.7135193       20.575877   1.1956720e-18   1.0393025e-19
       3.7147087       20.723562   1.2012316e-18   1.0305338e-19
       3.7158982       20.875717   1.2069449e-18   1.0216414e-19
       3.7170877       21.032585   1.2128200e-18   1.0126205e-19
       3.7182771       21.194433   1.2188653e-18   1.0034660e-19
       3.7194666       21.361546   1.2250904e-18   9.9417264e-20
       3.7206561       21.534235   1.2315052e-18   9.8473452e-20
       3.7218455       21.712839   1.2381206e-18   9.7514550e-20
       3.7230350       21.897725   1.2449486e-18   9.6539900e-20
       3.7242245       22.089295   1.2520020e-18   9.5548792e-20
       3.7254139       22.287989   1.2592949e-18   9.4540467e-20
       3.7266034       22.494289   1.2668427e-18   9.3514106e-20
       3.7277929       22.708725   1.2746623e-18   9.2468825e-20
       3.7289823       22.931883   1.2827722e-18   9.1403668e-20
       3.7301718       23.164410   1.2911928e-18   9.0317602e-20
       3.7313613       23.407024   1.2999467e-18   8.9209500e-20
       3.7325507       23.660525   1.3090590e-18   8.8078139e-20
       3.7337402       23.925807   1.3185576e-18   8.6922178e-20
       3.7349297       24.203873   1.3284736e-18   8.5740152e-20
       3.7361191       24.495853   1.3388419e-18   8.4530447e-20
       3.7373086       24.803025   1.3497019e-18   8.3291284e-20
       3.7384981       25.126843   1.3610980e-18   8.2020694e-20
       3.7396875       25.468966   1.3730807e-18   8.0716485e-20
       3.7408770       25.831303   1.3857079e-18   7.9376211e-20
       3.7408770       26.661261   2.2444650e-18   1.2132542e-19
       3.7420665       27.047494   2.3071617e-18   1.2146898e-19
       3.7432560       27.465131   2.3692205e-18   1.2128097e-19
       3.7444454       27.916317   2.4304018e-18   1.2075129e-19
       3.7456349       28.403250   2.4904622e-18   1.1987413e-19
       3.7468244       28.928157   2.5491581e-18   1.1864851e-19
       3.7480138       29.493268   2.6062493e-18   1.1707861e-19
       3.7492033       30.100775   2.6615024e-18   1.1517407e-19
       3.7503928       30.752791   2.7146950e-18   1.1295002e-19
       3.7515822       31.451296   2.7656179e-18   1.1042695e-19
       3.7527717       32.198073   2.8140777e-18   1.0763038e-19
       3.7539612       32.994636   2.8598972e-18   1.0459025e-19
       3.7551506       33.842149   2.9029149e-18   1.0134018e-19
       3.7563401       34.741337   2.9429815e-18   9.7916484e-20
       3.7575296       35.692388   2.9799551e-18   9.4357121e-20
       3.7587190       36.694858   3.0136926e-18   9.0700495e-20
       3.7599085       37.747570   3.0440397e-18   8.6984271e-20
       3.7610980       38.848531   3.0708177e-18   8.3244238e-20
       3.7622874       39.994849   3.0938088e-18   7.9513268e-20
       3.7634769       41.182685   3.1127416e-18   7.5820463e-20
       3.7646664       42.407225   3.1272767e-18   7.2190519e-20
       3.7658558       43.662691   3.1369971e-18   6.8643347e-20
       3.7670453       44.942398   3.1414031e-18   6.5193977e-20
       3.7682348       46.238854   3.1399182e-18   6.1852743e-20
       3.7694243       47.543909   3.1319051e-18   5.8625724e-20
       3.7706137       48.848943   3.1166966e-18   5.5515420e-20
       3.7718032       50.145097   3.0936396e-18   5.2521577e-20
       3.7729927       51.423519   3.0621507e-18   4.9642104e-20
       3.7741821       52.675626   3.0217787e-18   4.6873973e-20
       3.7753716       53.893353   2.9722659e-18   4.4214023e-20
       3.7765611       55.069380   2.9135991e-18   4.1659561e-20
       3.7777505       56.197324   2.8460420e-18   3.9208739e-20
       3.7789400       57.271876   2.7701420e-18   3.6860654e-20
       3.7801295       58.288887   2.6867103e-18   3.4615228e-20
       3.7813189       59.245400   2.5967763e-18   3.2472916e-20
       3.7825084       60.139624   2.5015248e-18   3.0434331e-20
       3.7836979       60.970868   2.4022247e-18   2.8499868e-20
       3.7848873       61.739436   2.3001583e-18   2.6669391e-20
       3.7860768       62.446502   2.1965598e-18   2.4942026e-20
       3.7872663       63.093962   2.0925671e-18   2.3316069e-20
       3.7884557       63.684294   1.9891897e-18   2.1788993e-20
       3.7896452       64.220411   1.8872912e-18   2.0357535e-20
       3.7908347       64.705531   1.7875848e-18   1.9017832e-20
       3.7920241       65.143058   1.6906381e-18   1.7765576e-20
       3.7932136       65.536481   1.5968844e-18   1.6596174e-20
       3.7944031       65.889290   1.5066379e-18   1.5504888e-20
       3.7955925       66.204906   1.4201105e-18   1.4486953e-20
       3.7967820       66.486632   1.3374278e-18   1.3537683e-20
       3.7979715       66.737613   1.2586452e-18   1.2652529e-20
       3.7991610       66.960812   1.1837615e-18   1.1827142e-20
       3.8003504       67.158994   1.1127312e-18   1.1057396e-20
       3.8015399       67.334718   1.0454750e-18   1.0339407e-20
       3.8027294       67.490335   9.8188794e-19   9.6695426e-21
       3.8039188       67.627995   9.2184715e-19   9.0444164e-21
       3.8051083       67.749652   8.6521698e-19   8.4608822e-21
       3.8062978       67.857073   8.1185383e-19   7.9160228e-21
       3.8074872       67.951851   7.6160970e-19   7.4071364e-21
       3.8086767       68.035419   7.1433497e-19   6.9317231e-21
       3.8098662       68.109058   6.6988060e-19   6.4874702e-21
       3.8110556       68.173914   6.2809974e-19   6.0722378e-21
       3.8122451       68.231008   5.8884897e-19   5.6840455e-21
       3.8134346       68.281249   5.5198916e-19   5.3210595e-21
       3.8146240       68.325443   5.1738611e-19   4.9815807e-21
       3.8158135       68.364307   4.8491097e-19   4.6640335e-21
       3.8170030       68.398472   4.5444047e-19   4.3669563e-21
       3.8181924       68.428501   4.2585703e-19   4.0889913e-21
       3.8193819       68.454887   3.9904884e-19   3.8288773e-21
       3.8205714       68.478070   3.7390974e-19   3.5854411e-21
       3.8217608       68.498433   3.5033918e-19   3.3575910e-21
       3.8229503       68.516318   3.2824204e-19   3.1443105e-21
       3.8241398       68.532024   3.0752847e-19   2.9446525e-21
       3.8253292       68.545815   2.8811366e-19   2.7577339e-21
       3.8265187       68.557923   2.6991769e-19   2.5827314e-21
       3.8277082       68.568553   2.5286529e-19   2.4188762e-21
       3.8288977       68.577885   2.3688557e-19   2.2654512e-21
       3.8300871       68.586075   2.2191191e-19   2.1217861e-21
       3.8312766       68.593265   2.0788163e-19   1.9872553e-21
       3.8324661       68.599575   1.9473586e-19   1.8612737e-21
       3.8336555       68.605113   1.8241930e-19   1.7432947e-21
       3.8348450       68.609973   1.7088001e-19   1.6328071e-21
       3.8360345       68.614238   1.6006924e-19   1.5293328e-21
       3.8372239       68.617981   1.4994127e-19   1.4324249e-21
       3.8384134       68.621266   1.4045316e-19   1.3416650e-21
       3.8396029       68.624148   1.3156466e-19   1.2566618e-21
       3.8407923       68.626677   1.2323803e-19   1.1770490e-21
       3.8419818       68.628897   1.1543786e-19   1.1024840e-21
       3.8431713       68.630844   1.0813095e-19   1.0326460e-21
       3.8443607       68.632553   1.0128619e-19   9.6723474e-22
       3.8455502       68.634052   9.4874424e-20   9.0596911e-22
       3.8467397       68.635367   8.8868300e-20   8.4858598e-22
       3.8479291       68.636522   8.3242202e-20   7.9483897e-22
       3.8491186       68.637534   7.7972121e-20   7.4449740e-22
       3.8503081       68.638423   7.3035556e-20   6.9734529e-22
       3.8514975       68.639203   6.8411424e-20   6.5318037e-22
       3.8526870       68.639887   6.4079973e-20   6.1181324e-22
       3.8538765       68.640487   6.0022692e-20   5.7306655e-22
       3.8550660       68.641014   5.6222241e-20   5.3677420e-22
       3.8562554       68.641476   5.2662372e-20   5.0278063e-22
       3.8574449       68.641881   4.9327866e-20   4.7094018e-22
       3.8586344       68.642237   4.6204461e-20   4.4111640e-22
       3.8598238       68.642549   4.3278801e-20   4.1318153e-22
       3.8610133       68.642822   4.0538371e-20   3.8701589e-22
       3.8622028       68.643063   3.7971447e-20   3.6250738e-22
       3.8633922       68.643273   3.5567047e-20   3.3955105e-22
       3.8645817       68.643458   3.3314884e-20   3.1804856e-22
       3.8657712       68.643621   3.1205322e-20   2.9790782e-22
       3.8669606       68.643763   2.9229332e-20   2.7904258e-22
       3.8681501       68.643888   2.7378459e-20   2.6137205e-22
       3.8693396       68.643997   2.5644783e-20   2.4482057e-22
       3.8705290       68.644094   2.4020883e-20   2.2931725e-22
       3.8717185       68.644178   2.2499808e-20   2.1479571e-22
       3.8729080       68.644252   2.1075050e-20   2.0119377e-22
       3.8740974       68.644317   1.9740509e-20   1.8845320e-22
       3.8752869       68.644374   1.8490473e-20   1.7651944e-22
       3.8764764       68.644424   1.7319592e-20   1.6534139e-22
       3.8776658       68.644468   1.6222854e-20   1.5487121e-22
       3.8788553       68.644506   1.5195564e-20   1.4506405e-22
       3.8800448       68.644540   1.4233325e-20   1.3587794e-22
       3.8812342       68.644569   1.3332018e-20   1.2727354e-22
       3.8824237       68.644595   1.2487784e-20   1.1921401e-22
       3.8836132       68.644618   1.1697009e-20   1.1166485e-22
       3.8848027       68.644638   1.0956309e-20   1.0459375e-22
       3.8859921       68.644656   1.0262513e-20   9.7970414e-23
       3.8871816       68.644671   9.6126499e-21   9.1766504e-23
       3.8883711       68.644685   9.0039388e-21   8.5955453e-23
