    0.0017371263       5.0039045   3.3075017e-19   4.5744612e-19
     0.019108389       5.0100511   3.3101358e-19   4.5678122e-19
     0.036479652       5.0162270   3.3127811e-19   4.5611494e-19
     0.053850915       5.0224324   3.3154380e-19   4.5544729e-19
     0.071222178       5.0286675   3.3181064e-19   4.5477824e-19
     0.088593442       5.0349326   3.3207864e-19   4.5410779e-19
      0.10596470       5.0412280   3.3234782e-19   4.5343593e-19
      0.12333597       5.0475539   3.3261818e-19   4.5276266e-19
      0.14070723       5.0539106   3.3288973e-19   4.5208796e-19
      0.15807849       5.0602983   3.3316249e-19   4.5141183e-19
      0.17544976       5.0667173   3.3343646e-19   4.5073426e-19
      0.19282102       5.0731679   3.3371165e-19   4.5005524e-19
      0.21019228       5.0796503   3.3398807e-19   4.4937477e-19
      0.22756355       5.0861649   3.3426574e-19   4.4869282e-19
      0.24493481       5.0927119   3.3454466e-19   4.4800940e-19
      0.26230607       5.0992915   3.3482484e-19   4.4732450e-19
      0.27967734       5.1059042   3.3510629e-19   4.4663810e-19
      0.29704860       5.1125501   3.3538903e-19   4.4595020e-19
      0.31441986       5.1192295   3.3567307e-19   4.4526079e-19
      0.33179112       5.1259428   3.3595841e-19   4.4456986e-19
      0.34916239       5.1326903   3.3624507e-19   4.4387740e-19
      0.36653365       5.1394723   3.3653305e-19   4.4318340e-19
      0.38390491       5.1462890   3.3682238e-19   4.4248785e-19
      0.40127618       5.1531409   3.3711306e-19   4.4179074e-19
      0.41864744       5.1600281   3.3740510e-19   4.4109206e-19
      0.43601870       5.1669511   3.3769851e-19   4.4039180e-19
      0.45338997       5.1739102   3.3799331e-19   4.3968996e-19
      0.47076123       5.1809056   3.3828951e-19   4.3898652e-19
      0.48813249       5.1879378   3.3858712e-19   4.3828147e-19
      0.50550375       5.1950070   3.3888616e-19   4.3757480e-19
      0.52287502       5.2021137   3.3918663e-19   4.3686650e-19
      0.54024628       5.2092581   3.3948855e-19   4.3615656e-19
      0.55761754       5.2164406   3.3979192e-19   4.3544498e-19
      0.57498881       5.2236616   3.4009678e-19   4.3473173e-19
      0.59236007       5.2309215   3.4040312e-19   4.3401681e-19
      0.60973133       5.2382206   3.4071096e-19   4.3330021e-19
      0.62710260       5.2455592   3.4102032e-19   4.3258192e-19
      0.64447386       5.2529378   3.4133120e-19   4.3186192e-19
      0.66184512       5.2603567   3.4164363e-19   4.3114020e-19
      0.67921639       5.2678164   3.4195761e-19   4.3041676e-19
      0.69658765       5.2753172   3.4227316e-19   4.2969158e-19
      0.71395891       5.2828595   3.4259030e-19   4.2896465e-19
      0.73133017       5.2904438   3.4290904e-19   4.2823596e-19
      0.74870144       5.2980704   3.4322939e-19   4.2750550e-19
      0.76607270       5.3057397   3.4355137e-19   4.2677325e-19
      0.78344396       5.3134522   3.4387500e-19   4.2603920e-19
      0.80081523       5.3212084   3.4420028e-19   4.2530334e-19
      0.81818649       5.3290086   3.4452724e-19   4.2456566e-19
      0.83555775       5.3368532   3.4485590e-19   4.2382614e-19
      0.85292902       5.3447429   3.4518626e-19   4.2308478e-19
      0.87030028       5.3526779   3.4551835e-19   4.2234155e-19
      0.88767154       5.3606587   3.4585218e-19   4.2159645e-19
      0.90504280       5.3686859   3.4618776e-19   4.2084947e-19
      0.92241407       5.3767598   3.4652512e-19   4.2010058e-19
      0.93978533       5.3848810   3.4686427e-19   4.1934978e-19
      0.95715659       5.3930500   3.4720524e-19   4.1859706e-19
      0.97452786       5.4012672   3.4754803e-19   4.1784239e-19
      0.99189912       5.4095332   3.4789266e-19   4.1708577e-19
       1.0092704       5.4178485   3.4823916e-19   4.1632718e-19
       1.0266416       5.4262135   3.4858755e-19   4.1556661e-19
       1.0440129       5.4346289   3.4893783e-19   4.1480404e-19
       1.0613842       5.4430951   3.4929003e-19   4.1403945e-19
       1.0787554       5.4516127   3.4964418e-19   4.1327284e-19
       1.0961267       5.4601822   3.5000028e-19   4.1250419e-19
       1.1134980       5.4688043   3.5035837e-19   4.1173348e-19
       1.1308692       5.4774794   3.5071845e-19   4.1096070e-19
       1.1482405       5.4862081   3.5108055e-19   4.1018583e-19
       1.1656118       5.4949911   3.5144470e-19   4.0940886e-19
       1.1829830       5.5038289   3.5181091e-19   4.0862977e-19
       1.2003543       5.5127221   3.5217920e-19   4.0784854e-19
       1.2177255       5.5216714   3.5254960e-19   4.0706516e-19
       1.2350968       5.5306773   3.5292213e-19   4.0627962e-19
       1.2524681       5.5397405   3.5329681e-19   4.0549188e-19
       1.2698393       5.5488617   3.5367366e-19   4.0470195e-19
       1.2872106       5.5580414   3.5405271e-19   4.0390980e-19
       1.3045819       5.5672804   3.5443398e-19   4.0311541e-19
       1.3219531       5.5765794   3.5481750e-19   4.0231877e-19
       1.3393244       5.5859389   3.5520328e-19   4.0151985e-19
       1.3566956       5.5953598   3.5559136e-19   4.0071865e-19
       1.3740669       5.6048427   3.5598176e-19   3.9991514e-19
       1.3914382       5.6143884   3.5637450e-19   3.9910930e-19
       1.4088094       5.6239976   3.5676962e-19   3.9830112e-19
       1.4261807       5.6336709   3.5716713e-19   3.9749057e-19
       1.4435520       5.6434093   3.5756706e-19   3.9667764e-19
       1.4609232       5.6532134   3.5796945e-19   3.9586231e-19
       1.4782945       5.6630841   3.5837432e-19   3.9504455e-19
       1.4956657       5.6730221   3.5878169e-19   3.9422436e-19
       1.5130370       5.6830283   3.5919160e-19   3.9340169e-19
       1.5304083       5.6931034   3.5960407e-19   3.9257655e-19
       1.5477795       5.7032484   3.6001914e-19   3.9174890e-19
       1.5651508       5.7134640   3.6043684e-19   3.9091873e-19
       1.5825221       5.7237512   3.6085718e-19   3.9008601e-19
       1.5998933       5.7341108   3.6128022e-19   3.8925072e-19
       1.6172646       5.7445438   3.6170598e-19   3.8841284e-19
       1.6346359       5.7550510   3.6213448e-19   3.8757235e-19
       1.6520071       5.7656334   3.6256577e-19   3.8672922e-19
       1.6693784       5.7762919   3.6299988e-19   3.8588343e-19
       1.6867496       5.7870275   3.6343684e-19   3.8503497e-19
       1.7041209       5.7978412   3.6387668e-19   3.8418379e-19
       1.7214922       5.8087340   3.6431944e-19   3.8332989e-19
       1.7388634       5.8197069   3.6476516e-19   3.8247323e-19
       1.7562347       5.8307609   3.6521388e-19   3.8161380e-19
       1.7736060       5.8418972   3.6566562e-19   3.8075156e-19
       1.7909772       5.8531168   3.6612043e-19   3.7988649e-19
       1.8083485       5.8644207   3.6657835e-19   3.7901857e-19
       1.8257197       5.8758102   3.6703942e-19   3.7814776e-19
       1.8430910       5.8872864   3.6750367e-19   3.7727405e-19
       1.8604623       5.8988504   3.6797114e-19   3.7639740e-19
       1.8778335       5.9105034   3.6844189e-19   3.7551780e-19
       1.8952048       5.9222467   3.6891594e-19   3.7463520e-19
       1.9125761       5.9340814   3.6939335e-19   3.7374958e-19
       1.9299473       5.9460089   3.6987416e-19   3.7286092e-19
       1.9473186       5.9580304   3.7035840e-19   3.7196918e-19
       1.9646899       5.9701472   3.7084614e-19   3.7107434e-19
       1.9820611       5.9823607   3.7133741e-19   3.7017636e-19
       1.9994324       5.9946722   3.7183226e-19   3.6927521e-19
       2.0168036       6.0070831   3.7233073e-19   3.6837086e-19
       2.0341749       6.0195949   3.7283289e-19   3.6746329e-19
       2.0515462       6.0322089   3.7333878e-19   3.6655246e-19
       2.0689174       6.0449268   3.7384844e-19   3.6563833e-19
       2.0862887       6.0577499   3.7436194e-19   3.6472088e-19
       2.1036600       6.0706799   3.7487933e-19   3.6380006e-19
       2.1210312       6.0837183   3.7540065e-19   3.6287586e-19
       2.1384025       6.0968666   3.7592597e-19   3.6194822e-19
       2.1557737       6.1101267   3.7645534e-19   3.6101712e-19
       2.1731450       6.1235001   3.7698882e-19   3.6008251e-19
       2.1905163       6.1369885   3.7752647e-19   3.5914437e-19
       2.2078875       6.1505937   3.7806835e-19   3.5820266e-19
       2.2252588       6.1643176   3.7861453e-19   3.5725733e-19
       2.2426301       6.1781618   3.7916505e-19   3.5630836e-19
       2.2600013       6.1921284   3.7971999e-19   3.5535569e-19
       2.2773726       6.2062192   3.8027942e-19   3.5439929e-19
       2.2947438       6.2204362   3.8084340e-19   3.5343912e-19
       2.3121151       6.2347813   3.8141199e-19   3.5247514e-19
       2.3294864       6.2492566   3.8198528e-19   3.5150731e-19
       2.3468576       6.2638643   3.8256333e-19   3.5053558e-19
       2.3642289       6.2786064   3.8314621e-19   3.4955991e-19
       2.3816002       6.2934852   3.8373400e-19   3.4858025e-19
       2.3989714       6.3085029   3.8432678e-19   3.4759657e-19
       2.4163427       6.3236617   3.8492462e-19   3.4660880e-19
       2.4337140       6.3389642   3.8552760e-19   3.4561692e-19
       2.4510852       6.3544126   3.8613582e-19   3.4462086e-19
       2.4684565       6.3700094   3.8674934e-19   3.4362058e-19
       2.4858277       6.3857571   3.8736825e-19   3.4261604e-19
       2.5031990       6.4016585   3.8799266e-19   3.4160717e-19
       2.5205703       6.4177160   3.8862263e-19   3.4059393e-19
       2.5379415       6.4339324   3.8925827e-19   3.3957627e-19
       2.5553128       6.4503106   3.8989968e-19   3.3855413e-19
       2.5726841       6.4668534   3.9054694e-19   3.3752745e-19
       2.5900553       6.4835636   3.9120015e-19   3.3649619e-19
       2.6074266       6.5004444   3.9185943e-19   3.3546028e-19
       2.6247978       6.5174988   3.9252487e-19   3.3441967e-19
       2.6421691       6.5347300   3.9319658e-19   3.3337429e-19
       2.6595404       6.5521412   3.9387466e-19   3.3232409e-19
       2.6769116       6.5697357   3.9455924e-19   3.3126900e-19
       2.6942829       6.5875171   3.9525043e-19   3.3020896e-19
       2.7116542       6.6054888   3.9594834e-19   3.2914391e-19
       2.7290254       6.6236544   3.9665309e-19   3.2807378e-19
       2.7463967       6.6420177   3.9736482e-19   3.2699850e-19
       2.7637680       6.6605824   3.9808364e-19   3.2591800e-19
       2.7811392       6.6793525   3.9880970e-19   3.2483222e-19
       2.7985105       6.6983321   3.9954312e-19   3.2374108e-19
       2.8158817       6.7175253   4.0028405e-19   3.2264451e-19
       2.8332530       6.7369363   4.0103262e-19   3.2154243e-19
       2.8506243       6.7565696   4.0178899e-19   3.2043476e-19
       2.8679955       6.7764296   4.0255329e-19   3.1932143e-19
       2.8853668       6.7965211   4.0332570e-19   3.1820236e-19
       2.9027381       6.8168488   4.0410637e-19   3.1707746e-19
       2.9201093       6.8374176   4.0489545e-19   3.1594666e-19
       2.9374806       6.8582327   4.0569313e-19   3.1480985e-19
       2.9479033       6.8708421   4.0617594e-19   3.1412486e-19
       2.9496405       6.8729526   4.0625671e-19   3.1401048e-19
       2.9513776       6.8750656   4.0633758e-19   3.1389603e-19
       2.9531147       6.8771812   4.0641853e-19   3.1378153e-19
       2.9548518       6.8792993   4.0649958e-19   3.1366696e-19
       2.9565890       6.8814200   4.0658071e-19   3.1355234e-19
       2.9583261       6.8835433   4.0666193e-19   3.1343765e-19
       2.9600632       6.8856691   4.0674324e-19   3.1332290e-19
       2.9618003       6.8877976   4.0682465e-19   3.1320808e-19
       2.9635375       6.8899286   4.0690614e-19   3.1309321e-19
       2.9652746       6.8920622   4.0698772e-19   3.1297827e-19
       2.9670117       6.8941984   4.0706940e-19   3.1286327e-19
       2.9687489       6.8963373   4.0715116e-19   3.1274821e-19
       2.9704860       6.8984787   4.0723302e-19   3.1263309e-19
       2.9722231       6.9006228   4.0731496e-19   3.1251790e-19
       2.9739602       6.9027695   4.0739700e-19   3.1240265e-19
       2.9756974       6.9049188   4.0747913e-19   3.1228734e-19
       2.9774345       6.9070707   4.0756135e-19   3.1217196e-19
       2.9791716       6.9092253   4.0764366e-19   3.1205652e-19
       2.9809087       6.9113826   4.0772607e-19   3.1194102e-19
       2.9826459       6.9135425   4.0780856e-19   3.1182546e-19
       2.9843830       6.9157050   4.0789115e-19   3.1170983e-19
       2.9861201       6.9178703   4.0797384e-19   3.1159414e-19
       2.9878572       6.9200381   4.0805661e-19   3.1147838e-19
       2.9895944       6.9222087   4.0813948e-19   3.1136257e-19
       2.9913315       6.9243820   4.0822244e-19   3.1124668e-19
       2.9930686       6.9265579   4.0830549e-19   3.1113074e-19
       2.9948057       6.9287365   4.0838864e-19   3.1101473e-19
       2.9965429       6.9309179   4.0847188e-19   3.1089866e-19
       2.9982800       6.9331019   4.0855522e-19   3.1078252e-19
       3.0000171       6.9352886   4.0863865e-19   3.1066632e-19
       3.0017543       6.9374781   4.0872217e-19   3.1055005e-19
       3.0034914       6.9396703   4.0880579e-19   3.1043372e-19
       3.0052285       6.9418652   4.0888950e-19   3.1031733e-19
       3.0069656       6.9440629   4.0897331e-19   3.1020087e-19
       3.0087028       6.9462633   4.0905721e-19   3.1008435e-19
       3.0104399       6.9484664   4.0914121e-19   3.0996776e-19
       3.0121770       6.9506723   4.0922531e-19   3.0985110e-19
       3.0139141       6.9528810   4.0930950e-19   3.0973439e-19
       3.0156513       6.9550924   4.0939378e-19   3.0961760e-19
       3.0173884       6.9573066   4.0947816e-19   3.0950076e-19
       3.0191255       6.9595235   4.0956264e-19   3.0938384e-19
       3.0208626       6.9617433   4.0964722e-19   3.0926686e-19
       3.0225998       6.9639658   4.0973189e-19   3.0914982e-19
       3.0243369       6.9661912   4.0981666e-19   3.0903271e-19
       3.0260740       6.9684193   4.0990152e-19   3.0891554e-19
       3.0278111       6.9706503   4.0998648e-19   3.0879830e-19
       3.0295483       6.9728840   4.1007154e-19   3.0868099e-19
       3.0312854       6.9751206   4.1015670e-19   3.0856362e-19
       3.0330225       6.9773600   4.1024196e-19   3.0844618e-19
       3.0347597       6.9796023   4.1032731e-19   3.0832867e-19
       3.0364968       6.9818474   4.1041277e-19   3.0821110e-19
       3.0382339       6.9840953   4.1049832e-19   3.0809347e-19
       3.0399710       6.9863461   4.1058397e-19   3.0797576e-19
       3.0417082       6.9885997   4.1066972e-19   3.0785799e-19
       3.0434453       6.9908562   4.1075557e-19   3.0774015e-19
       3.0451824       6.9931156   4.1084151e-19   3.0762225e-19
       3.0469195       6.9953779   4.1092756e-19   3.0750428e-19
       3.0486567       6.9976430   4.1101371e-19   3.0738624e-19
       3.0503938       6.9999111   4.1109996e-19   3.0726814e-19
       3.0521309       7.0021820   4.1118630e-19   3.0714997e-19
       3.0538680       7.0044558   4.1127275e-19   3.0703173e-19
       3.0556052       7.0067326   4.1135930e-19   3.0691342e-19
       3.0573423       7.0090123   4.1144595e-19   3.0679505e-19
       3.0590794       7.0112949   4.1153270e-19   3.0667661e-19
       3.0608165       7.0135804   4.1161955e-19   3.0655810e-19
       3.0625537       7.0158688   4.1170651e-19   3.0643952e-19
       3.0642908       7.0181602   4.1179356e-19   3.0632088e-19
       3.0660279       7.0204546   4.1188072e-19   3.0620217e-19
       3.0677651       7.0227519   4.1196798e-19   3.0608339e-19
       3.0695022       7.0250522   4.1205534e-19   3.0596454e-19
       3.0712393       7.0273554   4.1214281e-19   3.0584562e-19
       3.0729764       7.0296617   4.1223038e-19   3.0572663e-19
       3.0747136       7.0319709   4.1231805e-19   3.0560758e-19
       3.0764507       7.0342831   4.1240582e-19   3.0548846e-19
       3.0781878       7.0365983   4.1249370e-19   3.0536927e-19
       3.0799249       7.0389165   4.1258168e-19   3.0525001e-19
       3.0816621       7.0412377   4.1266977e-19   3.0513068e-19
       3.0833992       7.0435619   4.1275796e-19   3.0501128e-19
       3.0851363       7.0458892   4.1284626e-19   3.0489181e-19
       3.0868734       7.0482195   4.1293466e-19   3.0477227e-19
       3.0886106       7.0505528   4.1302316e-19   3.0465267e-19
       3.0903477       7.0528892   4.1311177e-19   3.0453299e-19
       3.0920848       7.0552287   4.1320049e-19   3.0441324e-19
       3.0938219       7.0575712   4.1328931e-19   3.0429343e-19
       3.0955591       7.0599167   4.1337823e-19   3.0417354e-19
       3.0972962       7.0622654   4.1346727e-19   3.0405359e-19
       3.0990333       7.0646171   4.1355641e-19   3.0393356e-19
       3.1007705       7.0669719   4.1364565e-19   3.0381347e-19
       3.1025076       7.0693298   4.1373500e-19   3.0369330e-19
       3.1042447       7.0716908   4.1382446e-19   3.0357307e-19
       3.1059818       7.0740549   4.1391403e-19   3.0345276e-19
       3.1077190       7.0764222   4.1400371e-19   3.0333238e-19
       3.1094561       7.0787925   4.1409349e-19   3.0321193e-19
       3.1111932       7.0811660   4.1418338e-19   3.0309141e-19
       3.1129303       7.0835427   4.1427338e-19   3.0297082e-19
       3.1146675       7.0859224   4.1436348e-19   3.0285016e-19
       3.1164046       7.0883054   4.1445370e-19   3.0272943e-19
       3.1181417       7.0906915   4.1454402e-19   3.0260863e-19
       3.1198788       7.0930807   4.1463446e-19   3.0248775e-19
       3.1216160       7.0954732   4.1472500e-19   3.0236680e-19
       3.1233531       7.0978688   4.1481565e-19   3.0224578e-19
       3.1250902       7.1002676   4.1490642e-19   3.0212469e-19
       3.1268273       7.1026697   4.1499729e-19   3.0200353e-19
       3.1285645       7.1050749   4.1508827e-19   3.0188230e-19
       3.1303016       7.1074833   4.1517937e-19   3.0176099e-19
       3.1320387       7.1098950   4.1527057e-19   3.0163961e-19
       3.1337759       7.1123099   4.1536189e-19   3.0151816e-19
       3.1355130       7.1147280   4.1545332e-19   3.0139664e-19
       3.1372501       7.1171494   4.1554486e-19   3.0127504e-19
       3.1389872       7.1195740   4.1563651e-19   3.0115337e-19
       3.1407244       7.1220019   4.1572827e-19   3.0103163e-19
       3.1424615       7.1244331   4.1582015e-19   3.0090981e-19
       3.1441986       7.1268675   4.1591213e-19   3.0078792e-19
       3.1459357       7.1293052   4.1600424e-19   3.0066596e-19
       3.1476729       7.1317462   4.1609645e-19   3.0054393e-19
       3.1494100       7.1341905   4.1618878e-19   3.0042182e-19
       3.1511471       7.1366381   4.1628122e-19   3.0029964e-19
       3.1528842       7.1390890   4.1637378e-19   3.0017738e-19
       3.1546214       7.1415433   4.1646645e-19   3.0005505e-19
       3.1563585       7.1440009   4.1655923e-19   2.9993265e-19
       3.1580956       7.1464618   4.1665213e-19   2.9981017e-19
       3.1598327       7.1489260   4.1674514e-19   2.9968762e-19
       3.1615699       7.1513937   4.1683827e-19   2.9956499e-19
       3.1633070       7.1538646   4.1693152e-19   2.9944229e-19
       3.1650441       7.1563390   4.1702488e-19   2.9931952e-19
       3.1667813       7.1588167   4.1711836e-19   2.9919667e-19
       3.1685184       7.1612978   4.1721195e-19   2.9907374e-19
       3.1702555       7.1637823   4.1730566e-19   2.9895074e-19
       3.1719926       7.1662703   4.1739949e-19   2.9882767e-19
       3.1737298       7.1687616   4.1749343e-19   2.9870451e-19
       3.1754669       7.1712563   4.1758749e-19   2.9858129e-19
       3.1772040       7.1737545   4.1768167e-19   2.9845799e-19
       3.1789411       7.1762561   4.1777597e-19   2.9833461e-19
       3.1806783       7.1787612   4.1787038e-19   2.9821116e-19
       3.1824154       7.1812697   4.1796492e-19   2.9808763e-19
       3.1841525       7.1837817   4.1805957e-19   2.9796403e-19
       3.1858896       7.1862971   4.1815434e-19   2.9784034e-19
       3.1876268       7.1888160   4.1824923e-19   2.9771659e-19
       3.1893639       7.1913384   4.1834424e-19   2.9759275e-19
       3.1911010       7.1938643   4.1843937e-19   2.9746885e-19
       3.1928381       7.1963937   4.1853462e-19   2.9734486e-19
       3.1945753       7.1989267   4.1862999e-19   2.9722080e-19
       3.1963124       7.2014631   4.1872548e-19   2.9709666e-19
       3.1980495       7.2040031   4.1882110e-19   2.9697244e-19
       3.1997867       7.2065466   4.1891683e-19   2.9684814e-19
       3.2015238       7.2090936   4.1901269e-19   2.9672377e-19
       3.2032609       7.2116442   4.1910866e-19   2.9659932e-19
       3.2049980       7.2141984   4.1920476e-19   2.9647480e-19
       3.2067352       7.2167562   4.1930098e-19   2.9635019e-19
       3.2084723       7.2193175   4.1939733e-19   2.9622551e-19
       3.2102094       7.2218824   4.1949380e-19   2.9610075e-19
       3.2119465       7.2244510   4.1959039e-19   2.9597591e-19
       3.2136837       7.2270231   4.1968710e-19   2.9585100e-19
       3.2154208       7.2295988   4.1978394e-19   2.9572600e-19
       3.2171579       7.2321782   4.1988090e-19   2.9560093e-19
       3.2188950       7.2347612   4.1997799e-19   2.9547578e-19
       3.2206322       7.2373479   4.2007520e-19   2.9535055e-19
       3.2223693       7.2399382   4.2017254e-19   2.9522524e-19
       3.2241064       7.2425322   4.2027000e-19   2.9509985e-19
       3.2258435       7.2451298   4.2036758e-19   2.9497438e-19
       3.2275807       7.2477312   4.2046530e-19   2.9484883e-19
       3.2293178       7.2503362   4.2056314e-19   2.9472321e-19
       3.2310549       7.2529449   4.2066110e-19   2.9459750e-19
       3.2327921       7.2555573   4.2075920e-19   2.9447171e-19
       3.2345292       7.2581735   4.2085742e-19   2.9434585e-19
       3.2362663       7.2607934   4.2095576e-19   2.9421990e-19
       3.2380034       7.2634170   4.2105424e-19   2.9409388e-19
       3.2397406       7.2660443   4.2115284e-19   2.9396777e-19
       3.2414777       7.2686754   4.2125157e-19   2.9384158e-19
       3.2432148       7.2713103   4.2135043e-19   2.9371531e-19
       3.2449519       7.2739490   4.2144942e-19   2.9358897e-19
       3.2466891       7.2765914   4.2154854e-19   2.9346254e-19
       3.2484262       7.2792377   4.2164779e-19   2.9333603e-19
       3.2501633       7.2818877   4.2174717e-19   2.9320944e-19
       3.2519004       7.2845416   4.2184668e-19   2.9308276e-19
       3.2536376       7.2871992   4.2194632e-19   2.9295601e-19
       3.2553747       7.2898608   4.2204609e-19   2.9282917e-19
       3.2571118       7.2925261   4.2214599e-19   2.9270226e-19
       3.2588489       7.2951953   4.2224602e-19   2.9257526e-19
       3.2605861       7.2978684   4.2234618e-19   2.9244818e-19
       3.2623232       7.3005453   4.2244648e-19   2.9232101e-19
       3.2640603       7.3032261   4.2254691e-19   2.9219377e-19
       3.2657975       7.3059109   4.2264747e-19   2.9206644e-19
       3.2675346       7.3085995   4.2274816e-19   2.9193903e-19
       3.2692717       7.3112920   4.2284899e-19   2.9181153e-19
       3.2710088       7.3139885   4.2294995e-19   2.9168396e-19
       3.2727460       7.3166888   4.2305105e-19   2.9155630e-19
       3.2744831       7.3193932   4.2315228e-19   2.9142856e-19
       3.2762202       7.3221014   4.2325365e-19   2.9130073e-19
       3.2779573       7.3248137   4.2335515e-19   2.9117282e-19
       3.2796945       7.3275299   4.2345678e-19   2.9104483e-19
       3.2814316       7.3302501   4.2355855e-19   2.9091675e-19
       3.2831687       7.3329743   4.2366046e-19   2.9078859e-19
       3.2849058       7.3357025   4.2376250e-19   2.9066034e-19
       3.2866430       7.3384347   4.2386468e-19   2.9053202e-19
       3.2883801       7.3411709   4.2396700e-19   2.9040360e-19
       3.2901172       7.3439112   4.2406946e-19   2.9027510e-19
       3.2918543       7.3466555   4.2417205e-19   2.9014652e-19
       3.2935915       7.3494039   4.2427478e-19   2.9001785e-19
       3.2953286       7.3521563   4.2437765e-19   2.8988910e-19
       3.2970657       7.3549128   4.2448066e-19   2.8976026e-19
       3.2988029       7.3576734   4.2458380e-19   2.8963134e-19
       3.3005400       7.3604381   4.2468709e-19   2.8950233e-19
       3.3022771       7.3632069   4.2479052e-19   2.8937324e-19
       3.3040142       7.3659799   4.2489408e-19   2.8924405e-19
       3.3057514       7.3687569   4.2499779e-19   2.8911479e-19
       3.3074885       7.3715381   4.2510164e-19   2.8898544e-19
       3.3092256       7.3743235   4.2520563e-19   2.8885600e-19
       3.3109627       7.3771130   4.2530976e-19   2.8872647e-19
       3.3126999       7.3799067   4.2541403e-19   2.8859686e-19
       3.3144370       7.3827046   4.2551844e-19   2.8846716e-19
       3.3161741       7.3855067   4.2562300e-19   2.8833738e-19
       3.3179112       7.3883129   4.2572770e-19   2.8820750e-19
       3.3196484       7.3911235   4.2583255e-19   2.8807754e-19
       3.3213855       7.3939382   4.2593753e-19   2.8794750e-19
       3.3231226       7.3967572   4.2604267e-19   2.8781736e-19
       3.3248597       7.3995804   4.2614794e-19   2.8768714e-19
       3.3265969       7.4024079   4.2625336e-19   2.8755683e-19
       3.3283340       7.4052397   4.2635893e-19   2.8742643e-19
       3.3300711       7.4080757   4.2646464e-19   2.8729595e-19
       3.3318083       7.4109161   4.2657050e-19   2.8716537e-19
       3.3335454       7.4137607   4.2667650e-19   2.8703471e-19
       3.3352825       7.4166097   4.2678265e-19   2.8690396e-19
       3.3370196       7.4194630   4.2688895e-19   2.8677311e-19
       3.3387568       7.4223207   4.2699540e-19   2.8664218e-19
       3.3404939       7.4251827   4.2710199e-19   2.8651117e-19
       3.3422310       7.4280491   4.2720873e-19   2.8638006e-19
       3.3439681       7.4309199   4.2731562e-19   2.8624886e-19
       3.3457053       7.4337951   4.2742266e-19   2.8611757e-19
       3.3474424       7.4366746   4.2752985e-19   2.8598619e-19
       3.3491795       7.4395586   4.2763718e-19   2.8585473e-19
       3.3509166       7.4424470   4.2774467e-19   2.8572317e-19
       3.3526538       7.4453399   4.2785231e-19   2.8559152e-19
       3.3543909       7.4482372   4.2796010e-19   2.8545978e-19
       3.3561280       7.4511389   4.2806804e-19   2.8532795e-19
       3.3578651       7.4540452   4.2817613e-19   2.8519603e-19
       3.3596023       7.4569559   4.2828438e-19   2.8506402e-19
       3.3613394       7.4598711   4.2839277e-19   2.8493192e-19
       3.3630765       7.4627909   4.2850132e-19   2.8479972e-19
       3.3648137       7.4657151   4.2861002e-19   2.8466744e-19
       3.3665508       7.4686439   4.2871888e-19   2.8453506e-19
       3.3682879       7.4715773   4.2882789e-19   2.8440259e-19
       3.3700250       7.4745152   4.2893706e-19   2.8427003e-19
       3.3717622       7.4774577   4.2904638e-19   2.8413737e-19
       3.3734993       7.4804048   4.2915585e-19   2.8400463e-19
       3.3752364       7.4833564   4.2926548e-19   2.8387179e-19
       3.3769735       7.4863127   4.2937527e-19   2.8373886e-19
       3.3787107       7.4892736   4.2948521e-19   2.8360583e-19
       3.3804478       7.4922392   4.2959531e-19   2.8347271e-19
       3.3821849       7.4952094   4.2970557e-19   2.8333950e-19
       3.3839220       7.4981843   4.2981598e-19   2.8320620e-19
       3.3856592       7.5011638   4.2992656e-19   2.8307280e-19
       3.3873963       7.5041480   4.3003729e-19   2.8293931e-19
       3.3891334       7.5071370   4.3014818e-19   2.8280572e-19
       3.3908705       7.5101306   4.3025923e-19   2.8267204e-19
       3.3926077       7.5131290   4.3037044e-19   2.8253826e-19
       3.3943448       7.5161321   4.3048181e-19   2.8240439e-19
       3.3960819       7.5191400   4.3059334e-19   2.8227043e-19
       3.3978191       7.5221527   4.3070503e-19   2.8213637e-19
       3.3995562       7.5251701   4.3081688e-19   2.8200221e-19
       3.4012933       7.5281923   4.3092890e-19   2.8186796e-19
       3.4030304       7.5312193   4.3104107e-19   2.8173362e-19
       3.4047676       7.5342512   4.3115342e-19   2.8159918e-19
       3.4065047       7.5372879   4.3126592e-19   2.8146464e-19
       3.4082418       7.5403294   4.3137859e-19   2.8133000e-19
       3.4099789       7.5433758   4.3149142e-19   2.8119527e-19
       3.4117161       7.5464271   4.3160441e-19   2.8106045e-19
       3.4134532       7.5494833   4.3171757e-19   2.8092552e-19
       3.4151903       7.5525444   4.3183090e-19   2.8079050e-19
       3.4169274       7.5556104   4.3194439e-19   2.8065539e-19
       3.4186646       7.5586813   4.3205805e-19   2.8052017e-19
       3.4204017       7.5617572   4.3217188e-19   2.8038486e-19
       3.4221388       7.5648380   4.3228587e-19   2.8024945e-19
       3.4238759       7.5679238   4.3240003e-19   2.8011394e-19
       3.4256131       7.5710146   4.3251436e-19   2.7997834e-19
       3.4273502       7.5741104   4.3262886e-19   2.7984263e-19
       3.4290873       7.5772113   4.3274352e-19   2.7970683e-19
       3.4308245       7.5803171   4.3285836e-19   2.7957093e-19
       3.4325616       7.5834280   4.3297336e-19   2.7943493e-19
       3.4342987       7.5865440   4.3308854e-19   2.7929883e-19
       3.4360358       7.5896650   4.3320389e-19   2.7916263e-19
       3.4377730       7.5927912   4.3331941e-19   2.7902634e-19
       3.4395101       7.5959224   4.3343510e-19   2.7888994e-19
       3.4412472       7.5990587   4.3355096e-19   2.7875344e-19
       3.4429843       7.6022002   4.3366699e-19   2.7861685e-19
       3.4447215       7.6053469   4.3378320e-19   2.7848015e-19
       3.4464586       7.6084987   4.3389959e-19   2.7834335e-19
       3.4481957       7.6116556   4.3401614e-19   2.7820645e-19
       3.4499328       7.6148178   4.3413287e-19   2.7806945e-19
       3.4516700       7.6179852   4.3424978e-19   2.7793235e-19
       3.4534071       7.6211578   4.3436686e-19   2.7779515e-19
       3.4551442       7.6243356   4.3448412e-19   2.7765785e-19
       3.4568813       7.6275187   4.3460156e-19   2.7752045e-19
       3.4586185       7.6307071   4.3471917e-19   2.7738294e-19
       3.4603556       7.6339008   4.3483696e-19   2.7724533e-19
       3.4620927       7.6370997   4.3495493e-19   2.7710762e-19
       3.4638299       7.6403040   4.3507307e-19   2.7696981e-19
       3.4655670       7.6435136   4.3519140e-19   2.7683189e-19
       3.4673041       7.6467285   4.3530991e-19   2.7669387e-19
       3.4690412       7.6499489   4.3542859e-19   2.7655575e-19
       3.4707784       7.6531746   4.3554746e-19   2.7641753e-19
       3.4725155       7.6564056   4.3566651e-19   2.7627920e-19
       3.4742526       7.6596421   4.3578574e-19   2.7614076e-19
       3.4759897       7.6628841   4.3590515e-19   2.7600223e-19
       3.4777269       7.6661314   4.3602474e-19   2.7586359e-19
       3.4794640       7.6693843   4.3614452e-19   2.7572484e-19
       3.4812011       7.6726426   4.3626448e-19   2.7558599e-19
       3.4829382       7.6759064   4.3638463e-19   2.7544704e-19
       3.4846754       7.6791757   4.3650496e-19   2.7530798e-19
       3.4864125       7.6824505   4.3662547e-19   2.7516881e-19
       3.4881496       7.6857309   4.3674617e-19   2.7502954e-19
       3.4898867       7.6890168   4.3686706e-19   2.7489017e-19
       3.4916239       7.6923083   4.3698814e-19   2.7475069e-19
       3.4933610       7.6956054   4.3710940e-19   2.7461110e-19
       3.4950981       7.6989081   4.3723085e-19   2.7447140e-19
       3.4968353       7.7022165   4.3735249e-19   2.7433160e-19
       3.4985724       7.7055304   4.3747431e-19   2.7419169e-19
       3.5003095       7.7088501   4.3759633e-19   2.7405168e-19
       3.5020466       7.7121754   4.3771854e-19   2.7391156e-19
       3.5037838       7.7155064   4.3784093e-19   2.7377133e-19
       3.5055209       7.7188431   4.3796352e-19   2.7363099e-19
       3.5072580       7.7221855   4.3808630e-19   2.7349054e-19
       3.5089951       7.7255337   4.3820928e-19   2.7334999e-19
       3.5107323       7.7288876   4.3833244e-19   2.7320933e-19
       3.5124694       7.7322473   4.3845580e-19   2.7306856e-19
       3.5142065       7.7356129   4.3857936e-19   2.7292768e-19
       3.5159436       7.7389842   4.3870310e-19   2.7278669e-19
       3.5176808       7.7423614   4.3882705e-19   2.7264559e-19
       3.5194179       7.7457444   4.3895119e-19   2.7250438e-19
       3.5211550       7.7491333   4.3907552e-19   2.7236307e-19
       3.5228921       7.7525280   4.3920005e-19   2.7222164e-19
       3.5246293       7.7559287   4.3932478e-19   2.7208010e-19
       3.5263664       7.7593353   4.3944971e-19   2.7193845e-19
       3.5281035       7.7627479   4.3957484e-19   2.7179669e-19
       3.5298407       7.7661664   4.3970016e-19   2.7165482e-19
       3.5315778       7.7695908   4.3982569e-19   2.7151284e-19
       3.5333149       7.7730213   4.3995141e-19   2.7137075e-19
       3.5350520       7.7764578   4.4007734e-19   2.7122854e-19
       3.5367892       7.7799003   4.4020346e-19   2.7108623e-19
       3.5385263       7.7833489   4.4032979e-19   2.7094380e-19
       3.5402634       7.7868035   4.4045633e-19   2.7080126e-19
       3.5420005       7.7902643   4.4058306e-19   2.7065861e-19
       3.5437377       7.7937311   4.4071000e-19   2.7051584e-19
       3.5454748       7.7972041   4.4083714e-19   2.7037296e-19
       3.5472119       7.8006832   4.4096449e-19   2.7022997e-19
       3.5489490       7.8041685   4.4109205e-19   2.7008686e-19
       3.5506862       7.8076599   4.4121981e-19   2.6994364e-19
       3.5524233       7.8111576   4.4134778e-19   2.6980030e-19
       3.5541604       7.8146615   4.4147595e-19   2.6965685e-19
       3.5558975       7.8181717   4.4160434e-19   2.6951329e-19
       3.5576347       7.8216881   4.4173293e-19   2.6936961e-19
       3.5593718       7.8252108   4.4186173e-19   2.6922582e-19
       3.5611089       7.8287398   4.4199074e-19   2.6908191e-19
       3.5628461       7.8322751   4.4211997e-19   2.6893788e-19
       3.5645832       7.8358167   4.4224940e-19   2.6879374e-19
       3.5663203       7.8393647   4.4237905e-19   2.6864948e-19
       3.5680574       7.8429192   4.4250891e-19   2.6850511e-19
       3.5697946       7.8464800   4.4263898e-19   2.6836062e-19
       3.5715317       7.8500472   4.4276926e-19   2.6821601e-19
       3.5732688       7.8536209   4.4289977e-19   2.6807129e-19
       3.5750059       7.8572010   4.4303048e-19   2.6792645e-19
       3.5767431       7.8607876   4.4316141e-19   2.6778149e-19
       3.5784802       7.8643808   4.4329256e-19   2.6763641e-19
       3.5802173       7.8679804   4.4342393e-19   2.6749121e-19
       3.5819544       7.8715866   4.4355551e-19   2.6734590e-19
       3.5836916       7.8751994   4.4368731e-19   2.6720046e-19
       3.5854287       7.8788188   4.4381933e-19   2.6705491e-19
       3.5871658       7.8824448   4.4395157e-19   2.6690924e-19
       3.5889029       7.8860774   4.4408403e-19   2.6676345e-19
       3.5906401       7.8897167   4.4421672e-19   2.6661754e-19
       3.5923772       7.8933626   4.4434962e-19   2.6647150e-19
       3.5941143       7.8970153   4.4448275e-19   2.6632535e-19
       3.5958515       7.9006746   4.4461610e-19   2.6617908e-19
       3.5975886       7.9043407   4.4474967e-19   2.6603269e-19
       3.5993257       7.9080136   4.4488347e-19   2.6588617e-19
       3.6010628       7.9116933   4.4501750e-19   2.6573953e-19
       3.6028000       7.9153797   4.4515175e-19   2.6559278e-19
       3.6045371       7.9190730   4.4528622e-19   2.6544590e-19
       3.6062742       7.9227732   4.4542093e-19   2.6529889e-19
       3.6080113       7.9264802   4.4555586e-19   2.6515177e-19
       3.6097485       7.9301941   4.4569102e-19   2.6500452e-19
       3.6114856       7.9339149   4.4582641e-19   2.6485715e-19
       3.6132227       7.9376427   4.4596204e-19   2.6470965e-19
       3.6149598       7.9413775   4.4609789e-19   2.6456203e-19
       3.6166970       7.9451192   4.4623397e-19   2.6441429e-19
       3.6184341       7.9488680   4.4637029e-19   2.6426642e-19
       3.6201712       7.9526237   4.4650684e-19   2.6411843e-19
       3.6219083       7.9563866   4.4664362e-19   2.6397032e-19
       3.6236455       7.9601565   4.4678064e-19   2.6382207e-19
       3.6253826       7.9639335   4.4691790e-19   2.6367371e-19
       3.6271197       7.9677177   4.4705539e-19   2.6352521e-19
       3.6288569       7.9715090   4.4719312e-19   2.6337659e-19
       3.6305940       7.9753075   4.4733108e-19   2.6322785e-19
       3.6323311       7.9791132   4.4746928e-19   2.6307898e-19
       3.6340682       7.9829261   4.4760773e-19   2.6292998e-19
       3.6358054       7.9867462   4.4774641e-19   2.6278085e-19
       3.6375425       7.9905737   4.4788533e-19   2.6263160e-19
       3.6392796       7.9944084   4.4802450e-19   2.6248221e-19
       3.6410167       7.9982505   4.4816391e-19   2.6233270e-19
       3.6427539       8.0020999   4.4830356e-19   2.6218307e-19
       3.6444910       8.0059566   4.4844345e-19   2.6203330e-19
       3.6462281       8.0098208   4.4858359e-19   2.6188340e-19
       3.6479652       8.0136924   4.4872398e-19   2.6173338e-19
       3.6497024       8.0175715   4.4886461e-19   2.6158322e-19
       3.6514395       8.0214580   4.4900548e-19   2.6143293e-19
       3.6531766       8.0253520   4.4914661e-19   2.6128252e-19
       3.6549137       8.0292535   4.4928799e-19   2.6113197e-19
       3.6566509       8.0331626   4.4942961e-19   2.6098129e-19
       3.6583880       8.0370793   4.4957148e-19   2.6083049e-19
       3.6601251       8.0410035   4.4971361e-19   2.6067955e-19
       3.6618622       8.0449354   4.4985599e-19   2.6052847e-19
       3.6635994       8.0488750   4.4999862e-19   2.6037727e-19
       3.6653365       8.0528222   4.5014150e-19   2.6022593e-19
       3.6670736       8.0567771   4.5028464e-19   2.6007446e-19
       3.6688108       8.0607398   4.5042803e-19   2.5992286e-19
       3.6705479       8.0647102   4.5057168e-19   2.5977112e-19
       3.6722850       8.0686885   4.5071559e-19   2.5961925e-19
       3.6740221       8.0726745   4.5085975e-19   2.5946725e-19
       3.6757593       8.0766683   4.5100417e-19   2.5931511e-19
       3.6774964       8.0806701   4.5114885e-19   2.5916284e-19
       3.6792335       8.0846797   4.5129380e-19   2.5901043e-19
       3.6809706       8.0886973   4.5143900e-19   2.5885789e-19
       3.6827078       8.0927228   4.5158447e-19   2.5870521e-19
       3.6844449       8.0967563   4.5173019e-19   2.5855239e-19
       3.6861820       8.1007977   4.5187619e-19   2.5839944e-19
       3.6879191       8.1048473   4.5202244e-19   2.5824635e-19
       3.6896563       8.1089049   4.5216897e-19   2.5809312e-19
       3.6913934       8.1129705   4.5231575e-19   2.5793976e-19
       3.6931305       8.1170443   4.5246281e-19   2.5778626e-19
       3.6948676       8.1211263   4.5261014e-19   2.5763262e-19
       3.6966048       8.1252164   4.5275773e-19   2.5747884e-19
       3.6983419       8.1293147   4.5290559e-19   2.5732493e-19
       3.7000790       8.1334213   4.5305373e-19   2.5717087e-19
       3.7018162       8.1375361   4.5320214e-19   2.5701668e-19
       3.7035533       8.1416593   4.5335082e-19   2.5686234e-19
       3.7052904       8.1457907   4.5349977e-19   2.5670787e-19
       3.7070275       8.1499305   4.5364900e-19   2.5655325e-19
       3.7087647       8.1540787   4.5379850e-19   2.5639849e-19
       3.7105018       8.1582353   4.5394828e-19   2.5624360e-19
       3.7122389       8.1624003   4.5409834e-19   2.5608856e-19
       3.7139760       8.1665739   4.5424868e-19   2.5593337e-19
       3.7157132       8.1707559   4.5439929e-19   2.5577805e-19
       3.7174503       8.1749464   4.5455019e-19   2.5562258e-19
       3.7191874       8.1791456   4.5470137e-19   2.5546698e-19
       3.7209245       8.1833533   4.5485283e-19   2.5531122e-19
       3.7226617       8.1875696   4.5500457e-19   2.5515533e-19
       3.7243988       8.1917946   4.5515660e-19   2.5499929e-19
       3.7261359       8.1960283   4.5530891e-19   2.5484310e-19
       3.7278730       8.2002707   4.5546151e-19   2.5468677e-19
       3.7296102       8.2045219   4.5561439e-19   2.5453030e-19
       3.7313473       8.2087819   4.5576757e-19   2.5437368e-19
       3.7330844       8.2130506   4.5592103e-19   2.5421691e-19
       3.7348216       8.2173283   4.5607479e-19   2.5406000e-19
       3.7365587       8.2216148   4.5622883e-19   2.5390294e-19
       3.7382958       8.2259102   4.5638317e-19   2.5374573e-19
       3.7400329       8.2302146   4.5653780e-19   2.5358838e-19
       3.7417701       8.2345279   4.5669273e-19   2.5343087e-19
       3.7435072       8.2388503   4.5684795e-19   2.5327322e-19
       3.7452443       8.2431817   4.5700346e-19   2.5311543e-19
       3.7469814       8.2475222   4.5715928e-19   2.5295748e-19
       3.7487186       8.2518718   4.5731539e-19   2.5279938e-19
       3.7504557       8.2562306   4.5747180e-19   2.5264113e-19
       3.7521928       8.2605985   4.5762852e-19   2.5248274e-19
       3.7539299       8.2649757   4.5778553e-19   2.5232419e-19
       3.7556671       8.2693621   4.5794285e-19   2.5216549e-19
       3.7574042       8.2737578   4.5810047e-19   2.5200664e-19
       3.7591413       8.2781628   4.5825840e-19   2.5184764e-19
       3.7608784       8.2825772   4.5841663e-19   2.5168849e-19
       3.7626156       8.2870010   4.5857517e-19   2.5152918e-19
       3.7643527       8.2914342   4.5873401e-19   2.5136972e-19
       3.7660898       8.2958768   4.5889317e-19   2.5121011e-19
       3.7678270       8.3003290   4.5905264e-19   2.5105034e-19
       3.7695641       8.3047907   4.5921242e-19   2.5089042e-19
       3.7713012       8.3092619   4.5937251e-19   2.5073035e-19
       3.7730383       8.3137428   4.5953291e-19   2.5057012e-19
       3.7747755       8.3182333   4.5969364e-19   2.5040973e-19
       3.7765126       8.3227335   4.5985467e-19   2.5024919e-19
       3.7782497       8.3272434   4.6001603e-19   2.5008850e-19
       3.7799868       8.3317630   4.6017770e-19   2.4992764e-19
       3.7817240       8.3362925   4.6033969e-19   2.4976663e-19
       3.7834611       8.3408317   4.6050200e-19   2.4960546e-19
       3.7851982       8.3453809   4.6066464e-19   2.4944414e-19
       3.7869353       8.3499399   4.6082759e-19   2.4928265e-19
       3.7886725       8.3545089   4.6099087e-19   2.4912101e-19
       3.7904096       8.3590879   4.6115448e-19   2.4895921e-19
       3.7921467       8.3636768   4.6131841e-19   2.4879725e-19
       3.7938838       8.3682759   4.6148268e-19   2.4863512e-19
       3.7956210       8.3728850   4.6164727e-19   2.4847284e-19
       3.7973581       8.3775043   4.6181219e-19   2.4831040e-19
       3.7990952       8.3821337   4.6197744e-19   2.4814779e-19
       3.8008324       8.3867734   4.6214302e-19   2.4798503e-19
       3.8025695       8.3914233   4.6230894e-19   2.4782210e-19
       3.8043066       8.3960835   4.6247520e-19   2.4765901e-19
       3.8060437       8.4007541   4.6264179e-19   2.4749575e-19
       3.8077809       8.4054350   4.6280872e-19   2.4733234e-19
       3.8095180       8.4101263   4.6297598e-19   2.4716876e-19
       3.8112551       8.4148281   4.6314359e-19   2.4700501e-19
       3.8129922       8.4195404   4.6331154e-19   2.4684110e-19
       3.8147294       8.4242633   4.6347983e-19   2.4667702e-19
       3.8164665       8.4289967   4.6364847e-19   2.4651278e-19
       3.8182036       8.4337407   4.6381745e-19   2.4634837e-19
       3.8199407       8.4384954   4.6398678e-19   2.4618380e-19
       3.8216779       8.4432608   4.6415646e-19   2.4601905e-19
       3.8234150       8.4480370   4.6432648e-19   2.4585414e-19
       3.8251521       8.4528240   4.6449686e-19   2.4568907e-19
       3.8268892       8.4576218   4.6466759e-19   2.4552382e-19
       3.8286264       8.4624304   4.6483867e-19   2.4535840e-19
       3.8303635       8.4672500   4.6501011e-19   2.4519282e-19
       3.8321006       8.4720806   4.6518190e-19   2.4502706e-19
       3.8338378       8.4769222   4.6535405e-19   2.4486114e-19
       3.8355749       8.4817748   4.6552656e-19   2.4469504e-19
       3.8373120       8.4866386   4.6569943e-19   2.4452877e-19
       3.8390491       8.4915135   4.6587266e-19   2.4436233e-19
       3.8407863       8.4963995   4.6604625e-19   2.4419572e-19
       3.8425234       8.5012969   4.6622021e-19   2.4402893e-19
       3.8442605       8.5062055   4.6639453e-19   2.4386197e-19
       3.8459976       8.5111254   4.6656922e-19   2.4369484e-19
       3.8477348       8.5160567   4.6674428e-19   2.4352753e-19
       3.8494719       8.5209994   4.6691971e-19   2.4336005e-19
       3.8512090       8.5259536   4.6709552e-19   2.4319239e-19
       3.8529461       8.5309193   4.6727169e-19   2.4302456e-19
       3.8546833       8.5358966   4.6744824e-19   2.4285655e-19
       3.8564204       8.5408855   4.6762516e-19   2.4268836e-19
       3.8581575       8.5458861   4.6780247e-19   2.4252000e-19
       3.8598946       8.5508983   4.6798015e-19   2.4235145e-19
       3.8616318       8.5559223   4.6815821e-19   2.4218273e-19
       3.8633689       8.5609581   4.6833665e-19   2.4201383e-19
       3.8651060       8.5660058   4.6851548e-19   2.4184475e-19
       3.8668432       8.5710654   4.6869469e-19   2.4167549e-19
       3.8685803       8.5761369   4.6887429e-19   2.4150605e-19
       3.8703174       8.5812204   4.6905428e-19   2.4133643e-19
       3.8720545       8.5863160   4.6923465e-19   2.4116663e-19
       3.8737917       8.5914237   4.6941542e-19   2.4099664e-19
       3.8755288       8.5965435   4.6959658e-19   2.4082648e-19
       3.8772659       8.6016755   4.6977814e-19   2.4065613e-19
       3.8790030       8.6068198   4.6996009e-19   2.4048559e-19
       3.8807402       8.6119764   4.7014243e-19   2.4031487e-19
       3.8824773       8.6171454   4.7032518e-19   2.4014397e-19
       3.8842144       8.6223268   4.7050833e-19   2.3997288e-19
       3.8859515       8.6275206   4.7069188e-19   2.3980160e-19
       3.8876887       8.6327270   4.7087583e-19   2.3963014e-19
       3.8894258       8.6379459   4.7106019e-19   2.3945849e-19
       3.8911629       8.6431775   4.7124496e-19   2.3928666e-19
       3.8929000       8.6484218   4.7143013e-19   2.3911463e-19
       3.8946372       8.6536787   4.7161572e-19   2.3894242e-19
       3.8963743       8.6589485   4.7180171e-19   2.3877001e-19
       3.8981114       8.6642311   4.7198813e-19   2.3859742e-19
       3.8998486       8.6695266   4.7217495e-19   2.3842464e-19
       3.9015857       8.6748351   4.7236220e-19   2.3825166e-19
       3.9033228       8.6801566   4.7254986e-19   2.3807850e-19
       3.9050599       8.6854911   4.7273795e-19   2.3790514e-19
       3.9067971       8.6908388   4.7292645e-19   2.3773159e-19
       3.9085342       8.6961997   4.7311539e-19   2.3755784e-19
       3.9102713       8.7015738   4.7330474e-19   2.3738390e-19
       3.9120084       8.7069612   4.7349453e-19   2.3720977e-19
       3.9137456       8.7123619   4.7368475e-19   2.3703544e-19
       3.9154827       8.7177761   4.7387539e-19   2.3686092e-19
       3.9172198       8.7232038   4.7406647e-19   2.3668620e-19
       3.9189569       8.7286449   4.7425799e-19   2.3651128e-19
       3.9206941       8.7340997   4.7444994e-19   2.3633617e-19
       3.9224312       8.7395681   4.7464233e-19   2.3616085e-19
       3.9241683       8.7450503   4.7483516e-19   2.3598534e-19
       3.9259054       8.7505462   4.7502843e-19   2.3580963e-19
       3.9276426       8.7560559   4.7522215e-19   2.3563372e-19
       3.9293797       8.7615796   4.7541632e-19   2.3545761e-19
       3.9311168       8.7671172   4.7561093e-19   2.3528129e-19
       3.9328540       8.7726688   4.7580599e-19   2.3510478e-19
       3.9345911       8.7782345   4.7600151e-19   2.3492806e-19
       3.9363282       8.7838144   4.7619747e-19   2.3475114e-19
       3.9380653       8.7894084   4.7639390e-19   2.3457401e-19
       3.9398025       8.7950168   4.7659078e-19   2.3439668e-19
       3.9415396       8.8006395   4.7678812e-19   2.3421915e-19
       3.9432767       8.8062766   4.7698593e-19   2.3404141e-19
       3.9450138       8.8119281   4.7718419e-19   2.3386346e-19
       3.9467510       8.8175942   4.7738293e-19   2.3368531e-19
       3.9484881       8.8232750   4.7758213e-19   2.3350694e-19
       3.9502252       8.8289703   4.7778180e-19   2.3332837e-19
       3.9519623       8.8346804   4.7798194e-19   2.3314959e-19
       3.9536995       8.8404054   4.7818256e-19   2.3297061e-19
       3.9554366       8.8461451   4.7838365e-19   2.3279141e-19
       3.9571737       8.8518999   4.7858522e-19   2.3261199e-19
       3.9589108       8.8576696   4.7878727e-19   2.3243237e-19
       3.9606480       8.8634544   4.7898981e-19   2.3225254e-19
       3.9623851       8.8692544   4.7919282e-19   2.3207249e-19
       3.9641222       8.8750696   4.7939633e-19   2.3189223e-19
       3.9658594       8.8809000   4.7960032e-19   2.3171175e-19
       3.9675965       8.8867459   4.7980480e-19   2.3153106e-19
       3.9693336       8.8926072   4.8000978e-19   2.3135015e-19
       3.9710707       8.8984839   4.8021525e-19   2.3116902e-19
       3.9728079       8.9043763   4.8042122e-19   2.3098768e-19
       3.9745450       8.9102843   4.8062769e-19   2.3080612e-19
       3.9762821       8.9162080   4.8083467e-19   2.3062434e-19
       3.9780192       8.9221475   4.8104214e-19   2.3044234e-19
       3.9797564       8.9281029   4.8125012e-19   2.3026012e-19
       3.9814935       8.9340743   4.8145862e-19   2.3007768e-19
       3.9832306       8.9400616   4.8166762e-19   2.2989502e-19
       3.9849677       8.9460651   4.8187713e-19   2.2971214e-19
       3.9867049       8.9520847   4.8208717e-19   2.2952903e-19
       3.9884420       8.9581206   4.8229771e-19   2.2934570e-19
       3.9901791       8.9641729   4.8250879e-19   2.2916214e-19
       3.9919162       8.9702415   4.8272038e-19   2.2897836e-19
       3.9936534       8.9763266   4.8293250e-19   2.2879435e-19
       3.9953905       8.9824283   4.8314514e-19   2.2861012e-19
       3.9971276       8.9885467   4.8335832e-19   2.2842566e-19
       3.9988648       8.9946817   4.8357203e-19   2.2824096e-19
       4.0006019       9.0008336   4.8378627e-19   2.2805604e-19
       4.0023390       9.0070024   4.8400105e-19   2.2787089e-19
       4.0040761       9.0131881   4.8421637e-19   2.2768551e-19
       4.0058133       9.0193909   4.8443224e-19   2.2749990e-19
       4.0075504       9.0256109   4.8464864e-19   2.2731405e-19
       4.0092875       9.0318480   4.8486560e-19   2.2712797e-19
       4.0110246       9.0381025   4.8508311e-19   2.2694166e-19
       4.0127618       9.0443744   4.8530117e-19   2.2675511e-19
       4.0144989       9.0506637   4.8551978e-19   2.2656833e-19
       4.0162360       9.0569706   4.8573895e-19   2.2638131e-19
       4.0179731       9.0632952   4.8595868e-19   2.2619405e-19
       4.0197103       9.0696375   4.8617898e-19   2.2600655e-19
       4.0214474       9.0759976   4.8639984e-19   2.2581882e-19
       4.0231845       9.0823757   4.8662127e-19   2.2563085e-19
       4.0249216       9.0887717   4.8684327e-19   2.2544263e-19
       4.0266588       9.0951858   4.8706585e-19   2.2525417e-19
       4.0283959       9.1016182   4.8728900e-19   2.2506547e-19
       4.0301330       9.1080688   4.8751273e-19   2.2487653e-19
       4.0318702       9.1145378   4.8773705e-19   2.2468735e-19
       4.0336073       9.1210252   4.8796195e-19   2.2449791e-19
       4.0353444       9.1275312   4.8818743e-19   2.2430824e-19
       4.0370815       9.1340558   4.8841351e-19   2.2411831e-19
       4.0388187       9.1405992   4.8864018e-19   2.2392814e-19
       4.0405558       9.1471615   4.8886745e-19   2.2373772e-19
       4.0422929       9.1537426   4.8909532e-19   2.2354705e-19
       4.0440300       9.1603428   4.8932379e-19   2.2335613e-19
       4.0457672       9.1669622   4.8955286e-19   2.2316496e-19
       4.0475043       9.1736007   4.8978254e-19   2.2297354e-19
       4.0492414       9.1802586   4.9001284e-19   2.2278187e-19
       4.0509785       9.1869359   4.9024375e-19   2.2258994e-19
       4.0527157       9.1936328   4.9047527e-19   2.2239775e-19
       4.0544528       9.2003492   4.9070742e-19   2.2220531e-19
       4.0561899       9.2070854   4.9094019e-19   2.2201262e-19
       4.0579270       9.2138415   4.9117358e-19   2.2181966e-19
       4.0596642       9.2206174   4.9140761e-19   2.2162645e-19
       4.0614013       9.2274135   4.9164227e-19   2.2143298e-19
       4.0631384       9.2342296   4.9187756e-19   2.2123925e-19
       4.0648756       9.2410660   4.9211349e-19   2.2104525e-19
       4.0666127       9.2479228   4.9235007e-19   2.2085100e-19
       4.0683498       9.2548001   4.9258729e-19   2.2065648e-19
       4.0700869       9.2616979   4.9282516e-19   2.2046170e-19
       4.0718241       9.2686164   4.9306368e-19   2.2026665e-19
       4.0735612       9.2755557   4.9330286e-19   2.2007133e-19
       4.0752983       9.2825159   4.9354270e-19   2.1987575e-19
       4.0770354       9.2894971   4.9378319e-19   2.1967990e-19
       4.0787726       9.2964995   4.9402436e-19   2.1948378e-19
       4.0805097       9.3035230   4.9426619e-19   2.1928739e-19
       4.0822468       9.3105680   4.9450869e-19   2.1909073e-19
       4.0839839       9.3176344   4.9475188e-19   2.1889380e-19
       4.0857211       9.3247224   4.9499574e-19   2.1869659e-19
       4.0874582       9.3318321   4.9524028e-19   2.1849911e-19
       4.0891953       9.3389637   4.9548551e-19   2.1830135e-19
       4.0909324       9.3461171   4.9573143e-19   2.1810332e-19
       4.0926696       9.3532927   4.9597804e-19   2.1790501e-19
       4.0944067       9.3604904   4.9622535e-19   2.1770642e-19
       4.0961438       9.3677104   4.9647336e-19   2.1750755e-19
       4.0978810       9.3749529   4.9672207e-19   2.1730840e-19
       4.0996181       9.3822179   4.9697149e-19   2.1710897e-19
       4.1013552       9.3895056   4.9722163e-19   2.1690925e-19
       4.1030923       9.3968160   4.9747248e-19   2.1670925e-19
       4.1048295       9.4041494   4.9772405e-19   2.1650897e-19
       4.1065666       9.4115059   4.9797634e-19   2.1630840e-19
       4.1083037       9.4188855   4.9822936e-19   2.1610754e-19
       4.1100408       9.4262885   4.9848311e-19   2.1590640e-19
       4.1117780       9.4337148   4.9873760e-19   2.1570496e-19
       4.1135151       9.4411648   4.9899282e-19   2.1550324e-19
       4.1152522       9.4486385   4.9924879e-19   2.1530122e-19
       4.1169893       9.4561360   4.9950550e-19   2.1509891e-19
       4.1187265       9.4636575   4.9976296e-19   2.1489630e-19
       4.1204636       9.4712030   5.0002118e-19   2.1469340e-19
       4.1222007       9.4787729   5.0028016e-19   2.1449020e-19
       4.1239378       9.4863671   5.0053990e-19   2.1428671e-19
       4.1256750       9.4939859   5.0080041e-19   2.1408291e-19
       4.1274121       9.5016293   5.0106169e-19   2.1387882e-19
       4.1291492       9.5092975   5.0132375e-19   2.1367442e-19
       4.1308864       9.5169907   5.0158658e-19   2.1346972e-19
       4.1326235       9.5247090   5.0185020e-19   2.1326472e-19
       4.1343606       9.5324525   5.0211461e-19   2.1305941e-19
       4.1360977       9.5402214   5.0237981e-19   2.1285380e-19
       4.1378349       9.5480158   5.0264581e-19   2.1264788e-19
       4.1395720       9.5558359   5.0291261e-19   2.1244165e-19
       4.1413091       9.5636818   5.0318021e-19   2.1223511e-19
       4.1430462       9.5715538   5.0344863e-19   2.1202826e-19
       4.1447834       9.5794518   5.0371786e-19   2.1182109e-19
       4.1465205       9.5873762   5.0398791e-19   2.1161361e-19
       4.1482576       9.5953270   5.0425879e-19   2.1140582e-19
       4.1499947       9.6033044   5.0453050e-19   2.1119771e-19
       4.1517319       9.6113085   5.0480303e-19   2.1098928e-19
       4.1534690       9.6193396   5.0507641e-19   2.1078054e-19
       4.1552061       9.6273978   5.0535063e-19   2.1057147e-19
       4.1569432       9.6354832   5.0562570e-19   2.1036208e-19
       4.1586804       9.6435960   5.0590163e-19   2.1015237e-19
       4.1604175       9.6517364   5.0617841e-19   2.0994233e-19
       4.1621546       9.6599045   5.0645605e-19   2.0973197e-19
       4.1638918       9.6681005   5.0673456e-19   2.0952128e-19
       4.1656289       9.6763246   5.0701394e-19   2.0931026e-19
       4.1673660       9.6845769   5.0729421e-19   2.0909891e-19
       4.1691031       9.6928577   5.0757535e-19   2.0888723e-19
       4.1708403       9.7011670   5.0785738e-19   2.0867521e-19
       4.1725774       9.7095051   5.0814031e-19   2.0846286e-19
       4.1743145       9.7178721   5.0842413e-19   2.0825018e-19
       4.1760516       9.7262683   5.0870886e-19   2.0803716e-19
       4.1777888       9.7346937   5.0899450e-19   2.0782380e-19
       4.1795259       9.7431487   5.0928105e-19   2.0761010e-19
       4.1812630       9.7516333   5.0956853e-19   2.0739606e-19
       4.1830001       9.7601477   5.0985692e-19   2.0718167e-19
       4.1847373       9.7686922   5.1014625e-19   2.0696694e-19
       4.1864744       9.7772669   5.1043652e-19   2.0675186e-19
       4.1882115       9.7858721   5.1072773e-19   2.0653644e-19
       4.1899486       9.7945078   5.1101988e-19   2.0632066e-19
       4.1916858       9.8031743   5.1131299e-19   2.0610454e-19
       4.1934229       9.8118718   5.1160706e-19   2.0588806e-19
       4.1951600       9.8206005   5.1190209e-19   2.0567123e-19
       4.1968972       9.8293606   5.1219810e-19   2.0545405e-19
       4.1986343       9.8381523   5.1249508e-19   2.0523650e-19
       4.2003714       9.8469757   5.1279304e-19   2.0501860e-19
       4.2021085       9.8558312   5.1309200e-19   2.0480034e-19
       4.2038457       9.8647188   5.1339195e-19   2.0458171e-19
       4.2055828       9.8736389   5.1369290e-19   2.0436272e-19
       4.2073199       9.8825916   5.1399485e-19   2.0414337e-19
       4.2090570       9.8915771   5.1429782e-19   2.0392365e-19
       4.2107942       9.9005956   5.1460181e-19   2.0370356e-19
       4.2125313       9.9096474   5.1490683e-19   2.0348310e-19
       4.2142684       9.9187327   5.1521288e-19   2.0326227e-19
       4.2160055       9.9278516   5.1551997e-19   2.0304106e-19
       4.2177427       9.9370045   5.1582810e-19   2.0281948e-19
       4.2194798       9.9461916   5.1613729e-19   2.0259752e-19
       4.2212169       9.9554130   5.1644753e-19   2.0237518e-19
       4.2229540       9.9646689   5.1675884e-19   2.0215246e-19
       4.2246912       9.9739598   5.1707123e-19   2.0192936e-19
       4.2264283       9.9832856   5.1738469e-19   2.0170588e-19
       4.2281654       9.9926468   5.1769924e-19   2.0148201e-19
       4.2299026       10.002043   5.1801488e-19   2.0125775e-19
       4.2316397       10.011476   5.1833162e-19   2.0103310e-19
       4.2333768       10.020944   5.1864947e-19   2.0080806e-19
       4.2351139       10.030449   5.1896843e-19   2.0058262e-19
       4.2368511       10.039990   5.1928852e-19   2.0035679e-19
       4.2385882       10.049568   5.1960973e-19   2.0013056e-19
       4.2403253       10.059183   5.1993208e-19   1.9990394e-19
       4.2420624       10.068836   5.2025558e-19   1.9967691e-19
       4.2437996       10.078525   5.2058022e-19   1.9944948e-19
       4.2455367       10.088253   5.2090602e-19   1.9922164e-19
       4.2472738       10.098018   5.2123300e-19   1.9899340e-19
       4.2490109       10.107822   5.2156114e-19   1.9876475e-19
       4.2507481       10.117665   5.2189047e-19   1.9853569e-19
       4.2524852       10.127546   5.2222098e-19   1.9830621e-19
       4.2542223       10.137466   5.2255270e-19   1.9807632e-19
       4.2559594       10.147426   5.2288562e-19   1.9784601e-19
       4.2576966       10.157425   5.2321976e-19   1.9761528e-19
       4.2594337       10.167465   5.2355511e-19   1.9738413e-19
       4.2611708       10.177544   5.2389170e-19   1.9715256e-19
       4.2629080       10.187664   5.2422953e-19   1.9692057e-19
       4.2646451       10.197825   5.2456860e-19   1.9668814e-19
       4.2663822       10.208027   5.2490893e-19   1.9645529e-19
       4.2681193       10.218270   5.2525053e-19   1.9622200e-19
       4.2698565       10.228555   5.2559340e-19   1.9598828e-19
       4.2715936       10.238882   5.2593755e-19   1.9575412e-19
       4.2733307       10.249251   5.2628299e-19   1.9551952e-19
       4.2750678       10.259663   5.2662973e-19   1.9528449e-19
       4.2768050       10.270118   5.2697778e-19   1.9504901e-19
       4.2785421       10.280616   5.2732715e-19   1.9481308e-19
       4.2802792       10.291157   5.2767785e-19   1.9457671e-19
       4.2820163       10.301743   5.2802988e-19   1.9433989e-19
       4.2837535       10.312372   5.2838326e-19   1.9410261e-19
       4.2854906       10.323046   5.2873799e-19   1.9386488e-19
       4.2872277       10.333765   5.2909409e-19   1.9362670e-19
       4.2889648       10.344529   5.2945157e-19   1.9338805e-19
       4.2907020       10.355339   5.2981043e-19   1.9314894e-19
       4.2924391       10.366194   5.3017068e-19   1.9290937e-19
       4.2941762       10.377096   5.3053234e-19   1.9266933e-19
       4.2959134       10.388044   5.3089542e-19   1.9242882e-19
       4.2976505       10.399039   5.3125992e-19   1.9218784e-19
       4.2993876       10.410081   5.3162586e-19   1.9194639e-19
       4.3011247       10.421171   5.3199324e-19   1.9170445e-19
       4.3028619       10.432309   5.3236208e-19   1.9146204e-19
       4.3045990       10.443495   5.3273238e-19   1.9121915e-19
       4.3063361       10.454730   5.3310417e-19   1.9097577e-19
       4.3080732       10.466014   5.3347744e-19   1.9073191e-19
       4.3098104       10.477348   5.3385222e-19   1.9048755e-19
       4.3115475       10.488731   5.3422850e-19   1.9024271e-19
       4.3132846       10.500165   5.3460631e-19   1.8999736e-19
       4.3150217       10.511649   5.3498566e-19   1.8975152e-19
       4.3167589       10.523185   5.3536655e-19   1.8950518e-19
       4.3184960       10.534772   5.3574899e-19   1.8925834e-19
       4.3202331       10.546410   5.3613301e-19   1.8901099e-19
       4.3219702       10.558101   5.3651861e-19   1.8876313e-19
       4.3237074       10.569845   5.3690580e-19   1.8851475e-19
       4.3254445       10.581642   5.3729459e-19   1.8826587e-19
       4.3271816       10.593492   5.3768501e-19   1.8801646e-19
       4.3289188       10.605397   5.3807705e-19   1.8776653e-19
       4.3306559       10.617355   5.3847074e-19   1.8751608e-19
       4.3323930       10.629369   5.3886608e-19   1.8726511e-19
       4.3341301       10.641438   5.3926309e-19   1.8701360e-19
       4.3358673       10.653562   5.3966178e-19   1.8676156e-19
       4.3376044       10.665743   5.4006217e-19   1.8650898e-19
       4.3393415       10.677981   5.4046427e-19   1.8625587e-19
       4.3410786       10.690275   5.4086808e-19   1.8600221e-19
       4.3428158       10.702628   5.4127364e-19   1.8574801e-19
       4.3445529       10.715038   5.4168094e-19   1.8549326e-19
       4.3462900       10.727507   5.4209001e-19   1.8523795e-19
       4.3480271       10.740035   5.4250085e-19   1.8498210e-19
       4.3497643       10.752623   5.4291348e-19   1.8472568e-19
       4.3515014       10.765270   5.4332792e-19   1.8446870e-19
       4.3532385       10.777979   5.4374419e-19   1.8421116e-19
       4.3549756       10.790748   5.4416228e-19   1.8395305e-19
       4.3567128       10.803579   5.4458223e-19   1.8369436e-19
       4.3584499       10.816472   5.4500404e-19   1.8343511e-19
       4.3601870       10.829428   5.4542774e-19   1.8317527e-19
       4.3619242       10.842447   5.4585333e-19   1.8291485e-19
       4.3636613       10.855530   5.4628084e-19   1.8265384e-19
       4.3653984       10.868677   5.4671027e-19   1.8239225e-19
       4.3671355       10.881889   5.4714165e-19   1.8213006e-19
       4.3688727       10.895167   5.4757498e-19   1.8186727e-19
       4.3706098       10.908510   5.4801030e-19   1.8160389e-19
       4.3723469       10.921920   5.4844761e-19   1.8133990e-19
       4.3740840       10.935398   5.4888693e-19   1.8107530e-19
       4.3758212       10.948943   5.4932828e-19   1.8081009e-19
       4.3775583       10.962557   5.4977168e-19   1.8054427e-19
       4.3792954       10.976239   5.5021714e-19   1.8027782e-19
       4.3810325       10.989992   5.5066467e-19   1.8001075e-19
       4.3827697       11.003814   5.5111431e-19   1.7974306e-19
       4.3845068       11.017708   5.5156607e-19   1.7947473e-19
       4.3862439       11.031673   5.5201996e-19   1.7920577e-19
       4.3879810       11.045710   5.5247601e-19   1.7893616e-19
       4.3897182       11.059821   5.5293423e-19   1.7866592e-19
       4.3914553       11.074004   5.5339464e-19   1.7839502e-19
       4.3931924       11.088263   5.5385727e-19   1.7812348e-19
       4.3949296       11.102596   5.5432212e-19   1.7785127e-19
       4.3966667       11.117004   5.5478923e-19   1.7757841e-19
       4.3984038       11.131489   5.5525862e-19   1.7730488e-19
       4.4001409       11.146052   5.5573029e-19   1.7703068e-19
       4.4018781       11.160691   5.5620428e-19   1.7675581e-19
       4.4036152       11.175410   5.5668060e-19   1.7648026e-19
       4.4053523       11.190208   5.5715928e-19   1.7620402e-19
       4.4070894       11.205086   5.5764033e-19   1.7592710e-19
       4.4088266       11.220044   5.5812379e-19   1.7564948e-19
       4.4105637       11.235085   5.5860966e-19   1.7537117e-19
       4.4123008       11.250207   5.5909798e-19   1.7509216e-19
       4.4140379       11.265413   5.5958877e-19   1.7481244e-19
       4.4157751       11.280703   5.6008205e-19   1.7453200e-19
       4.4175122       11.296078   5.6057784e-19   1.7425086e-19
       4.4192493       11.311538   5.6107617e-19   1.7396898e-19
       4.4209864       11.327085   5.6157706e-19   1.7368639e-19
       4.4227236       11.342720   5.6208053e-19   1.7340306e-19
       4.4244607       11.358442   5.6258662e-19   1.7311899e-19
       4.4261978       11.374254   5.6309534e-19   1.7283418e-19
       4.4279350       11.390156   5.6360672e-19   1.7254863e-19
       4.4296721       11.406149   5.6412079e-19   1.7226232e-19
       4.4314092       11.422233   5.6463758e-19   1.7197525e-19
       4.4331463       11.438411   5.6515710e-19   1.7168742e-19
       4.4348835       11.454682   5.6567939e-19   1.7139882e-19
       4.4366206       11.471048   5.6620447e-19   1.7110945e-19
       4.4383577       11.487510   5.6673238e-19   1.7081929e-19
       4.4400948       11.504069   5.6726313e-19   1.7052835e-19
       4.4418320       11.520725   5.6779677e-19   1.7023662e-19
       4.4435691       11.537480   5.6833331e-19   1.6994409e-19
       4.4453062       11.554335   5.6887279e-19   1.6965076e-19
       4.4470433       11.571291   5.6941523e-19   1.6935661e-19
       4.4487805       11.588349   5.6996067e-19   1.6906165e-19
       4.4505176       11.605509   5.7050914e-19   1.6876587e-19
       4.4522547       11.622774   5.7106067e-19   1.6846926e-19
       4.4539918       11.640144   5.7161529e-19   1.6817182e-19
       4.4557290       11.657621   5.7217303e-19   1.6787353e-19
       4.4574661       11.675205   5.7273393e-19   1.6757440e-19
       4.4592032       11.692898   5.7329802e-19   1.6727441e-19
       4.4609403       11.710701   5.7386532e-19   1.6697356e-19
       4.4626775       11.728615   5.7443589e-19   1.6667185e-19
       4.4644146       11.746642   5.7500974e-19   1.6636926e-19
       4.4661517       11.764782   5.7558693e-19   1.6606579e-19
       4.4678889       11.783037   5.7616747e-19   1.6576143e-19
       4.4696260       11.801409   5.7675141e-19   1.6545618e-19
       4.4713631       11.819898   5.7733879e-19   1.6515003e-19
       4.4731002       11.838506   5.7792964e-19   1.6484296e-19
       4.4748374       11.857234   5.7852400e-19   1.6453498e-19
       4.4765745       11.876084   5.7912192e-19   1.6422607e-19
       4.4783116       11.895056   5.7972342e-19   1.6391624e-19
       4.4800487       11.914154   5.8032855e-19   1.6360546e-19
       4.4817859       11.933377   5.8093735e-19   1.6329373e-19
       4.4835230       11.952728   5.8154986e-19   1.6298105e-19
       4.4852601       11.972208   5.8216613e-19   1.6266741e-19
       4.4869972       11.991818   5.8278619e-19   1.6235280e-19
       4.4887344       12.011560   5.8341009e-19   1.6203721e-19
       4.4904715       12.031436   5.8403787e-19   1.6172062e-19
       4.4922086       12.051447   5.8466959e-19   1.6140305e-19
       4.4939457       12.071594   5.8530527e-19   1.6108447e-19
       4.4956829       12.091881   5.8594498e-19   1.6076487e-19
       4.4974200       12.112307   5.8658875e-19   1.6044426e-19
       4.4991571       12.132876   5.8723665e-19   1.6012261e-19
       4.5008943       12.153588   5.8788870e-19   1.5979992e-19
       4.5026314       12.174446   5.8854497e-19   1.5947619e-19
       4.5043685       12.195451   5.8920551e-19   1.5915139e-19
       4.5061056       12.216605   5.8987036e-19   1.5882553e-19
       4.5078428       12.237910   5.9053958e-19   1.5849859e-19
       4.5095799       12.259369   5.9121323e-19   1.5817057e-19
       4.5113170       12.280982   5.9189135e-19   1.5784144e-19
       4.5130541       12.302752   5.9257400e-19   1.5751121e-19
       4.5147913       12.324681   5.9326124e-19   1.5717987e-19
       4.5165284       12.346771   5.9395312e-19   1.5684740e-19
       4.5182655       12.369025   5.9464971e-19   1.5651379e-19
       4.5200026       12.391443   5.9535107e-19   1.5617903e-19
       4.5217398       12.414030   5.9605725e-19   1.5584311e-19
       4.5234769       12.436785   5.9676831e-19   1.5550602e-19
       4.5252140       12.459713   5.9748432e-19   1.5516776e-19
       4.5269511       12.482815   5.9820534e-19   1.5482830e-19
       4.5286883       12.506094   5.9893144e-19   1.5448763e-19
       4.5304254       12.529552   5.9966269e-19   1.5414576e-19
       4.5321625       12.553192   6.0039914e-19   1.5380265e-19
       4.5338997       12.577015   6.0114088e-19   1.5345831e-19
       4.5356368       12.601026   6.0188797e-19   1.5311271e-19
       4.5373739       12.625225   6.0264048e-19   1.5276586e-19
       4.5391110       12.649616   6.0339849e-19   1.5241772e-19
       4.5408482       12.674202   6.0416207e-19   1.5206830e-19
       4.5425853       12.698985   6.0493130e-19   1.5171758e-19
       4.5443224       12.723969   6.0570625e-19   1.5136554e-19
       4.5460595       12.749155   6.0648700e-19   1.5101217e-19
       4.5477967       12.774548   6.0727364e-19   1.5065747e-19
       4.5495338       12.800150   6.0806624e-19   1.5030140e-19
       4.5512709       12.825963   6.0886490e-19   1.4994397e-19
       4.5530080       12.851992   6.0966969e-19   1.4958515e-19
       4.5547452       12.878240   6.1048071e-19   1.4922494e-19
       4.5564823       12.904709   6.1129804e-19   1.4886331e-19
       4.5582194       12.931403   6.1212178e-19   1.4850025e-19
       4.5599565       12.958326   6.1295202e-19   1.4813575e-19
       4.5616937       12.985481   6.1378885e-19   1.4776980e-19
       4.5634308       13.012871   6.1463238e-19   1.4740236e-19
       4.5651679       13.040500   6.1548269e-19   1.4703344e-19
       4.5669051       13.068373   6.1633990e-19   1.4666300e-19
       4.5686422       13.096492   6.1720411e-19   1.4629105e-19
       4.5703793       13.124861   6.1807541e-19   1.4591755e-19
       4.5721164       13.153486   6.1895394e-19   1.4554249e-19
       4.5738536       13.182369   6.1983978e-19   1.4516586e-19
       4.5755907       13.211515   6.2073306e-19   1.4478763e-19
       4.5773278       13.240928   6.2163389e-19   1.4440779e-19
       4.5790649       13.270613   6.2254240e-19   1.4402632e-19
       4.5808021       13.300574   6.2345870e-19   1.4364320e-19
       4.5825392       13.330815   6.2438291e-19   1.4325841e-19
       4.5842763       13.361342   6.2531517e-19   1.4287193e-19
       4.5860134       13.392158   6.2625561e-19   1.4248374e-19
       4.5877506       13.423270   6.2720435e-19   1.4209382e-19
       4.5894877       13.454682   6.2816154e-19   1.4170215e-19
       4.5912248       13.486399   6.2912732e-19   1.4130870e-19
       4.5929619       13.518427   6.3010182e-19   1.4091347e-19
       4.5946991       13.550771   6.3108520e-19   1.4051641e-19
       4.5964362       13.583436   6.3207760e-19   1.4011752e-19
       4.5981733       13.616429   6.3307918e-19   1.3971677e-19
       4.5999105       13.649755   6.3409010e-19   1.3931413e-19
       4.6016476       13.683420   6.3511053e-19   1.3890958e-19
       4.6033847       13.717430   6.3614061e-19   1.3850309e-19
       4.6051218       13.751792   6.3718054e-19   1.3809465e-19
       4.6068590       13.786512   6.3823047e-19   1.3768422e-19
       4.6085961       13.821597   6.3929060e-19   1.3727178e-19
       4.6103332       13.857054   6.4036110e-19   1.3685731e-19
       4.6120703       13.892890   6.4144217e-19   1.3644077e-19
       4.6138075       13.929111   6.4253400e-19   1.3602213e-19
       4.6155446       13.965727   6.4363678e-19   1.3560138e-19
       4.6172817       14.002743   6.4475073e-19   1.3517847e-19
       4.6190188       14.040168   6.4587605e-19   1.3475339e-19
       4.6207560       14.078010   6.4701296e-19   1.3432609e-19
       4.6224931       14.116278   6.4816168e-19   1.3389655e-19
       4.6242302       14.154979   6.4932244e-19   1.3346474e-19
       4.6259673       14.194124   6.5049548e-19   1.3303062e-19
       4.6277045       14.233720   6.5168104e-19   1.3259416e-19
       4.6294416       14.273777   6.5287936e-19   1.3215532e-19
       4.6311787       14.314305   6.5409070e-19   1.3171408e-19
       4.6329159       14.355314   6.5531534e-19   1.3127040e-19
       4.6346530       14.396813   6.5655353e-19   1.3082423e-19
       4.6363901       14.438814   6.5780555e-19   1.3037554e-19
       4.6381272       14.481328   6.5907171e-19   1.2992429e-19
       4.6398644       14.524364   6.6035228e-19   1.2947045e-19
       4.6416015       14.567936   6.6164759e-19   1.2901397e-19
       4.6433386       14.612055   6.6295794e-19   1.2855481e-19
       4.6450757       14.656733   6.6428367e-19   1.2809293e-19
       4.6468129       14.701982   6.6562510e-19   1.2762828e-19
       4.6485500       14.747817   6.6698258e-19   1.2716083e-19
       4.6502871       14.794251   6.6835648e-19   1.2669051e-19
       4.6520242       14.841297   6.6974716e-19   1.2621730e-19
       4.6537614       14.888970   6.7115500e-19   1.2574113e-19
       4.6554985       14.937285   6.7258041e-19   1.2526196e-19
       4.6572356       14.986258   6.7402378e-19   1.2477973e-19
       4.6589727       15.035905   6.7548555e-19   1.2429440e-19
       4.6607099       15.086242   6.7696615e-19   1.2380591e-19
       4.6624470       15.137286   6.7846602e-19   1.2331421e-19
       4.6641841       15.189056   6.7998565e-19   1.2281923e-19
       4.6659213       15.241570   6.8152551e-19   1.2232092e-19
       4.6676584       15.294846   6.8308611e-19   1.2181921e-19
       4.6693955       15.348906   6.8466797e-19   1.2131406e-19
       4.6711326       15.403769   6.8627162e-19   1.2080538e-19
       4.6728698       15.459457   6.8789764e-19   1.2029311e-19
       4.6746069       15.515993   6.8954660e-19   1.1977719e-19
       4.6763440       15.573399   6.9121911e-19   1.1925755e-19
       4.6780811       15.631700   6.9291579e-19   1.1873411e-19
       4.6798183       15.690920   6.9463731e-19   1.1820679e-19
       4.6815554       15.751086   6.9638432e-19   1.1767552e-19
       4.6832925       15.812224   6.9815755e-19   1.1714023e-19
       4.6832925       15.192152   1.4101042e-18   2.5459833e-19
       4.6850296       15.256240   1.4632914e-18   2.6217027e-19
       4.6867668       15.325724   1.5179799e-18   2.6971219e-19
       4.6885039       15.401047   1.5741488e-18   2.7718949e-19
       4.6902410       15.482682   1.6317682e-18   2.8456411e-19
       4.6919781       15.571143   1.6907978e-18   2.9179455e-19
       4.6937153       15.666975   1.7511869e-18   2.9883589e-19
       4.6954524       15.770767   1.8128725e-18   3.0563996e-19
       4.6971895       15.883146   1.8757791e-18   3.1215559e-19
       4.6989267       16.004780   1.9398178e-18   3.1832898e-19
       4.7006638       16.136383   2.0048856e-18   3.2410418e-19
       4.7024009       16.278709   2.0708648e-18   3.2942371e-19
       4.7041380       16.432560   2.1376228e-18   3.3422934e-19
       4.7058752       16.598776   2.2050119e-18   3.3846302e-19
       4.7076123       16.778242   2.2728695e-18   3.4206793e-19
       4.7093494       16.971883   2.3410183e-18   3.4498972e-19
       4.7110865       17.180655   2.4092673e-18   3.4717778e-19
       4.7128237       17.405546   2.4774128e-18   3.4858664e-19
       4.7145608       17.647566   2.5452395e-18   3.4917748e-19
       4.7162979       17.907737   2.6125227e-18   3.4891945e-19
       4.7180350       18.187080   2.6790297e-18   3.4779110e-19
       4.7197722       18.486602   2.7445223e-18   3.4578157e-19
       4.7215093       18.807275   2.8087588e-18   3.4289153e-19
       4.7232464       19.150016   2.8714958e-18   3.3913388e-19
       4.7249835       19.515660   2.9324901e-18   3.3453406e-19
       4.7267207       19.904931   2.9914993e-18   3.2912993e-19
       4.7284578       20.318411   3.0482824e-18   3.2297114e-19
       4.7301949       20.756500   3.1025984e-18   3.1611812e-19
       4.7319321       21.219380   3.1542038e-18   3.0864048e-19
       4.7336692       21.706973   3.2028484e-18   3.0061508e-19
       4.7354063       22.218905   3.2482693e-18   2.9212376e-19
       4.7371434       22.754462   3.2901836e-18   2.8325080e-19
       4.7388806       23.312561   3.3282792e-18   2.7408030e-19
       4.7406177       23.891722   3.3622053e-18   2.6469372e-19
       4.7423548       24.490048   3.3915630e-18   2.5516745e-19
       4.7440919       25.105227   3.4158981e-18   2.4557097e-19
       4.7458291       25.734535   3.4346966e-18   2.3596531e-19
       4.7475662       26.374872   3.4473871e-18   2.2640227e-19
       4.7493033       27.022802   3.4533497e-18   2.1692416e-19
       4.7510404       27.674619   3.4519348e-18   2.0756428e-19
       4.7527776       28.326428   3.4424925e-18   1.9834795e-19
       4.7545147       28.974237   3.4244112e-18   1.8929405e-19
       4.7562518       29.614057   3.3971650e-18   1.8041676e-19
       4.7579889       30.242010   3.3603635e-18   1.7172748e-19
       4.7597261       30.854428   3.3138008e-18   1.6323654e-19
       4.7614632       31.447948   3.2574947e-18   1.5495450e-19
       4.7632003       32.019590   3.1917118e-18   1.4689302e-19
       4.7649375       32.566817   3.1169724e-18   1.3906504e-19
       4.7666746       33.087577   3.0340353e-18   1.3148451e-19
       4.7684117       33.580322   2.9438619e-18   1.2416569e-19
       4.7701488       34.044006   2.8475663e-18   1.1712215e-19
       4.7718860       34.478067   2.7463565e-18   1.1036583e-19
       4.7736231       34.882387   2.6414742e-18   1.0390619e-19
       4.7753602       35.257252   2.5341404e-18   9.7749579e-20
       4.7770973       35.603291   2.4255088e-18   9.1898971e-20
       4.7788345       35.921425   2.3166325e-18   8.6353912e-20
       4.7805716       36.212803   2.2084420e-18   8.1110758e-20
       4.7823087       36.478748   2.1017346e-18   7.6163063e-20
       4.7840458       36.720706   1.9971732e-18   7.1502064e-20
       4.7857830       36.940197   1.8952916e-18   6.7117206e-20
       4.7875201       37.138777   1.7965044e-18   6.2996645e-20
       4.7892572       37.318002   1.7011203e-18   5.9127710e-20
       4.7909943       37.479404   1.6093555e-18   5.5497295e-20
       4.7927315       37.624467   1.5213477e-18   5.2092184e-20
       4.7944686       37.754610   1.4371691e-18   4.8899297e-20
       4.7962057       37.871181   1.3568386e-18   4.5905884e-20
       4.7979429       37.975444   1.2803321e-18   4.3099654e-20
       4.7996800       38.068577   1.2075917e-18   4.0468863e-20
       4.8014171       38.151671   1.1385335e-18   3.8002370e-20
       4.8031542       38.225732   1.0730542e-18   3.5689658e-20
       4.8048914       38.291680   1.0110359e-18   3.3520838e-20
       4.8066285       38.350356   9.5235125e-19   3.1486640e-20
       4.8083656       38.402522   8.9686636e-19   2.9578394e-20
       4.8101027       38.448871   8.4444393e-19   2.7788000e-20
       4.8118399       38.490027   7.9494534e-19   2.6107899e-20
       4.8135770       38.526554   7.4823249e-19   2.4531042e-20
       4.8153141       38.558956   7.0416909e-19   2.3050855e-20
       4.8170512       38.587688   6.6262171e-19   2.1661208e-20
       4.8187884       38.613156   6.2346053e-19   2.0356384e-20
       4.8205255       38.635724   5.8655990e-19   1.9131050e-20
       4.8222626       38.655717   5.5179873e-19   1.7980230e-20
       4.8239997       38.673423   5.1906072e-19   1.6899276e-20
       4.8257369       38.689101   4.8823450e-19   1.5883847e-20
       4.8274740       38.702980   4.5921372e-19   1.4929886e-20
       4.8292111       38.715265   4.3189699e-19   1.4033601e-20
       4.8309483       38.726137   4.0618785e-19   1.3191444e-20
       4.8326854       38.735757   3.8199468e-19   1.2400093e-20
       4.8344225       38.744268   3.5923055e-19   1.1656441e-20
       4.8361596       38.751798   3.3781311e-19   1.0957576e-20
       4.8378968       38.758458   3.1766436e-19   1.0300769e-20
       4.8396339       38.764349   2.9871056e-19   9.6834637e-21
       4.8413710       38.769559   2.8088201e-19   9.1032624e-21
       4.8431081       38.774167   2.6411286e-19   8.5579169e-21
       4.8448453       38.778242   2.4834096e-19   8.0453178e-21
       4.8465824       38.781845   2.3350767e-19   7.5634861e-21
       4.8483195       38.785031   2.1955767e-19   7.1105645e-21
       4.8500566       38.787848   2.0643883e-19   6.6848095e-21
       4.8517938       38.790339   1.9410201e-19   6.2845841e-21
       4.8535309       38.792541   1.8250090e-19   5.9083514e-21
       4.8552680       38.794488   1.7159189e-19   5.5546679e-21
       4.8570051       38.796209   1.6133390e-19   5.2221778e-21
       4.8587423       38.797731   1.5168827e-19   4.9096076e-21
       4.8604794       38.799076   1.4261858e-19   4.6157608e-21
       4.8622165       38.800265   1.3409058e-19   4.3395135e-21
       4.8639537       38.801317   1.2607201e-19   4.0798095e-21
       4.8656908       38.802246   1.1853253e-19   3.8356563e-21
       4.8674279       38.803068   1.1144358e-19   3.6061213e-21
       4.8691650       38.803794   1.0477830e-19   3.3903282e-21
       4.8709022       38.804436   9.8511428e-20   3.1874532e-21
       4.8726393       38.805004   9.2619178e-20   2.9967221e-21
       4.8743764       38.805505   8.7079194e-20   2.8174075e-21
       4.8761135       38.805949   8.1870444e-20   2.6488252e-21
       4.8778507       38.806341   7.6973147e-20   2.4903326e-21
       4.8795878       38.806687   7.2368699e-20   2.3413254e-21
       4.8813249       38.806994   6.8039605e-20   2.2012355e-21
       4.8830620       38.807264   6.3969411e-20   2.0695290e-21
       4.8847992       38.807504   6.0142645e-20   1.9457041e-21
       4.8865363       38.807715   5.6544758e-20   1.8292888e-21
       4.8882734       38.807902   5.3162068e-20   1.7198396e-21
       4.8900105       38.808068   4.9981710e-20   1.6169396e-21
       4.8917477       38.808214   4.6991587e-20   1.5201968e-21
       4.8934848       38.808343   4.4180324e-20   1.4292426e-21
       4.8952219       38.808457   4.1537226e-20   1.3437306e-21
       4.8969591       38.808558   3.9052238e-20   1.2633351e-21
       4.8986962       38.808647   3.6715903e-20   1.1877499e-21
       4.9004333       38.808726   3.4519331e-20   1.1166872e-21
       4.9021704       38.808796   3.2454162e-20   1.0498764e-21
       4.9039076       38.808857   3.0512539e-20   9.8706290e-22
       4.9056447       38.808912   2.8687070e-20   9.2800766e-22
       4.9073818       38.808960   2.6970808e-20   8.7248575e-22
       4.9091189       38.809003   2.5357221e-20   8.2028575e-22
       4.9108561       38.809040   2.3840167e-20   7.7120890e-22
       4.9125932       38.809073   2.2413871e-20   7.2506832e-22
       4.9143303       38.809103   2.1072905e-20   6.8168833e-22
       4.9160674       38.809129   1.9812163e-20   6.4090375e-22
       4.9178046       38.809152   1.8626847e-20   6.0255930e-22
       4.9195417       38.809172   1.7512444e-20   5.6650898e-22
       4.9212788       38.809190   1.6464713e-20   5.3261552e-22
       4.9230159       38.809206   1.5479663e-20   5.0074988e-22
       4.9247531       38.809220   1.4553547e-20   4.7079073e-22
