    0.0021869126       5.0044833   4.8342982e-19   5.5420865e-19
     0.024056038       5.0164628   4.8417895e-19   5.5263975e-19
     0.045925164       5.0285554   4.8493451e-19   5.5106434e-19
     0.067794290       5.0407628   4.8569659e-19   5.4948232e-19
     0.089663415       5.0530870   4.8646530e-19   5.4789363e-19
      0.11153254       5.0655301   4.8724074e-19   5.4629818e-19
      0.13340167       5.0780940   4.8802303e-19   5.4469590e-19
      0.15527079       5.0907808   4.8881227e-19   5.4308671e-19
      0.17713992       5.1035927   4.8960858e-19   5.4147052e-19
      0.19900904       5.1165318   4.9041208e-19   5.3984725e-19
      0.22087817       5.1296004   4.9122288e-19   5.3821680e-19
      0.24274730       5.1428007   4.9204111e-19   5.3657911e-19
      0.26461642       5.1561352   4.9286691e-19   5.3493406e-19
      0.28648555       5.1696063   4.9370038e-19   5.3328158e-19
      0.30835467       5.1832164   4.9454168e-19   5.3162156e-19
      0.33022380       5.1969680   4.9539093e-19   5.2995392e-19
      0.35209292       5.2108639   4.9624828e-19   5.2827856e-19
      0.37396205       5.2249066   4.9711386e-19   5.2659537e-19
      0.39583117       5.2390990   4.9798783e-19   5.2490425e-19
      0.41770030       5.2534438   4.9887033e-19   5.2320511e-19
      0.43956943       5.2679441   4.9976152e-19   5.2149783e-19
      0.46143855       5.2826027   5.0066156e-19   5.1978230e-19
      0.48330768       5.2974227   5.0157061e-19   5.1805843e-19
      0.50517680       5.3124073   5.0248884e-19   5.1632608e-19
      0.52704593       5.3275597   5.0341642e-19   5.1458515e-19
      0.54891505       5.3428834   5.0435353e-19   5.1283552e-19
      0.57078418       5.3583816   5.0530035e-19   5.1107707e-19
      0.59265331       5.3740581   5.0625706e-19   5.0930967e-19
      0.61452243       5.3899163   5.0722386e-19   5.0753320e-19
      0.63639156       5.4059600   5.0820095e-19   5.0574752e-19
      0.64076538       5.4091914   5.0839762e-19   5.0538927e-19
      0.64295230       5.4108099   5.0849611e-19   5.0521000e-19
      0.64513921       5.4124303   5.0859471e-19   5.0503064e-19
      0.64732612       5.4140527   5.0869342e-19   5.0485119e-19
      0.64951303       5.4156769   5.0879223e-19   5.0467164e-19
      0.65169995       5.4173031   5.0889114e-19   5.0449200e-19
      0.65388686       5.4189312   5.0899017e-19   5.0431227e-19
      0.65607377       5.4205612   5.0908929e-19   5.0413244e-19
      0.65826068       5.4221932   5.0918853e-19   5.0395251e-19
      0.66044760       5.4238271   5.0928787e-19   5.0377249e-19
      0.66263451       5.4254629   5.0938732e-19   5.0359238e-19
      0.66482142       5.4271006   5.0948688e-19   5.0341217e-19
      0.66700833       5.4287403   5.0958654e-19   5.0323186e-19
      0.66919525       5.4303820   5.0968632e-19   5.0305146e-19
      0.67138216       5.4320256   5.0978620e-19   5.0287097e-19
      0.67356907       5.4336712   5.0988619e-19   5.0269038e-19
      0.67575598       5.4353187   5.0998628e-19   5.0250969e-19
      0.67794290       5.4369682   5.1008649e-19   5.0232891e-19
      0.68012981       5.4386197   5.1018681e-19   5.0214803e-19
      0.68231672       5.4402731   5.1028723e-19   5.0196706e-19
      0.68450363       5.4419286   5.1038776e-19   5.0178599e-19
      0.68669055       5.4435860   5.1048841e-19   5.0160482e-19
      0.68887746       5.4452454   5.1058916e-19   5.0142356e-19
      0.69106437       5.4469067   5.1069002e-19   5.0124220e-19
      0.69325128       5.4485701   5.1079100e-19   5.0106074e-19
      0.69543820       5.4502355   5.1089208e-19   5.0087919e-19
      0.69762511       5.4519029   5.1099327e-19   5.0069753e-19
      0.69981202       5.4535723   5.1109458e-19   5.0051579e-19
      0.70199893       5.4552437   5.1119599e-19   5.0033394e-19
      0.70418585       5.4569171   5.1129752e-19   5.0015200e-19
      0.70637276       5.4585926   5.1139916e-19   4.9996996e-19
      0.70855967       5.4602700   5.1150091e-19   4.9978782e-19
      0.71074658       5.4619495   5.1160278e-19   4.9960558e-19
      0.71293350       5.4636311   5.1170475e-19   4.9942325e-19
      0.71512041       5.4653146   5.1180684e-19   4.9924082e-19
      0.71730732       5.4670002   5.1190904e-19   4.9905828e-19
      0.71949423       5.4686879   5.1201135e-19   4.9887565e-19
      0.72168115       5.4703776   5.1211378e-19   4.9869293e-19
      0.72386806       5.4720694   5.1221632e-19   4.9851010e-19
      0.72605497       5.4737632   5.1231897e-19   4.9832717e-19
      0.72824189       5.4754591   5.1242174e-19   4.9814415e-19
      0.73042880       5.4771571   5.1252462e-19   4.9796102e-19
      0.73261571       5.4788571   5.1262762e-19   4.9777780e-19
      0.73480262       5.4805592   5.1273073e-19   4.9759448e-19
      0.73698954       5.4822634   5.1283395e-19   4.9741105e-19
      0.73917645       5.4839697   5.1293729e-19   4.9722753e-19
      0.74136336       5.4856781   5.1304075e-19   4.9704391e-19
      0.74355027       5.4873885   5.1314432e-19   4.9686018e-19
      0.74573719       5.4891011   5.1324801e-19   4.9667636e-19
      0.74792410       5.4908158   5.1335181e-19   4.9649244e-19
      0.75011101       5.4925326   5.1345573e-19   4.9630841e-19
      0.75229792       5.4942515   5.1355976e-19   4.9612429e-19
      0.75448484       5.4959725   5.1366392e-19   4.9594006e-19
      0.75667175       5.4976956   5.1376819e-19   4.9575573e-19
      0.75885866       5.4994209   5.1387257e-19   4.9557130e-19
      0.76104557       5.5011483   5.1397708e-19   4.9538677e-19
      0.76323249       5.5028779   5.1408170e-19   4.9520214e-19
      0.76541940       5.5046096   5.1418644e-19   4.9501741e-19
      0.76760631       5.5063434   5.1429129e-19   4.9483257e-19
      0.76979322       5.5080794   5.1439627e-19   4.9464764e-19
      0.77198014       5.5098175   5.1450136e-19   4.9446260e-19
      0.77416705       5.5115578   5.1460658e-19   4.9427746e-19
      0.77635396       5.5133003   5.1471191e-19   4.9409221e-19
      0.77854087       5.5150449   5.1481736e-19   4.9390686e-19
      0.78072779       5.5167917   5.1492293e-19   4.9372141e-19
      0.78291470       5.5185407   5.1502862e-19   4.9353586e-19
      0.78510161       5.5202919   5.1513444e-19   4.9335021e-19
      0.78728852       5.5220453   5.1524037e-19   4.9316445e-19
      0.78947544       5.5238008   5.1534642e-19   4.9297859e-19
      0.79166235       5.5255586   5.1545259e-19   4.9279262e-19
      0.79384926       5.5273185   5.1555889e-19   4.9260655e-19
      0.79603617       5.5290807   5.1566531e-19   4.9242038e-19
      0.79822309       5.5308451   5.1577184e-19   4.9223410e-19
      0.80041000       5.5326117   5.1587850e-19   4.9204772e-19
      0.80259691       5.5343805   5.1598529e-19   4.9186123e-19
      0.80478383       5.5361516   5.1609219e-19   4.9167464e-19
      0.80697074       5.5379249   5.1619922e-19   4.9148795e-19
      0.80915765       5.5397004   5.1630637e-19   4.9130115e-19
      0.81134456       5.5414782   5.1641364e-19   4.9111424e-19
      0.81353148       5.5432582   5.1652104e-19   4.9092723e-19
      0.81571839       5.5450405   5.1662856e-19   4.9074012e-19
      0.81790530       5.5468250   5.1673620e-19   4.9055289e-19
      0.82009221       5.5486118   5.1684397e-19   4.9036557e-19
      0.82227913       5.5504009   5.1695186e-19   4.9017814e-19
      0.82446604       5.5521922   5.1705988e-19   4.8999060e-19
      0.82665295       5.5539859   5.1716802e-19   4.8980295e-19
      0.82883986       5.5557818   5.1727629e-19   4.8961520e-19
      0.83102678       5.5575799   5.1738469e-19   4.8942734e-19
      0.83321369       5.5593804   5.1749321e-19   4.8923938e-19
      0.83540060       5.5611832   5.1760185e-19   4.8905131e-19
      0.83758751       5.5629883   5.1771063e-19   4.8886313e-19
      0.83977443       5.5647957   5.1781953e-19   4.8867484e-19
      0.84196134       5.5666054   5.1792855e-19   4.8848645e-19
      0.84414825       5.5684175   5.1803770e-19   4.8829795e-19
      0.84633516       5.5702318   5.1814699e-19   4.8810934e-19
      0.84852208       5.5720485   5.1825639e-19   4.8792063e-19
      0.85070899       5.5738676   5.1836593e-19   4.8773180e-19
      0.85289590       5.5756889   5.1847560e-19   4.8754287e-19
      0.85508281       5.5775126   5.1858539e-19   4.8735383e-19
      0.85726973       5.5793387   5.1869531e-19   4.8716468e-19
      0.85945664       5.5811671   5.1880536e-19   4.8697543e-19
      0.86164355       5.5829979   5.1891554e-19   4.8678606e-19
      0.86383046       5.5848311   5.1902585e-19   4.8659659e-19
      0.86601738       5.5866666   5.1913630e-19   4.8640700e-19
      0.86820429       5.5885045   5.1924687e-19   4.8621731e-19
      0.87039120       5.5903448   5.1935757e-19   4.8602750e-19
      0.87257811       5.5921875   5.1946840e-19   4.8583759e-19
      0.87476503       5.5940326   5.1957936e-19   4.8564757e-19
      0.87695194       5.5958801   5.1969046e-19   4.8545743e-19
      0.87913885       5.5977300   5.1980169e-19   4.8526719e-19
      0.88132577       5.5995823   5.1991304e-19   4.8507684e-19
      0.88351268       5.6014370   5.2002454e-19   4.8488637e-19
      0.88569959       5.6032941   5.2013616e-19   4.8469580e-19
      0.88788650       5.6051537   5.2024792e-19   4.8450511e-19
      0.89007342       5.6070157   5.2035981e-19   4.8431431e-19
      0.89226033       5.6088801   5.2047183e-19   4.8412340e-19
      0.89444724       5.6107470   5.2058398e-19   4.8393238e-19
      0.89663415       5.6126164   5.2069628e-19   4.8374125e-19
      0.89882107       5.6144881   5.2080870e-19   4.8355001e-19
      0.90100798       5.6163624   5.2092126e-19   4.8335865e-19
      0.90319489       5.6182391   5.2103396e-19   4.8316719e-19
      0.90538180       5.6201183   5.2114678e-19   4.8297560e-19
      0.90756872       5.6220000   5.2125975e-19   4.8278391e-19
      0.90975563       5.6238842   5.2137285e-19   4.8259211e-19
      0.91194254       5.6257708   5.2148609e-19   4.8240019e-19
      0.91412945       5.6276600   5.2159946e-19   4.8220816e-19
      0.91631637       5.6295516   5.2171297e-19   4.8201601e-19
      0.91850328       5.6314458   5.2182662e-19   4.8182375e-19
      0.92069019       5.6333425   5.2194041e-19   4.8163138e-19
      0.92287710       5.6352417   5.2205433e-19   4.8143889e-19
      0.92506402       5.6371434   5.2216839e-19   4.8124629e-19
      0.92725093       5.6390477   5.2228259e-19   4.8105358e-19
      0.92943784       5.6409545   5.2239692e-19   4.8086075e-19
      0.93162475       5.6428638   5.2251140e-19   4.8066781e-19
      0.93381167       5.6447757   5.2262602e-19   4.8047475e-19
      0.93599858       5.6466902   5.2274077e-19   4.8028157e-19
      0.93818549       5.6486072   5.2285567e-19   4.8008828e-19
      0.94037240       5.6505268   5.2297070e-19   4.7989488e-19
      0.94255932       5.6524489   5.2308587e-19   4.7970136e-19
      0.94474623       5.6543736   5.2320119e-19   4.7950773e-19
      0.94693314       5.6563010   5.2331665e-19   4.7931397e-19
      0.94912005       5.6582309   5.2343225e-19   4.7912011e-19
      0.95130697       5.6601634   5.2354799e-19   4.7892612e-19
      0.95349388       5.6620985   5.2366387e-19   4.7873202e-19
      0.95568079       5.6640362   5.2377989e-19   4.7853781e-19
      0.95786770       5.6659766   5.2389606e-19   4.7834347e-19
      0.96005462       5.6679196   5.2401237e-19   4.7814902e-19
      0.96224153       5.6698652   5.2412882e-19   4.7795445e-19
      0.96442844       5.6718134   5.2424542e-19   4.7775977e-19
      0.96661536       5.6737643   5.2436216e-19   4.7756496e-19
      0.96880227       5.6757178   5.2447905e-19   4.7737004e-19
      0.97098918       5.6776740   5.2459608e-19   4.7717500e-19
      0.97317609       5.6796328   5.2471325e-19   4.7697985e-19
      0.97536301       5.6815944   5.2483057e-19   4.7678457e-19
      0.97754992       5.6835585   5.2494804e-19   4.7658917e-19
      0.97973683       5.6855254   5.2506565e-19   4.7639366e-19
      0.98192374       5.6874950   5.2518341e-19   4.7619803e-19
      0.98411066       5.6894672   5.2530131e-19   4.7600228e-19
      0.98629757       5.6914422   5.2541937e-19   4.7580640e-19
      0.98848448       5.6934198   5.2553756e-19   4.7561041e-19
      0.99067139       5.6954002   5.2565591e-19   4.7541430e-19
      0.99285831       5.6973833   5.2577441e-19   4.7521807e-19
      0.99504522       5.6993691   5.2589305e-19   4.7502172e-19
      0.99723213       5.7013577   5.2601184e-19   4.7482525e-19
      0.99941904       5.7033490   5.2613078e-19   4.7462866e-19
       1.0016060       5.7053430   5.2624987e-19   4.7443194e-19
       1.0037929       5.7073398   5.2636911e-19   4.7423511e-19
       1.0059798       5.7093393   5.2648850e-19   4.7403815e-19
       1.0081667       5.7113417   5.2660804e-19   4.7384107e-19
       1.0103536       5.7133467   5.2672773e-19   4.7364388e-19
       1.0125405       5.7153546   5.2684757e-19   4.7344655e-19
       1.0147274       5.7173653   5.2696757e-19   4.7324911e-19
       1.0169143       5.7193787   5.2708771e-19   4.7305155e-19
       1.0191013       5.7213950   5.2720801e-19   4.7285386e-19
       1.0212882       5.7234140   5.2732846e-19   4.7265605e-19
       1.0234751       5.7254359   5.2744906e-19   4.7245811e-19
       1.0256620       5.7274606   5.2756982e-19   4.7226006e-19
       1.0278489       5.7294881   5.2769073e-19   4.7206188e-19
       1.0300358       5.7315185   5.2781179e-19   4.7186357e-19
       1.0322227       5.7335517   5.2793301e-19   4.7166514e-19
       1.0344096       5.7355877   5.2805438e-19   4.7146659e-19
       1.0365966       5.7376267   5.2817591e-19   4.7126792e-19
       1.0387835       5.7396684   5.2829759e-19   4.7106912e-19
       1.0409704       5.7417131   5.2841943e-19   4.7087019e-19
       1.0431573       5.7437606   5.2854143e-19   4.7067114e-19
       1.0453442       5.7458110   5.2866358e-19   4.7047197e-19
       1.0475311       5.7478643   5.2878588e-19   4.7027267e-19
       1.0497180       5.7499205   5.2890835e-19   4.7007324e-19
       1.0519049       5.7519796   5.2903097e-19   4.6987369e-19
       1.0540919       5.7540416   5.2915375e-19   4.6967401e-19
       1.0562788       5.7561065   5.2927669e-19   4.6947421e-19
       1.0584657       5.7581744   5.2939979e-19   4.6927428e-19
       1.0606526       5.7602452   5.2952305e-19   4.6907422e-19
       1.0628395       5.7623189   5.2964647e-19   4.6887404e-19
       1.0650264       5.7643956   5.2977004e-19   4.6867373e-19
       1.0672133       5.7664753   5.2989378e-19   4.6847329e-19
       1.0694002       5.7685579   5.3001768e-19   4.6827272e-19
       1.0715872       5.7706435   5.3014173e-19   4.6807203e-19
       1.0737741       5.7727321   5.3026595e-19   4.6787121e-19
       1.0759610       5.7748236   5.3039034e-19   4.6767026e-19
       1.0781479       5.7769182   5.3051488e-19   4.6746918e-19
       1.0803348       5.7790157   5.3063959e-19   4.6726797e-19
       1.0825217       5.7811163   5.3076446e-19   4.6706664e-19
       1.0847086       5.7832199   5.3088949e-19   4.6686518e-19
       1.0868955       5.7853265   5.3101469e-19   4.6666358e-19
       1.0890825       5.7874361   5.3114005e-19   4.6646186e-19
       1.0912694       5.7895488   5.3126557e-19   4.6626001e-19
       1.0934563       5.7916645   5.3139126e-19   4.6605802e-19
       1.0956432       5.7937833   5.3151712e-19   4.6585591e-19
       1.0978301       5.7959052   5.3164314e-19   4.6565367e-19
       1.1000170       5.7980301   5.3176933e-19   4.6545129e-19
       1.1022039       5.8001581   5.3189568e-19   4.6524879e-19
       1.1043908       5.8022892   5.3202220e-19   4.6504615e-19
       1.1065778       5.8044234   5.3214889e-19   4.6484338e-19
       1.1087647       5.8065607   5.3227575e-19   4.6464048e-19
       1.1109516       5.8087011   5.3240277e-19   4.6443745e-19
       1.1131385       5.8108446   5.3252996e-19   4.6423429e-19
       1.1153254       5.8129912   5.3265732e-19   4.6403099e-19
       1.1175123       5.8151410   5.3278486e-19   4.6382756e-19
       1.1196992       5.8172940   5.3291256e-19   4.6362400e-19
       1.1218861       5.8194500   5.3304043e-19   4.6342031e-19
       1.1240731       5.8216093   5.3316847e-19   4.6321648e-19
       1.1262600       5.8237717   5.3329668e-19   4.6301252e-19
       1.1284469       5.8259373   5.3342507e-19   4.6280842e-19
       1.1306338       5.8281060   5.3355362e-19   4.6260419e-19
       1.1328207       5.8302780   5.3368235e-19   4.6239983e-19
       1.1350076       5.8324532   5.3381125e-19   4.6219533e-19
       1.1371945       5.8346316   5.3394033e-19   4.6199070e-19
       1.1393814       5.8368131   5.3406958e-19   4.6178593e-19
       1.1415684       5.8389980   5.3419900e-19   4.6158103e-19
       1.1437553       5.8411860   5.3432860e-19   4.6137599e-19
       1.1459422       5.8433773   5.3445837e-19   4.6117082e-19
       1.1481291       5.8455719   5.3458832e-19   4.6096551e-19
       1.1503160       5.8477697   5.3471844e-19   4.6076006e-19
       1.1525029       5.8499708   5.3484874e-19   4.6055448e-19
       1.1546898       5.8521751   5.3497922e-19   4.6034876e-19
       1.1568767       5.8543828   5.3510987e-19   4.6014291e-19
       1.1590637       5.8565937   5.3524070e-19   4.5993691e-19
       1.1612506       5.8588079   5.3537171e-19   4.5973078e-19
       1.1634375       5.8610255   5.3550290e-19   4.5952451e-19
       1.1656244       5.8632464   5.3563426e-19   4.5931811e-19
       1.1678113       5.8654706   5.3576581e-19   4.5911156e-19
       1.1699982       5.8676981   5.3589754e-19   4.5890488e-19
       1.1721851       5.8699290   5.3602944e-19   4.5869805e-19
       1.1743720       5.8721632   5.3616153e-19   4.5849109e-19
       1.1765590       5.8744008   5.3629380e-19   4.5828399e-19
       1.1787459       5.8766418   5.3642625e-19   4.5807675e-19
       1.1809328       5.8788862   5.3655888e-19   4.5786937e-19
       1.1831197       5.8811340   5.3669169e-19   4.5766185e-19
       1.1853066       5.8833851   5.3682469e-19   4.5745419e-19
       1.1874935       5.8856397   5.3695787e-19   4.5724639e-19
       1.1896804       5.8878977   5.3709123e-19   4.5703845e-19
       1.1918673       5.8901591   5.3722478e-19   4.5683037e-19
       1.1940543       5.8924240   5.3735852e-19   4.5662215e-19
       1.1962412       5.8946923   5.3749244e-19   4.5641378e-19
       1.1984281       5.8969640   5.3762654e-19   4.5620527e-19
       1.2006150       5.8992392   5.3776083e-19   4.5599662e-19
       1.2028019       5.9015179   5.3789531e-19   4.5578783e-19
       1.2049888       5.9038001   5.3802998e-19   4.5557890e-19
       1.2071757       5.9060858   5.3816483e-19   4.5536982e-19
       1.2093627       5.9083750   5.3829987e-19   4.5516060e-19
       1.2115496       5.9106677   5.3843510e-19   4.5495123e-19
       1.2137365       5.9129639   5.3857052e-19   4.5474173e-19
       1.2159234       5.9152636   5.3870613e-19   4.5453207e-19
       1.2181103       5.9175669   5.3884193e-19   4.5432228e-19
       1.2202972       5.9198737   5.3897792e-19   4.5411234e-19
       1.2224841       5.9221841   5.3911410e-19   4.5390225e-19
       1.2246710       5.9244981   5.3925047e-19   4.5369202e-19
       1.2268580       5.9268157   5.3938704e-19   4.5348164e-19
       1.2290449       5.9291368   5.3952380e-19   4.5327112e-19
       1.2312318       5.9314615   5.3966075e-19   4.5306045e-19
       1.2334187       5.9337899   5.3979789e-19   4.5284964e-19
       1.2356056       5.9361218   5.3993523e-19   4.5263868e-19
       1.2377925       5.9384574   5.4007277e-19   4.5242757e-19
       1.2399794       5.9407967   5.4021049e-19   4.5221632e-19
       1.2421663       5.9431396   5.4034842e-19   4.5200492e-19
       1.2443533       5.9454861   5.4048654e-19   4.5179337e-19
       1.2465402       5.9478363   5.4062486e-19   4.5158167e-19
       1.2487271       5.9501902   5.4076337e-19   4.5136982e-19
       1.2509140       5.9525478   5.4090208e-19   4.5115783e-19
       1.2531009       5.9549091   5.4104099e-19   4.5094569e-19
       1.2552878       5.9572741   5.4118010e-19   4.5073339e-19
       1.2574747       5.9596428   5.4131941e-19   4.5052095e-19
       1.2596616       5.9620152   5.4145892e-19   4.5030836e-19
       1.2618486       5.9643914   5.4159863e-19   4.5009562e-19
       1.2640355       5.9667713   5.4173854e-19   4.4988273e-19
       1.2662224       5.9691550   5.4187865e-19   4.4966969e-19
       1.2684093       5.9715425   5.4201897e-19   4.4945650e-19
       1.2705962       5.9739337   5.4215948e-19   4.4924315e-19
       1.2727831       5.9763288   5.4230020e-19   4.4902966e-19
       1.2749700       5.9787276   5.4244112e-19   4.4881601e-19
       1.2771569       5.9811303   5.4258225e-19   4.4860221e-19
       1.2793439       5.9835368   5.4272358e-19   4.4838826e-19
       1.2815308       5.9859471   5.4286512e-19   4.4817416e-19
       1.2837177       5.9883613   5.4300686e-19   4.4795990e-19
       1.2859046       5.9907793   5.4314881e-19   4.4774549e-19
       1.2880915       5.9932012   5.4329097e-19   4.4753093e-19
       1.2902784       5.9956270   5.4343333e-19   4.4731621e-19
       1.2924653       5.9980567   5.4357590e-19   4.4710134e-19
       1.2946522       6.0004902   5.4371868e-19   4.4688631e-19
       1.2968392       6.0029277   5.4386167e-19   4.4667113e-19
       1.2990261       6.0053691   5.4400487e-19   4.4645580e-19
       1.3012130       6.0078145   5.4414828e-19   4.4624031e-19
       1.3033999       6.0102638   5.4429190e-19   4.4602466e-19
       1.3055868       6.0127170   5.4443573e-19   4.4580886e-19
       1.3077737       6.0151742   5.4457978e-19   4.4559290e-19
       1.3099606       6.0176354   5.4472403e-19   4.4537679e-19
       1.3121475       6.0201006   5.4486850e-19   4.4516052e-19
       1.3143345       6.0225698   5.4501319e-19   4.4494409e-19
       1.3165214       6.0250430   5.4515808e-19   4.4472750e-19
       1.3187083       6.0275203   5.4530320e-19   4.4451076e-19
       1.3208952       6.0300015   5.4544852e-19   4.4429385e-19
       1.3230821       6.0324868   5.4559407e-19   4.4407679e-19
       1.3252690       6.0349762   5.4573983e-19   4.4385957e-19
       1.3274559       6.0374697   5.4588581e-19   4.4364220e-19
       1.3296428       6.0399672   5.4603200e-19   4.4342466e-19
       1.3318298       6.0424689   5.4617842e-19   4.4320696e-19
       1.3340167       6.0449746   5.4632505e-19   4.4298910e-19
       1.3362036       6.0474845   5.4647190e-19   4.4277108e-19
       1.3383905       6.0499985   5.4661898e-19   4.4255290e-19
       1.3405774       6.0525166   5.4676627e-19   4.4233457e-19
       1.3427643       6.0550389   5.4691379e-19   4.4211606e-19
       1.3449512       6.0575654   5.4706152e-19   4.4189740e-19
       1.3471381       6.0600960   5.4720948e-19   4.4167858e-19
       1.3493251       6.0626308   5.4735767e-19   4.4145959e-19
       1.3515120       6.0651699   5.4750608e-19   4.4124044e-19
       1.3536989       6.0677131   5.4765471e-19   4.4102113e-19
       1.3558858       6.0702606   5.4780357e-19   4.4080165e-19
       1.3580727       6.0728124   5.4795265e-19   4.4058201e-19
       1.3602596       6.0753683   5.4810196e-19   4.4036221e-19
       1.3624465       6.0779286   5.4825150e-19   4.4014224e-19
       1.3646334       6.0804931   5.4840126e-19   4.3992210e-19
       1.3668204       6.0830619   5.4855125e-19   4.3970181e-19
       1.3690073       6.0856351   5.4870148e-19   4.3948134e-19
       1.3711942       6.0882125   5.4885193e-19   4.3926071e-19
       1.3733811       6.0907943   5.4900261e-19   4.3903992e-19
       1.3755680       6.0933804   5.4915353e-19   4.3881896e-19
       1.3777549       6.0959709   5.4930467e-19   4.3859783e-19
       1.3799418       6.0985657   5.4945605e-19   4.3837653e-19
       1.3821287       6.1011650   5.4960766e-19   4.3815507e-19
       1.3843157       6.1037686   5.4975950e-19   4.3793344e-19
       1.3865026       6.1063766   5.4991158e-19   4.3771164e-19
       1.3886895       6.1089891   5.5006389e-19   4.3748967e-19
       1.3908764       6.1116060   5.5021644e-19   4.3726754e-19
       1.3930633       6.1142273   5.5036923e-19   4.3704523e-19
       1.3952502       6.1168531   5.5052225e-19   4.3682276e-19
       1.3974371       6.1194834   5.5067551e-19   4.3660011e-19
       1.3996240       6.1221181   5.5082901e-19   4.3637730e-19
       1.4018110       6.1247574   5.5098275e-19   4.3615431e-19
       1.4039979       6.1274012   5.5113672e-19   4.3593116e-19
       1.4061848       6.1300495   5.5129094e-19   4.3570783e-19
       1.4083717       6.1327024   5.5144540e-19   4.3548433e-19
       1.4105586       6.1353598   5.5160010e-19   4.3526066e-19
       1.4127455       6.1380217   5.5175504e-19   4.3503682e-19
       1.4149324       6.1406883   5.5191023e-19   4.3481280e-19
       1.4171193       6.1433595   5.5206566e-19   4.3458861e-19
       1.4193063       6.1460352   5.5222133e-19   4.3436425e-19
       1.4214932       6.1487156   5.5237725e-19   4.3413971e-19
       1.4236801       6.1514007   5.5253342e-19   4.3391500e-19
       1.4258670       6.1540904   5.5268983e-19   4.3369011e-19
       1.4280539       6.1567847   5.5284649e-19   4.3346505e-19
       1.4302408       6.1594838   5.5300340e-19   4.3323981e-19
       1.4324277       6.1621875   5.5316055e-19   4.3301440e-19
       1.4346146       6.1648960   5.5331796e-19   4.3278881e-19
       1.4368016       6.1676092   5.5347562e-19   4.3256305e-19
       1.4389885       6.1703271   5.5363353e-19   4.3233711e-19
       1.4411754       6.1730498   5.5379169e-19   4.3211099e-19
       1.4433623       6.1757773   5.5395010e-19   4.3188469e-19
       1.4455492       6.1785095   5.5410876e-19   4.3165822e-19
       1.4477361       6.1812465   5.5426768e-19   4.3143156e-19
       1.4499230       6.1839884   5.5442686e-19   4.3120473e-19
       1.4521099       6.1867351   5.5458629e-19   4.3097772e-19
       1.4542969       6.1894866   5.5474598e-19   4.3075053e-19
       1.4564838       6.1922430   5.5490592e-19   4.3052316e-19
       1.4586707       6.1950043   5.5506612e-19   4.3029561e-19
       1.4608576       6.1977704   5.5522658e-19   4.3006787e-19
       1.4630445       6.2005415   5.5538730e-19   4.2983996e-19
       1.4652314       6.2033175   5.5554828e-19   4.2961187e-19
       1.4674183       6.2060984   5.5570952e-19   4.2938359e-19
       1.4696052       6.2088843   5.5587102e-19   4.2915513e-19
       1.4717922       6.2116751   5.5603279e-19   4.2892649e-19
       1.4739791       6.2144709   5.5619482e-19   4.2869767e-19
       1.4761660       6.2172718   5.5635711e-19   4.2846866e-19
       1.4783529       6.2200776   5.5651967e-19   4.2823946e-19
       1.4805398       6.2228885   5.5668249e-19   4.2801009e-19
       1.4827267       6.2257044   5.5684558e-19   4.2778053e-19
       1.4849136       6.2285254   5.5700894e-19   4.2755078e-19
       1.4871005       6.2313514   5.5717256e-19   4.2732085e-19
       1.4892875       6.2341826   5.5733646e-19   4.2709073e-19
       1.4914744       6.2370189   5.5750062e-19   4.2686043e-19
       1.4936613       6.2398602   5.5766505e-19   4.2662993e-19
       1.4958482       6.2427068   5.5782976e-19   4.2639925e-19
       1.4980351       6.2455585   5.5799474e-19   4.2616839e-19
       1.5002220       6.2484154   5.5815999e-19   4.2593733e-19
       1.5024089       6.2512774   5.5832551e-19   4.2570609e-19
       1.5045958       6.2541447   5.5849131e-19   4.2547466e-19
       1.5067828       6.2570172   5.5865739e-19   4.2524304e-19
       1.5089697       6.2598950   5.5882374e-19   4.2501123e-19
       1.5111566       6.2627780   5.5899037e-19   4.2477923e-19
       1.5133435       6.2656663   5.5915727e-19   4.2454703e-19
       1.5155304       6.2685599   5.5932446e-19   4.2431465e-19
       1.5177173       6.2714588   5.5949192e-19   4.2408208e-19
       1.5199042       6.2743630   5.5965967e-19   4.2384931e-19
       1.5220911       6.2772726   5.5982770e-19   4.2361635e-19
       1.5242781       6.2801875   5.5999601e-19   4.2338320e-19
       1.5264650       6.2831078   5.6016460e-19   4.2314985e-19
       1.5286519       6.2860335   5.6033348e-19   4.2291632e-19
       1.5308388       6.2889647   5.6050264e-19   4.2268258e-19
       1.5330257       6.2919013   5.6067209e-19   4.2244866e-19
       1.5352126       6.2948433   5.6084182e-19   4.2221453e-19
       1.5373995       6.2977908   5.6101185e-19   4.2198022e-19
       1.5395864       6.3007438   5.6118216e-19   4.2174570e-19
       1.5417734       6.3037022   5.6135276e-19   4.2151099e-19
       1.5439603       6.3066663   5.6152365e-19   4.2127608e-19
       1.5461472       6.3096358   5.6169483e-19   4.2104098e-19
       1.5483341       6.3126109   5.6186631e-19   4.2080568e-19
       1.5505210       6.3155916   5.6203808e-19   4.2057018e-19
       1.5527079       6.3185779   5.6221014e-19   4.2033448e-19
       1.5548948       6.3215698   5.6238250e-19   4.2009858e-19
       1.5570817       6.3245674   5.6255515e-19   4.1986248e-19
       1.5592687       6.3275706   5.6272810e-19   4.1962619e-19
       1.5614556       6.3305795   5.6290135e-19   4.1938969e-19
       1.5636425       6.3335940   5.6307490e-19   4.1915299e-19
       1.5658294       6.3366143   5.6324875e-19   4.1891609e-19
       1.5680163       6.3396403   5.6342289e-19   4.1867899e-19
       1.5702032       6.3426721   5.6359734e-19   4.1844168e-19
       1.5723901       6.3457096   5.6377210e-19   4.1820418e-19
       1.5745770       6.3487529   5.6394715e-19   4.1796646e-19
       1.5767640       6.3518020   5.6412251e-19   4.1772855e-19
       1.5789509       6.3548570   5.6429818e-19   4.1749043e-19
       1.5811378       6.3579178   5.6447415e-19   4.1725211e-19
       1.5833247       6.3609844   5.6465043e-19   4.1701358e-19
       1.5855116       6.3640570   5.6482702e-19   4.1677484e-19
       1.5876985       6.3671354   5.6500392e-19   4.1653590e-19
       1.5898854       6.3702198   5.6518113e-19   4.1629675e-19
       1.5920723       6.3733101   5.6535865e-19   4.1605740e-19
       1.5942593       6.3764064   5.6553648e-19   4.1581784e-19
       1.5964462       6.3795087   5.6571463e-19   4.1557807e-19
       1.5986331       6.3826170   5.6589309e-19   4.1533809e-19
       1.6008200       6.3857313   5.6607186e-19   4.1509790e-19
       1.6030069       6.3888517   5.6625096e-19   4.1485750e-19
       1.6051938       6.3919781   5.6643037e-19   4.1461689e-19
       1.6073807       6.3951106   5.6661010e-19   4.1437607e-19
       1.6095677       6.3982493   5.6679015e-19   4.1413504e-19
       1.6117546       6.4013940   5.6697052e-19   4.1389380e-19
       1.6139415       6.4045450   5.6715121e-19   4.1365235e-19
       1.6161284       6.4077021   5.6733222e-19   4.1341068e-19
       1.6183153       6.4108654   5.6751356e-19   4.1316880e-19
       1.6205022       6.4140349   5.6769523e-19   4.1292670e-19
       1.6226891       6.4172106   5.6787722e-19   4.1268440e-19
       1.6248760       6.4203926   5.6805953e-19   4.1244187e-19
       1.6270630       6.4235809   5.6824218e-19   4.1219913e-19
       1.6292499       6.4267756   5.6842516e-19   4.1195618e-19
       1.6314368       6.4299765   5.6860846e-19   4.1171301e-19
       1.6336237       6.4331838   5.6879210e-19   4.1146962e-19
       1.6358106       6.4363974   5.6897607e-19   4.1122601e-19
       1.6379975       6.4396175   5.6916037e-19   4.1098219e-19
       1.6401844       6.4428439   5.6934501e-19   4.1073815e-19
       1.6423713       6.4460768   5.6952999e-19   4.1049389e-19
       1.6445583       6.4493162   5.6971530e-19   4.1024941e-19
       1.6467452       6.4525620   5.6990095e-19   4.1000471e-19
       1.6489321       6.4558144   5.7008694e-19   4.0975979e-19
       1.6511190       6.4590733   5.7027327e-19   4.0951464e-19
       1.6533059       6.4623387   5.7045994e-19   4.0926928e-19
       1.6554928       6.4656107   5.7064696e-19   4.0902369e-19
       1.6576797       6.4688894   5.7083432e-19   4.0877788e-19
       1.6598666       6.4721746   5.7102202e-19   4.0853185e-19
       1.6620536       6.4754665   5.7121007e-19   4.0828559e-19
       1.6642405       6.4787651   5.7139847e-19   4.0803911e-19
       1.6664274       6.4820703   5.7158722e-19   4.0779240e-19
       1.6686143       6.4853823   5.7177632e-19   4.0754547e-19
       1.6708012       6.4887010   5.7196577e-19   4.0729831e-19
       1.6729881       6.4920265   5.7215557e-19   4.0705093e-19
       1.6751750       6.4953588   5.7234572e-19   4.0680331e-19
       1.6773619       6.4986979   5.7253623e-19   4.0655547e-19
       1.6795489       6.5020438   5.7272710e-19   4.0630740e-19
       1.6817358       6.5053966   5.7291832e-19   4.0605911e-19
       1.6839227       6.5087563   5.7310990e-19   4.0581058e-19
       1.6861096       6.5121230   5.7330184e-19   4.0556182e-19
       1.6882965       6.5154965   5.7349415e-19   4.0531283e-19
       1.6904834       6.5188770   5.7368681e-19   4.0506361e-19
       1.6926703       6.5222646   5.7387984e-19   4.0481416e-19
       1.6948572       6.5256591   5.7407323e-19   4.0456447e-19
       1.6970442       6.5290607   5.7426699e-19   4.0431455e-19
       1.6992311       6.5324693   5.7446112e-19   4.0406440e-19
       1.7014180       6.5358851   5.7465561e-19   4.0381401e-19
       1.7036049       6.5393079   5.7485048e-19   4.0356339e-19
       1.7057918       6.5427379   5.7504571e-19   4.0331253e-19
       1.7079787       6.5461751   5.7524132e-19   4.0306144e-19
       1.7101656       6.5496195   5.7543730e-19   4.0281011e-19
       1.7123525       6.5530711   5.7563366e-19   4.0255854e-19
       1.7145395       6.5565300   5.7583040e-19   4.0230673e-19
       1.7167264       6.5599962   5.7602751e-19   4.0205468e-19
       1.7189133       6.5634696   5.7622500e-19   4.0180240e-19
       1.7211002       6.5669504   5.7642287e-19   4.0154988e-19
       1.7232871       6.5704386   5.7662113e-19   4.0129711e-19
       1.7254740       6.5739341   5.7681976e-19   4.0104410e-19
       1.7276609       6.5774371   5.7701878e-19   4.0079086e-19
       1.7298478       6.5809475   5.7721819e-19   4.0053736e-19
       1.7320348       6.5844654   5.7741799e-19   4.0028363e-19
       1.7342217       6.5879908   5.7761817e-19   4.0002965e-19
       1.7364086       6.5915237   5.7781874e-19   3.9977543e-19
       1.7385955       6.5950642   5.7801971e-19   3.9952096e-19
       1.7407824       6.5986123   5.7822107e-19   3.9926625e-19
       1.7429693       6.6021680   5.7842282e-19   3.9901129e-19
       1.7451562       6.6057313   5.7862497e-19   3.9875608e-19
       1.7473431       6.6093023   5.7882752e-19   3.9850063e-19
       1.7495301       6.6128810   5.7903046e-19   3.9824493e-19
       1.7517170       6.6164675   5.7923380e-19   3.9798898e-19
       1.7539039       6.6200617   5.7943755e-19   3.9773277e-19
       1.7560908       6.6236637   5.7964170e-19   3.9747632e-19
       1.7582777       6.6272735   5.7984625e-19   3.9721962e-19
       1.7604646       6.6308912   5.8005121e-19   3.9696267e-19
       1.7626515       6.6345167   5.8025658e-19   3.9670546e-19
       1.7648384       6.6381502   5.8046236e-19   3.9644800e-19
       1.7670254       6.6417916   5.8066854e-19   3.9619029e-19
       1.7692123       6.6454410   5.8087514e-19   3.9593232e-19
       1.7713992       6.6490984   5.8108216e-19   3.9567410e-19
       1.7735861       6.6527638   5.8128958e-19   3.9541562e-19
       1.7757730       6.6564373   5.8149743e-19   3.9515688e-19
       1.7779599       6.6601189   5.8170569e-19   3.9489789e-19
       1.7801468       6.6638087   5.8191437e-19   3.9463864e-19
       1.7823337       6.6675066   5.8212348e-19   3.9437913e-19
       1.7845207       6.6712127   5.8233300e-19   3.9411936e-19
       1.7867076       6.6749270   5.8254295e-19   3.9385934e-19
       1.7888945       6.6786495   5.8275333e-19   3.9359905e-19
       1.7910814       6.6823804   5.8296413e-19   3.9333850e-19
       1.7932683       6.6861196   5.8317537e-19   3.9307768e-19
       1.7954552       6.6898671   5.8338703e-19   3.9281661e-19
       1.7976421       6.6936231   5.8359913e-19   3.9255527e-19
       1.7998290       6.6973874   5.8381166e-19   3.9229367e-19
       1.8020160       6.7011603   5.8402463e-19   3.9203180e-19
       1.8042029       6.7049416   5.8423803e-19   3.9176966e-19
       1.8063898       6.7087314   5.8445187e-19   3.9150726e-19
       1.8085767       6.7125298   5.8466616e-19   3.9124460e-19
       1.8107636       6.7163368   5.8488088e-19   3.9098166e-19
       1.8129505       6.7201524   5.8509605e-19   3.9071845e-19
       1.8151374       6.7239766   5.8531167e-19   3.9045498e-19
       1.8173243       6.7278096   5.8552773e-19   3.9019123e-19
       1.8195113       6.7316513   5.8574424e-19   3.8992722e-19
       1.8216982       6.7355017   5.8596121e-19   3.8966293e-19
       1.8238851       6.7393610   5.8617862e-19   3.8939837e-19
       1.8260720       6.7432291   5.8639649e-19   3.8913354e-19
       1.8282589       6.7471061   5.8661482e-19   3.8886843e-19
       1.8304458       6.7509920   5.8683361e-19   3.8860305e-19
       1.8326327       6.7548868   5.8705285e-19   3.8833739e-19
       1.8348196       6.7587906   5.8727256e-19   3.8807145e-19
       1.8370066       6.7627034   5.8749273e-19   3.8780524e-19
       1.8391935       6.7666253   5.8771336e-19   3.8753875e-19
       1.8413804       6.7705563   5.8793446e-19   3.8727198e-19
       1.8435673       6.7744964   5.8815603e-19   3.8700493e-19
       1.8457542       6.7784457   5.8837807e-19   3.8673760e-19
       1.8479411       6.7824041   5.8860058e-19   3.8646999e-19
       1.8501280       6.7863719   5.8882357e-19   3.8620210e-19
       1.8523149       6.7903489   5.8904704e-19   3.8593392e-19
       1.8545019       6.7943352   5.8927098e-19   3.8566546e-19
       1.8566888       6.7983309   5.8949540e-19   3.8539672e-19
       1.8588757       6.8023360   5.8972030e-19   3.8512769e-19
       1.8610626       6.8063505   5.8994569e-19   3.8485838e-19
       1.8632495       6.8103745   5.9017156e-19   3.8458877e-19
       1.8654364       6.8144080   5.9039792e-19   3.8431888e-19
       1.8676233       6.8184510   5.9062477e-19   3.8404870e-19
       1.8698102       6.8225037   5.9085211e-19   3.8377823e-19
       1.8719972       6.8265660   5.9107995e-19   3.8350747e-19
       1.8741841       6.8306379   5.9130828e-19   3.8323642e-19
       1.8763710       6.8347196   5.9153710e-19   3.8296508e-19
       1.8785579       6.8388111   5.9176643e-19   3.8269344e-19
       1.8807448       6.8429123   5.9199626e-19   3.8242152e-19
       1.8829317       6.8470234   5.9222659e-19   3.8214929e-19
       1.8851186       6.8511443   5.9245743e-19   3.8187677e-19
       1.8873055       6.8552752   5.9268877e-19   3.8160395e-19
       1.8894925       6.8594161   5.9292063e-19   3.8133084e-19
       1.8916794       6.8635670   5.9315299e-19   3.8105743e-19
       1.8938663       6.8677279   5.9338587e-19   3.8078372e-19
       1.8960532       6.8718989   5.9361927e-19   3.8050970e-19
       1.8982401       6.8760800   5.9385318e-19   3.8023539e-19
       1.9004270       6.8802714   5.9408761e-19   3.7996078e-19
       1.9026139       6.8844729   5.9432257e-19   3.7968586e-19
       1.9048008       6.8886848   5.9455805e-19   3.7941064e-19
       1.9069878       6.8929069   5.9479406e-19   3.7913511e-19
       1.9091747       6.8971394   5.9503059e-19   3.7885928e-19
       1.9113616       6.9013823   5.9526766e-19   3.7858314e-19
       1.9135485       6.9056357   5.9550526e-19   3.7830670e-19
       1.9157354       6.9098995   5.9574340e-19   3.7802994e-19
       1.9179223       6.9141739   5.9598207e-19   3.7775288e-19
       1.9201092       6.9184589   5.9622128e-19   3.7747551e-19
       1.9222961       6.9227545   5.9646104e-19   3.7719782e-19
       1.9244831       6.9270608   5.9670133e-19   3.7691983e-19
       1.9266700       6.9313779   5.9694218e-19   3.7664152e-19
       1.9288569       6.9357057   5.9718357e-19   3.7636289e-19
       1.9310438       6.9400443   5.9742552e-19   3.7608395e-19
       1.9332307       6.9443938   5.9766802e-19   3.7580470e-19
       1.9354176       6.9487542   5.9791108e-19   3.7552513e-19
       1.9376045       6.9531256   5.9815469e-19   3.7524524e-19
       1.9397914       6.9575080   5.9839886e-19   3.7496503e-19
       1.9419784       6.9619014   5.9864360e-19   3.7468450e-19
       1.9441653       6.9663060   5.9888890e-19   3.7440365e-19
       1.9463522       6.9707218   5.9913477e-19   3.7412248e-19
       1.9485391       6.9751487   5.9938122e-19   3.7384098e-19
       1.9507260       6.9795869   5.9962823e-19   3.7355916e-19
       1.9529129       6.9840365   5.9987582e-19   3.7327702e-19
       1.9550998       6.9884974   6.0012398e-19   3.7299455e-19
       1.9572867       6.9929697   6.0037273e-19   3.7271175e-19
       1.9594737       6.9974535   6.0062206e-19   3.7242862e-19
       1.9616606       7.0019488   6.0087197e-19   3.7214517e-19
       1.9638475       7.0064557   6.0112248e-19   3.7186138e-19
       1.9660344       7.0109742   6.0137357e-19   3.7157727e-19
       1.9682213       7.0155044   6.0162525e-19   3.7129282e-19
       1.9704082       7.0200464   6.0187754e-19   3.7100803e-19
       1.9725951       7.0246001   6.0213041e-19   3.7072292e-19
       1.9747820       7.0291656   6.0238389e-19   3.7043746e-19
       1.9769690       7.0337431   6.0263798e-19   3.7015167e-19
       1.9791559       7.0383325   6.0289267e-19   3.6986555e-19
       1.9813428       7.0429339   6.0314796e-19   3.6957908e-19
       1.9835297       7.0475474   6.0340387e-19   3.6929228e-19
       1.9857166       7.0521730   6.0366039e-19   3.6900513e-19
       1.9879035       7.0568108   6.0391753e-19   3.6871764e-19
       1.9900904       7.0614608   6.0417529e-19   3.6842981e-19
       1.9922773       7.0661231   6.0443367e-19   3.6814163e-19
       1.9944643       7.0707977   6.0469268e-19   3.6785311e-19
       1.9966512       7.0754848   6.0495232e-19   3.6756424e-19
       1.9988381       7.0801843   6.0521258e-19   3.6727502e-19
       2.0010250       7.0848963   6.0547348e-19   3.6698546e-19
       2.0032119       7.0896209   6.0573501e-19   3.6669554e-19
       2.0053988       7.0943582   6.0599719e-19   3.6640527e-19
       2.0075857       7.0991081   6.0626000e-19   3.6611465e-19
       2.0097727       7.1038708   6.0652346e-19   3.6582368e-19
       2.0119596       7.1086464   6.0678757e-19   3.6553235e-19
       2.0141465       7.1134348   6.0705233e-19   3.6524067e-19
       2.0163334       7.1182361   6.0731775e-19   3.6494862e-19
       2.0185203       7.1230505   6.0758382e-19   3.6465622e-19
       2.0207072       7.1278779   6.0785055e-19   3.6436346e-19
       2.0228941       7.1327185   6.0811794e-19   3.6407034e-19
       2.0250810       7.1375722   6.0838600e-19   3.6377686e-19
       2.0272680       7.1424393   6.0865473e-19   3.6348302e-19
       2.0294549       7.1473196   6.0892413e-19   3.6318881e-19
       2.0316418       7.1522133   6.0919420e-19   3.6289423e-19
       2.0338287       7.1571205   6.0946496e-19   3.6259929e-19
       2.0360156       7.1620412   6.0973639e-19   3.6230398e-19
       2.0382025       7.1669754   6.1000851e-19   3.6200830e-19
       2.0403894       7.1719234   6.1028132e-19   3.6171224e-19
       2.0425763       7.1768850   6.1055482e-19   3.6141582e-19
       2.0447633       7.1818604   6.1082901e-19   3.6111902e-19
       2.0469502       7.1868497   6.1110390e-19   3.6082185e-19
       2.0491371       7.1918529   6.1137949e-19   3.6052431e-19
       2.0513240       7.1968701   6.1165579e-19   3.6022638e-19
       2.0535109       7.2019013   6.1193279e-19   3.5992808e-19
       2.0556978       7.2069467   6.1221050e-19   3.5962939e-19
       2.0578847       7.2120063   6.1248893e-19   3.5933033e-19
       2.0600716       7.2170801   6.1276807e-19   3.5903088e-19
       2.0622586       7.2221683   6.1304794e-19   3.5873105e-19
       2.0644455       7.2272709   6.1332853e-19   3.5843084e-19
       2.0666324       7.2323879   6.1360985e-19   3.5813024e-19
       2.0688193       7.2375196   6.1389190e-19   3.5782925e-19
       2.0710062       7.2426658   6.1417468e-19   3.5752787e-19
       2.0731931       7.2478268   6.1445821e-19   3.5722610e-19
       2.0753800       7.2530025   6.1474247e-19   3.5692394e-19
       2.0775669       7.2581931   6.1502748e-19   3.5662138e-19
       2.0797539       7.2633987   6.1531324e-19   3.5631843e-19
       2.0819408       7.2686192   6.1559976e-19   3.5601509e-19
       2.0841277       7.2738548   6.1588703e-19   3.5571134e-19
       2.0863146       7.2791056   6.1617506e-19   3.5540720e-19
       2.0885015       7.2843716   6.1646385e-19   3.5510266e-19
       2.0906884       7.2896529   6.1675341e-19   3.5479771e-19
       2.0928753       7.2949496   6.1704374e-19   3.5449236e-19
       2.0950622       7.3002618   6.1733485e-19   3.5418661e-19
       2.0972492       7.3055896   6.1762674e-19   3.5388045e-19
       2.0994361       7.3109330   6.1791941e-19   3.5357388e-19
       2.1016230       7.3162921   6.1821287e-19   3.5326690e-19
       2.1038099       7.3216670   6.1850711e-19   3.5295951e-19
       2.1059968       7.3270578   6.1880216e-19   3.5265171e-19
       2.1081837       7.3324645   6.1909800e-19   3.5234350e-19
       2.1103706       7.3378873   6.1939464e-19   3.5203487e-19
       2.1125575       7.3433262   6.1969209e-19   3.5172582e-19
       2.1147445       7.3487814   6.1999035e-19   3.5141636e-19
       2.1169314       7.3542528   6.2028943e-19   3.5110647e-19
       2.1191183       7.3597407   6.2058933e-19   3.5079617e-19
       2.1213052       7.3652450   6.2089004e-19   3.5048544e-19
       2.1234921       7.3707658   6.2119159e-19   3.5017428e-19
       2.1256790       7.3763034   6.2149397e-19   3.4986270e-19
       2.1278659       7.3818576   6.2179718e-19   3.4955069e-19
       2.1300528       7.3874288   6.2210123e-19   3.4923826e-19
       2.1322398       7.3930168   6.2240613e-19   3.4892539e-19
       2.1344267       7.3986218   6.2271188e-19   3.4861209e-19
       2.1366136       7.4042440   6.2301848e-19   3.4829835e-19
       2.1388005       7.4098833   6.2332593e-19   3.4798418e-19
       2.1409874       7.4155399   6.2363425e-19   3.4766957e-19
       2.1431743       7.4212139   6.2394344e-19   3.4735452e-19
       2.1453612       7.4269054   6.2425349e-19   3.4703903e-19
       2.1475481       7.4326145   6.2456442e-19   3.4672310e-19
       2.1497351       7.4383412   6.2487624e-19   3.4640672e-19
       2.1519220       7.4440857   6.2518893e-19   3.4608989e-19
       2.1541089       7.4498481   6.2550252e-19   3.4577262e-19
       2.1562958       7.4556284   6.2581700e-19   3.4545490e-19
       2.1584827       7.4614268   6.2613237e-19   3.4513673e-19
       2.1606696       7.4672434   6.2644866e-19   3.4481810e-19
       2.1628565       7.4730782   6.2676584e-19   3.4449902e-19
       2.1650434       7.4789314   6.2708395e-19   3.4417949e-19
       2.1672304       7.4848031   6.2740297e-19   3.4385949e-19
       2.1694173       7.4906933   6.2772291e-19   3.4353904e-19
       2.1716042       7.4966022   6.2804378e-19   3.4321812e-19
       2.1737911       7.5025299   6.2836558e-19   3.4289674e-19
       2.1759780       7.5084765   6.2868833e-19   3.4257489e-19
       2.1781649       7.5144420   6.2901201e-19   3.4225257e-19
       2.1803518       7.5204267   6.2933664e-19   3.4192979e-19
       2.1825387       7.5264306   6.2966223e-19   3.4160654e-19
       2.1847257       7.5324538   6.2998877e-19   3.4128281e-19
       2.1869126       7.5384964   6.3031627e-19   3.4095860e-19
       2.1890995       7.5445586   6.3064475e-19   3.4063392e-19
       2.1912864       7.5506404   6.3097420e-19   3.4030876e-19
       2.1934733       7.5567420   6.3130463e-19   3.3998312e-19
       2.1956602       7.5628635   6.3163604e-19   3.3965700e-19
       2.1978471       7.5690049   6.3196844e-19   3.3933039e-19
       2.2000340       7.5751665   6.3230184e-19   3.3900330e-19
       2.2022210       7.5813483   6.3263624e-19   3.3867571e-19
       2.2044079       7.5875504   6.3297165e-19   3.3834764e-19
       2.2065948       7.5937730   6.3330807e-19   3.3801907e-19
       2.2087817       7.6000162   6.3364550e-19   3.3769001e-19
       2.2109686       7.6062801   6.3398396e-19   3.3736045e-19
       2.2131555       7.6125648   6.3432345e-19   3.3703040e-19
       2.2153424       7.6188705   6.3466398e-19   3.3669984e-19
       2.2175293       7.6251972   6.3500554e-19   3.3636878e-19
       2.2197163       7.6315451   6.3534816e-19   3.3603721e-19
       2.2219032       7.6379144   6.3569182e-19   3.3570514e-19
       2.2240901       7.6443051   6.3603655e-19   3.3537256e-19
       2.2262770       7.6507174   6.3638234e-19   3.3503947e-19
       2.2284639       7.6571514   6.3672920e-19   3.3470586e-19
       2.2306508       7.6636072   6.3707714e-19   3.3437174e-19
       2.2328377       7.6700850   6.3742616e-19   3.3403709e-19
       2.2350246       7.6765849   6.3777627e-19   3.3370193e-19
       2.2372116       7.6831071   6.3812748e-19   3.3336625e-19
       2.2393985       7.6896516   6.3847978e-19   3.3303004e-19
       2.2415854       7.6962186   6.3883320e-19   3.3269331e-19
       2.2437723       7.7028082   6.3918773e-19   3.3235605e-19
       2.2459592       7.7094207   6.3954339e-19   3.3201825e-19
       2.2481461       7.7160560   6.3990017e-19   3.3167992e-19
       2.2503330       7.7227145   6.4025809e-19   3.3134106e-19
       2.2525199       7.7293961   6.4061715e-19   3.3100166e-19
       2.2547069       7.7361011   6.4097735e-19   3.3066171e-19
       2.2568938       7.7428296   6.4133872e-19   3.3032123e-19
       2.2590807       7.7495817   6.4170124e-19   3.2998020e-19
       2.2612676       7.7563576   6.4206493e-19   3.2963862e-19
       2.2634545       7.7631574   6.4242980e-19   3.2929649e-19
       2.2656414       7.7699813   6.4279585e-19   3.2895381e-19
       2.2678283       7.7768295   6.4316309e-19   3.2861057e-19
       2.2700152       7.7837021   6.4353153e-19   3.2826678e-19
       2.2722022       7.7905992   6.4390117e-19   3.2792242e-19
       2.2743891       7.7975210   6.4427203e-19   3.2757751e-19
       2.2765760       7.8044676   6.4464410e-19   3.2723203e-19
       2.2787629       7.8114393   6.4501740e-19   3.2688598e-19
       2.2809498       7.8184361   6.4539193e-19   3.2653936e-19
       2.2831367       7.8254583   6.4576771e-19   3.2619217e-19
       2.2853236       7.8325060   6.4614473e-19   3.2584440e-19
       2.2875105       7.8395793   6.4652301e-19   3.2549606e-19
       2.2896975       7.8466785   6.4690255e-19   3.2514714e-19
       2.2918844       7.8538037   6.4728337e-19   3.2479763e-19
       2.2940713       7.8609550   6.4766547e-19   3.2444754e-19
       2.2962582       7.8681327   6.4804885e-19   3.2409685e-19
       2.2984451       7.8753369   6.4843354e-19   3.2374558e-19
       2.3006320       7.8825678   6.4881952e-19   3.2339372e-19
       2.3028189       7.8898255   6.4920682e-19   3.2304125e-19
       2.3050058       7.8971102   6.4959544e-19   3.2268819e-19
       2.3071928       7.9044222   6.4998539e-19   3.2233453e-19
       2.3093797       7.9117616   6.5037667e-19   3.2198026e-19
       2.3115666       7.9191285   6.5076931e-19   3.2162539e-19
       2.3137535       7.9265232   6.5116329e-19   3.2126990e-19
       2.3159404       7.9339459   6.5155864e-19   3.2091380e-19
       2.3181273       7.9413966   6.5195536e-19   3.2055708e-19
       2.3203142       7.9488757   6.5235347e-19   3.2019975e-19
       2.3225011       7.9563834   6.5275296e-19   3.1984179e-19
       2.3246881       7.9639197   6.5315385e-19   3.1948321e-19
       2.3268750       7.9714849   6.5355615e-19   3.1912400e-19
       2.3290619       7.9790792   6.5395986e-19   3.1876415e-19
       2.3312488       7.9867029   6.5436501e-19   3.1840368e-19
       2.3334357       7.9943560   6.5477158e-19   3.1804256e-19
       2.3356226       8.0020388   6.5517961e-19   3.1768081e-19
       2.3378095       8.0097515   6.5558908e-19   3.1731841e-19
       2.3399964       8.0174944   6.5600002e-19   3.1695537e-19
       2.3421834       8.0252675   6.5641244e-19   3.1659168e-19
       2.3443703       8.0330712   6.5682634e-19   3.1622733e-19
       2.3465572       8.0409056   6.5724173e-19   3.1586233e-19
       2.3487441       8.0487710   6.5765862e-19   3.1549667e-19
       2.3509310       8.0566676   6.5807703e-19   3.1513035e-19
       2.3531179       8.0645955   6.5849696e-19   3.1476336e-19
       2.3553048       8.0725551   6.5891843e-19   3.1439570e-19
       2.3574917       8.0805465   6.5934144e-19   3.1402737e-19
       2.3596787       8.0885700   6.5976601e-19   3.1365836e-19
       2.3618656       8.0966258   6.6019214e-19   3.1328868e-19
       2.3640525       8.1047141   6.6061984e-19   3.1291831e-19
       2.3662394       8.1128352   6.6104914e-19   3.1254725e-19
       2.3684263       8.1209893   6.6148003e-19   3.1217551e-19
       2.3706132       8.1291766   6.6191253e-19   3.1180307e-19
       2.3728001       8.1373974   6.6234665e-19   3.1142994e-19
       2.3749870       8.1456518   6.6278240e-19   3.1105611e-19
       2.3771740       8.1539403   6.6321980e-19   3.1068157e-19
       2.3793609       8.1622630   6.6365885e-19   3.1030632e-19
       2.3815478       8.1706201   6.6409956e-19   3.0993037e-19
       2.3837347       8.1790120   6.6454195e-19   3.0955370e-19
       2.3859216       8.1874388   6.6498603e-19   3.0917631e-19
       2.3881085       8.1959008   6.6543181e-19   3.0879820e-19
       2.3902954       8.2043984   6.6587931e-19   3.0841937e-19
       2.3924823       8.2129317   6.6632853e-19   3.0803980e-19
       2.3946693       8.2215010   6.6677949e-19   3.0765950e-19
       2.3968562       8.2301066   6.6723219e-19   3.0727846e-19
       2.3990431       8.2387488   6.6768667e-19   3.0689669e-19
       2.4012300       8.2474278   6.6814291e-19   3.0651416e-19
       2.4034169       8.2561440   6.6860095e-19   3.0613089e-19
       2.4056038       8.2648975   6.6906078e-19   3.0574687e-19
       2.4077907       8.2736888   6.6952243e-19   3.0536209e-19
       2.4099777       8.2825180   6.6998591e-19   3.0497654e-19
       2.4121646       8.2913855   6.7045123e-19   3.0459023e-19
       2.4143515       8.3002915   6.7091841e-19   3.0420315e-19
       2.4165384       8.3092364   6.7138745e-19   3.0381530e-19
       2.4187253       8.3182205   6.7185837e-19   3.0342667e-19
       2.4209122       8.3272441   6.7233119e-19   3.0303726e-19
       2.4230991       8.3363074   6.7280593e-19   3.0264706e-19
       2.4252860       8.3454108   6.7328258e-19   3.0225607e-19
       2.4274730       8.3545546   6.7376118e-19   3.0186429e-19
       2.4296599       8.3637392   6.7424173e-19   3.0147170e-19
       2.4318468       8.3729647   6.7472424e-19   3.0107831e-19
       2.4340337       8.3822317   6.7520875e-19   3.0068412e-19
       2.4362206       8.3915403   6.7569525e-19   3.0028911e-19
       2.4384075       8.4008910   6.7618376e-19   2.9989328e-19
       2.4405944       8.4102841   6.7667430e-19   2.9949663e-19
       2.4427813       8.4197198   6.7716689e-19   2.9909915e-19
       2.4449683       8.4291987   6.7766154e-19   2.9870084e-19
       2.4471552       8.4387209   6.7815827e-19   2.9830170e-19
       2.4493421       8.4482869   6.7865709e-19   2.9790171e-19
       2.4515290       8.4578970   6.7915801e-19   2.9750088e-19
       2.4537159       8.4675515   6.7966107e-19   2.9709920e-19
       2.4559028       8.4772510   6.8016627e-19   2.9669666e-19
       2.4580897       8.4869956   6.8067362e-19   2.9629326e-19
       2.4602766       8.4967858   6.8118316e-19   2.9588899e-19
       2.4624636       8.5066220   6.8169488e-19   2.9548386e-19
       2.4646505       8.5165046   6.8220882e-19   2.9507784e-19
       2.4668374       8.5264339   6.8272499e-19   2.9467095e-19
       2.4690243       8.5364103   6.8324340e-19   2.9426317e-19
       2.4712112       8.5464342   6.8376408e-19   2.9385450e-19
       2.4733981       8.5565061   6.8428705e-19   2.9344493e-19
       2.4755850       8.5666263   6.8481231e-19   2.9303446e-19
       2.4777719       8.5767953   6.8533990e-19   2.9262308e-19
       2.4799589       8.5870134   6.8586983e-19   2.9221079e-19
       2.4821458       8.5972812   6.8640211e-19   2.9179758e-19
       2.4843327       8.6075989   6.8693678e-19   2.9138344e-19
       2.4865196       8.6179672   6.8747384e-19   2.9096837e-19
       2.4887065       8.6283863   6.8801332e-19   2.9055237e-19
       2.4908934       8.6388567   6.8855524e-19   2.9013543e-19
       2.4930803       8.6493789   6.8909962e-19   2.8971754e-19
       2.4952672       8.6599534   6.8964648e-19   2.8929870e-19
       2.4974542       8.6705806   6.9019584e-19   2.8887890e-19
       2.4996411       8.6812610   6.9074772e-19   2.8845813e-19
       2.5018280       8.6919950   6.9130214e-19   2.8803639e-19
       2.5040149       8.7027831   6.9185913e-19   2.8761367e-19
       2.5062018       8.7136258   6.9241871e-19   2.8718997e-19
       2.5083887       8.7245236   6.9298090e-19   2.8676529e-19
       2.5105756       8.7354771   6.9354571e-19   2.8633960e-19
       2.5127625       8.7464866   6.9411319e-19   2.8591291e-19
       2.5149495       8.7575527   6.9468334e-19   2.8548522e-19
       2.5171364       8.7686760   6.9525619e-19   2.8505651e-19
       2.5193233       8.7798570   6.9583177e-19   2.8462678e-19
       2.5215102       8.7910961   6.9641009e-19   2.8419601e-19
       2.5236971       8.8023939   6.9699119e-19   2.8376422e-19
       2.5258840       8.8137511   6.9757509e-19   2.8333138e-19
       2.5280709       8.8251680   6.9816181e-19   2.8289749e-19
       2.5302578       8.8366454   6.9875138e-19   2.8246255e-19
       2.5324448       8.8481837   6.9934383e-19   2.8202654e-19
       2.5346317       8.8597835   6.9993917e-19   2.8158947e-19
       2.5368186       8.8714454   7.0053744e-19   2.8115132e-19
       2.5390055       8.8831701   7.0113866e-19   2.8071208e-19
       2.5411924       8.8949580   7.0174287e-19   2.8027175e-19
       2.5433793       8.9068099   7.0235008e-19   2.7983033e-19
       2.5455662       8.9187263   7.0296033e-19   2.7938779e-19
       2.5477531       8.9307078   7.0357364e-19   2.7894415e-19
       2.5499401       8.9427552   7.0419004e-19   2.7849938e-19
       2.5521270       8.9548690   7.0480957e-19   2.7805348e-19
       2.5543139       8.9670498   7.0543224e-19   2.7760644e-19
       2.5565008       8.9792985   7.0605809e-19   2.7715826e-19
       2.5586877       8.9916155   7.0668716e-19   2.7670893e-19
       2.5608746       9.0040016   7.0731946e-19   2.7625844e-19
       2.5630615       9.0164575   7.0795504e-19   2.7580677e-19
       2.5652484       9.0289839   7.0859392e-19   2.7535393e-19
       2.5674354       9.0415815   7.0923614e-19   2.7489991e-19
       2.5696223       9.0542511   7.0988172e-19   2.7444469e-19
       2.5718092       9.0669932   7.1053070e-19   2.7398826e-19
       2.5739961       9.0798088   7.1118312e-19   2.7353063e-19
       2.5761830       9.0926985   7.1183900e-19   2.7307177e-19
       2.5783699       9.1056631   7.1249839e-19   2.7261169e-19
       2.5805568       9.1187034   7.1316131e-19   2.7215036e-19
       2.5827437       9.1318201   7.1382780e-19   2.7168779e-19
       2.5849307       9.1450142   7.1449790e-19   2.7122397e-19
       2.5871176       9.1582863   7.1517164e-19   2.7075888e-19
       2.5893045       9.1716372   7.1584907e-19   2.7029251e-19
       2.5914914       9.1850680   7.1653020e-19   2.6982486e-19
       2.5936783       9.1985793   7.1721510e-19   2.6935591e-19
       2.5958652       9.2121720   7.1790379e-19   2.6888566e-19
       2.5980521       9.2258471   7.1859631e-19   2.6841410e-19
       2.6002390       9.2396054   7.1929270e-19   2.6794121e-19
       2.6024260       9.2534478   7.1999300e-19   2.6746699e-19
       2.6046129       9.2673752   7.2069726e-19   2.6699143e-19
       2.6067998       9.2813885   7.2140551e-19   2.6651451e-19
       2.6089867       9.2954888   7.2211780e-19   2.6603622e-19
       2.6111736       9.3096769   7.2283417e-19   2.6555656e-19
       2.6133605       9.3239538   7.2355466e-19   2.6507551e-19
       2.6155474       9.3383206   7.2427932e-19   2.6459307e-19
       2.6177343       9.3527782   7.2500819e-19   2.6410921e-19
       2.6199213       9.3673276   7.2574131e-19   2.6362394e-19
       2.6221082       9.3819700   7.2647874e-19   2.6313724e-19
       2.6242951       9.3967063   7.2722052e-19   2.6264909e-19
       2.6264820       9.4115376   7.2796669e-19   2.6215949e-19
       2.6286689       9.4264650   7.2871732e-19   2.6166843e-19
       2.6308558       9.4414896   7.2947243e-19   2.6117588e-19
       2.6330427       9.4566126   7.3023210e-19   2.6068185e-19
       2.6352296       9.4718351   7.3099636e-19   2.6018631e-19
       2.6374166       9.4871583   7.3176526e-19   2.5968926e-19
       2.6396035       9.5025833   7.3253887e-19   2.5919069e-19
       2.6417904       9.5181113   7.3331723e-19   2.5869057e-19
       2.6439773       9.5337437   7.3410040e-19   2.5818890e-19
       2.6461642       9.5494816   7.3488843e-19   2.5768566e-19
       2.6483511       9.5653263   7.3568138e-19   2.5718085e-19
       2.6505380       9.5812790   7.3647930e-19   2.5667444e-19
       2.6527249       9.5973412   7.3728226e-19   2.5616643e-19
       2.6549119       9.6135142   7.3809031e-19   2.5565679e-19
       2.6570988       9.6297992   7.3890352e-19   2.5514552e-19
       2.6592857       9.6461978   7.3972194e-19   2.5463261e-19
       2.6614726       9.6627112   7.4054564e-19   2.5411802e-19
       2.6636595       9.6793410   7.4137467e-19   2.5360177e-19
       2.6658464       9.6960885   7.4220911e-19   2.5308382e-19
       2.6680333       9.7129554   7.4304902e-19   2.5256416e-19
       2.6702202       9.7299431   7.4389447e-19   2.5204278e-19
       2.6724072       9.7470531   7.4474551e-19   2.5151966e-19
       2.6745941       9.7642870   7.4560223e-19   2.5099478e-19
       2.6767810       9.7816464   7.4646470e-19   2.5046814e-19
       2.6789679       9.7991330   7.4733297e-19   2.4993971e-19
       2.6811548       9.8167484   7.4820714e-19   2.4940947e-19
       2.6833417       9.8344943   7.4908727e-19   2.4887742e-19
       2.6855286       9.8523724   7.4997343e-19   2.4834353e-19
       2.6877155       9.8703845   7.5086571e-19   2.4780779e-19
       2.6899025       9.8885324   7.5176418e-19   2.4727017e-19
       2.6920894       9.9068179   7.5266892e-19   2.4673067e-19
       2.6942763       9.9252428   7.5358001e-19   2.4618925e-19
       2.6964632       9.9438090   7.5449754e-19   2.4564592e-19
       2.6986501       9.9625186   7.5542160e-19   2.4510064e-19
       2.7008370       9.9813734   7.5635226e-19   2.4455339e-19
       2.7030239       10.000376   7.5728961e-19   2.4400417e-19
       2.7052108       10.019527   7.5823375e-19   2.4345294e-19
       2.7073978       10.038830   7.5918476e-19   2.4289969e-19
       2.7095847       10.058286   7.6014275e-19   2.4234440e-19
       2.7117716       10.077898   7.6110779e-19   2.4178704e-19
       2.7139585       10.097669   7.6208000e-19   2.4122761e-19
       2.7161454       10.117599   7.6305947e-19   2.4066607e-19
       2.7183323       10.137692   7.6404630e-19   2.4010240e-19
       2.7205192       10.157950   7.6504059e-19   2.3953659e-19
       2.7227061       10.178375   7.6604245e-19   2.3896860e-19
       2.7248931       10.198970   7.6705198e-19   2.3839843e-19
       2.7270800       10.219737   7.6806930e-19   2.3782604e-19
       2.7292669       10.240679   7.6909451e-19   2.3725141e-19
       2.7314538       10.261799   7.7012774e-19   2.3667452e-19
       2.7336407       10.283099   7.7116909e-19   2.3609534e-19
       2.7358276       10.304582   7.7221868e-19   2.3551385e-19
       2.7380145       10.326250   7.7327665e-19   2.3493003e-19
       2.7402014       10.348107   7.7434310e-19   2.3434384e-19
       2.7423884       10.370156   7.7541817e-19   2.3375526e-19
       2.7445753       10.392400   7.7650199e-19   2.3316428e-19
       2.7467622       10.414841   7.7759468e-19   2.3257085e-19
       2.7489491       10.437482   7.7869640e-19   2.3197495e-19
       2.7511360       10.460328   7.7980726e-19   2.3137655e-19
       2.7533229       10.483381   7.8092742e-19   2.3077564e-19
       2.7555098       10.506645   7.8205702e-19   2.3017216e-19
       2.7576967       10.530122   7.8319620e-19   2.2956611e-19
       2.7598837       10.553818   7.8434513e-19   2.2895744e-19
       2.7620706       10.577734   7.8550395e-19   2.2834613e-19
       2.7642575       10.601875   7.8667282e-19   2.2773215e-19
       2.7664444       10.626245   7.8785190e-19   2.2711545e-19
       2.7686313       10.650848   7.8904137e-19   2.2649602e-19
       2.7708182       10.675687   7.9024138e-19   2.2587382e-19
       2.7730051       10.700766   7.9145212e-19   2.2524882e-19
       2.7751920       10.726090   7.9267377e-19   2.2462097e-19
       2.7773790       10.751664   7.9390650e-19   2.2399025e-19
       2.7795659       10.777490   7.9515050e-19   2.2335662e-19
       2.7817528       10.803574   7.9640597e-19   2.2272004e-19
       2.7839397       10.829921   7.9767310e-19   2.2208047e-19
       2.7861266       10.856535   7.9895209e-19   2.2143789e-19
       2.7883135       10.883421   8.0024315e-19   2.2079225e-19
       2.7905004       10.910584   8.0154650e-19   2.2014350e-19
       2.7926873       10.938029   8.0286234e-19   2.1949161e-19
       2.7948743       10.965761   8.0419091e-19   2.1883655e-19
       2.7970612       10.993786   8.0553243e-19   2.1817826e-19
       2.7992481       11.022110   8.0688714e-19   2.1751670e-19
       2.8014350       11.050737   8.0825528e-19   2.1685183e-19
       2.8036219       11.079674   8.0963709e-19   2.1618361e-19
       2.8058088       11.108926   8.1103283e-19   2.1551198e-19
       2.8079957       11.138501   8.1244277e-19   2.1483691e-19
       2.8101827       11.168404   8.1386717e-19   2.1415834e-19
       2.8123696       11.198641   8.1530631e-19   2.1347622e-19
       2.8145565       11.229220   8.1676046e-19   2.1279051e-19
       2.8167434       11.260148   8.1822994e-19   2.1210115e-19
       2.8189303       11.291430   8.1971503e-19   2.1140809e-19
       2.8211172       11.323076   8.2121604e-19   2.1071128e-19
       2.8233041       11.355092   8.2273329e-19   2.1001066e-19
       2.8254910       11.387486   8.2426712e-19   2.0930617e-19
       2.8254910       11.866695   2.7434935e-18   6.4594839e-19
       2.8276780       11.900612   2.8507729e-18   6.6770407e-19
       2.8298649       11.937407   2.9615739e-18   6.8974103e-19
       2.8320518       11.977319   3.0759257e-18   7.1200281e-19
       2.8342387       12.020608   3.1938454e-18   7.3442465e-19
       2.8364256       12.067555   3.3153363e-18   7.5693293e-19
       2.8386125       12.118462   3.4403864e-18   7.7944468e-19
       2.8407994       12.173655   3.5689661e-18   8.0186716e-19
       2.8429863       12.233485   3.7010264e-18   8.2409752e-19
       2.8451733       12.298331   3.8364968e-18   8.4602263e-19
       2.8473602       12.368598   3.9752832e-18   8.6751907e-19
       2.8495471       12.444720   4.1172656e-18   8.8845330e-19
       2.8517340       12.527165   4.2622963e-18   9.0868212e-19
       2.8539209       12.616431   4.4101979e-18   9.2805340e-19
       2.8561078       12.713048   4.5607611e-18   9.4640719e-19
       2.8582947       12.817584   4.7137438e-18   9.6357713e-19
       2.8604816       12.930638   4.8688694e-18   9.7939234e-19
       2.8626686       13.052845   5.0258261e-18   9.9367970e-19
       2.8648555       13.184876   5.1842666e-18   1.0062666e-18
       2.8670424       13.327431   5.3438085e-18   1.0169842e-18
       2.8692293       13.481245   5.5040351e-18   1.0256708e-18
       2.8714162       13.647078   5.6644974e-18   1.0321760e-18
       2.8736031       13.825716   5.8247161e-18   1.0363647e-18
       2.8757900       14.017959   5.9841855e-18   1.0381212e-18
       2.8779769       14.224620   6.1423769e-18   1.0373541e-18
       2.8801639       14.446510   6.2987434e-18   1.0339995e-18
       2.8823508       14.684429   6.4527250e-18   1.0280250e-18
       2.8845377       14.939148   6.6037533e-18   1.0194328e-18
       2.8867246       15.211397   6.7512560e-18   1.0082611e-18
       2.8889115       15.501839   6.8946613e-18   9.9458566e-19
       2.8910984       15.811048   7.0333996e-18   9.7851891e-19
       2.8932853       16.139487   7.1669041e-18   9.6020856e-19
       2.8954722       16.487473   7.2946080e-18   9.3983419e-19
       2.8976592       16.855152   7.4159389e-18   9.1760280e-19
       2.8998461       17.242461   7.5303084e-18   8.9374292e-19
       2.9020330       17.649103   7.6370989e-18   8.6849782e-19
       2.9042199       18.074511   7.7356449e-18   8.4211807e-19
       2.9064068       18.517825   7.8252126e-18   8.1485377e-19
       2.9085937       18.977868   7.9049772e-18   7.8694699e-19
       2.9107806       19.453136   7.9740010e-18   7.5862495e-19
       2.9129675       19.941789   8.0312157e-18   7.3009415e-19
       2.9151545       20.441667   8.0754135e-18   7.0153608e-19
       2.9173414       20.950305   8.1052505e-18   6.7310470e-19
       2.9195283       21.464974   8.1192694e-18   6.4492582e-19
       2.9217152       21.982730   8.1159428e-18   6.1709846e-19
       2.9239021       22.500481   8.0937426e-18   5.8969789e-19
       2.9260890       23.015053   8.0512312e-18   5.6278020e-19
       2.9282759       23.523280   7.9871718e-18   5.3638759e-19
       2.9304628       24.022081   7.9006469e-18   5.1055396e-19
       2.9326498       24.508542   7.7911720e-18   4.8530999e-19
       2.9348367       24.979992   7.6587891e-18   4.6068710e-19
       2.9370236       25.434063   7.5041249e-18   4.3671992e-19
       2.9392105       25.868740   7.3284031e-18   4.1344696e-19
       2.9413974       26.282395   7.1334072e-18   3.9090970e-19
       2.9435843       26.673796   6.9213980e-18   3.6915049e-19
       2.9457712       27.042114   6.6949947e-18   3.4820970e-19
       2.9479581       27.386901   6.4570373e-18   3.2812285e-19
       2.9501451       27.708064   6.2104457e-18   3.0891803e-19
       2.9523320       28.005829   5.9580901e-18   2.9061414e-19
       2.9545189       28.280698   5.7026833e-18   2.7322001e-19
       2.9567058       28.533401   5.4467011e-18   2.5673428e-19
       2.9588927       28.764850   5.1923313e-18   2.4114614e-19
       2.9610796       28.976098   4.9414485e-18   2.2643641e-19
       2.9632665       29.168292   4.6956112e-18   2.1257903e-19
       2.9654534       29.342640   4.4560742e-18   1.9954264e-19
       2.9676404       29.500377   4.2238129e-18   1.8729202e-19
       2.9698273       29.642741   3.9995527e-18   1.7578949e-19
       2.9720142       29.770947   3.7838019e-18   1.6499610e-19
       2.9742011       29.886174   3.5768841e-18   1.5487254e-19
       2.9763880       29.989551   3.3789695e-18   1.4537993e-19
       2.9785749       30.082147   3.1901021e-18   1.3648038e-19
       2.9807618       30.164966   3.0102254e-18   1.2813732e-19
       2.9829487       30.238944   2.8392034e-18   1.2031585e-19
       2.9851357       30.304948   2.6768388e-18   1.1298285e-19
       2.9873226       30.363777   2.5228884e-18   1.0610705e-19
       2.9895095       30.416161   2.3770755e-18   9.9659043e-20
       2.9916964       30.462769   2.2391003e-18   9.3611277e-20
       2.9938833       30.504206   2.1086482e-18   8.7937971e-20
       2.9960702       30.541022   1.9853963e-18   8.2615044e-20
       2.9982571       30.573714   1.8690188e-18   7.7620025e-20
       3.0004440       30.602728   1.7591908e-18   7.2931953e-20
       3.0026310       30.628466   1.6555921e-18   6.8531286e-20
       3.0048179       30.651288   1.5579089e-18   6.4399799e-20
       3.0070048       30.671519   1.4658359e-18   6.0520496e-20
       3.0091917       30.689445   1.3790778e-18   5.6877522e-20
       3.0113786       30.705326   1.2973498e-18   5.3456078e-20
       3.0135655       30.719390   1.2203785e-18   5.0242350e-20
       3.0157524       30.731844   1.1479021e-18   4.7223431e-20
       3.0179393       30.742868   1.0796705e-18   4.4387261e-20
       3.0201263       30.752627   1.0154454e-18   4.1722563e-20
       3.0223132       30.761262   9.5499988e-19   3.9218789e-20
       3.0245001       30.768904   8.9811863e-19   3.6866067e-20
       3.0266870       30.775664   8.4459724e-19   3.4655154e-20
       3.0288739       30.781645   7.9424206e-19   3.2577394e-20
       3.0310608       30.786936   7.4686977e-19   3.0624676e-20
       3.0332477       30.791615   7.0230695e-19   2.8789398e-20
       3.0354346       30.795754   6.6038973e-19   2.7064432e-20
       3.0376216       30.799414   6.2096330e-19   2.5443093e-20
       3.0398085       30.802651   5.8388154e-19   2.3919112e-20
       3.0419954       30.805513   5.4900656e-19   2.2486604e-20
       3.0441823       30.808043   5.1620833e-19   2.1140046e-20
       3.0463692       30.810281   4.8536425e-19   1.9874256e-20
       3.0485561       30.812260   4.5635879e-19   1.8684367e-20
       3.0507430       30.814009   4.2908309e-19   1.7565810e-20
       3.0529299       30.815555   4.0343460e-19   1.6514292e-20
       3.0551169       30.816923   3.7931675e-19   1.5525783e-20
       3.0573038       30.818131   3.5663862e-19   1.4596497e-20
       3.0594907       30.819200   3.3531463e-19   1.3722876e-20
       3.0616776       30.820145   3.1526420e-19   1.2901580e-20
       3.0638645       30.820980   2.9641151e-19   1.2129467e-20
       3.0660514       30.821718   2.7868522e-19   1.1403588e-20
       3.0682383       30.822371   2.6201819e-19   1.0721170e-20
       3.0704252       30.822948   2.4634727e-19   1.0079607e-20
       3.0726122       30.823458   2.3161304e-19   9.4764498e-21
       3.0747991       30.823908   2.1775960e-19   8.9093973e-21
       3.0769860       30.824307   2.0473439e-19   8.3762863e-21
       3.0791729       30.824659   1.9248794e-19   7.8750833e-21
       3.0813598       30.824971   1.8097377e-19   7.4038773e-21
       3.0835467       30.825246   1.7014812e-19   6.9608716e-21
       3.0857336       30.825489   1.5996986e-19   6.5443777e-21
       3.0879205       30.825704   1.5040031e-19   6.1528081e-21
       3.0901075       30.825894   1.4140309e-19   5.7846706e-21
       3.0922944       30.826062   1.3294400e-19   5.4385624e-21
       3.0944813       30.826211   1.2499086e-19   5.1131649e-21
       3.0966682       30.826342   1.1751343e-19   4.8072383e-21
       3.0988551       30.826458   1.1048326e-19   4.5196172e-21
       3.1010420       30.826561   1.0387362e-19   4.2492060e-21
       3.1032289       30.826652   9.7659362e-20   3.9949748e-21
       3.1054158       30.826732   9.1816834e-20   3.7559552e-21
       3.1076028       30.826803   8.6323810e-20   3.5312370e-21
       3.1097897       30.826865   8.1159386e-20   3.3199642e-21
       3.1119766       30.826921   7.6303910e-20   3.1213323e-21
       3.1141635       30.826970   7.1738903e-20   2.9345849e-21
       3.1163504       30.827013   6.7446991e-20   2.7590109e-21
       3.1185373       30.827051   6.3411839e-20   2.5939416e-21
       3.1207242       30.827085   5.9618088e-20   2.4387485e-21
       3.1229111       30.827115   5.6051299e-20   2.2928407e-21
       3.1250981       30.827141   5.2697894e-20   2.1556626e-21
       3.1272850       30.827164   4.9545110e-20   2.0266918e-21
       3.1294719       30.827185   4.6580944e-20   1.9054373e-21
       3.1316588       30.827203   4.3794113e-20   1.7914374e-21
       3.1338457       30.827219   4.1174009e-20   1.6842581e-21
       3.1360326       30.827234   3.8710657e-20   1.5834912e-21
       3.1382195       30.827246   3.6394680e-20   1.4887532e-21
       3.1404064       30.827257   3.4217261e-20   1.3996832e-21
