    0.0011064689       5.0037930   4.7075598e-19   5.5420865e-19
     0.012171158       5.0088192   4.7106466e-19   5.5355224e-19
     0.023235848       5.0138644   4.7137440e-19   5.5289477e-19
     0.034300537       5.0189289   4.7168520e-19   5.5223625e-19
     0.045365226       5.0240128   4.7199709e-19   5.5157665e-19
     0.056429916       5.0291161   4.7231005e-19   5.5091599e-19
     0.067494605       5.0342391   4.7262411e-19   5.5025426e-19
     0.078559294       5.0393818   4.7293926e-19   5.4959144e-19
     0.089623983       5.0445444   4.7325552e-19   5.4892754e-19
      0.10068867       5.0497270   4.7357289e-19   5.4826256e-19
      0.11175336       5.0549298   4.7389138e-19   5.4759647e-19
      0.12281805       5.0601529   4.7421099e-19   5.4692929e-19
      0.13388274       5.0653964   4.7453173e-19   5.4626101e-19
      0.14494743       5.0706604   4.7485361e-19   5.4559161e-19
      0.15601212       5.0759452   4.7517664e-19   5.4492110e-19
      0.16707681       5.0812509   4.7550083e-19   5.4424947e-19
      0.17814150       5.0865775   4.7582617e-19   5.4357671e-19
      0.18920619       5.0919253   4.7615269e-19   5.4290283e-19
      0.20027088       5.0972944   4.7648038e-19   5.4222781e-19
      0.21133557       5.1026849   4.7680926e-19   5.4155165e-19
      0.22240026       5.1080970   4.7713934e-19   5.4087434e-19
      0.23346494       5.1135309   4.7747061e-19   5.4019588e-19
      0.24452963       5.1189866   4.7780309e-19   5.3951626e-19
      0.25559432       5.1244644   4.7813679e-19   5.3883548e-19
      0.26665901       5.1299644   4.7847172e-19   5.3815353e-19
      0.27772370       5.1354868   4.7880787e-19   5.3747041e-19
      0.28878839       5.1410317   4.7914527e-19   5.3678610e-19
      0.29985308       5.1465993   4.7948392e-19   5.3610062e-19
      0.31091777       5.1521897   4.7982383e-19   5.3541394e-19
      0.32198246       5.1578031   4.8016501e-19   5.3472606e-19
      0.33304715       5.1634397   4.8050746e-19   5.3403698e-19
      0.34411184       5.1690997   4.8085119e-19   5.3334670e-19
      0.35517653       5.1747831   4.8119622e-19   5.3265519e-19
      0.36624122       5.1804903   4.8154255e-19   5.3196247e-19
      0.37730591       5.1862213   4.8189020e-19   5.3126852e-19
      0.38837059       5.1919763   4.8223916e-19   5.3057334e-19
      0.39943528       5.1977555   4.8258945e-19   5.2987692e-19
      0.41049997       5.2035592   4.8294108e-19   5.2917926e-19
      0.42156466       5.2093874   4.8329406e-19   5.2848034e-19
      0.43262935       5.2152403   4.8364840e-19   5.2778017e-19
      0.44369404       5.2211182   4.8400410e-19   5.2707873e-19
      0.45475873       5.2270212   4.8436118e-19   5.2637602e-19
      0.46582342       5.2329495   4.8471965e-19   5.2567204e-19
      0.47688811       5.2389033   4.8507952e-19   5.2496677e-19
      0.48795280       5.2448827   4.8544079e-19   5.2426021e-19
      0.49901749       5.2508881   4.8580347e-19   5.2355236e-19
      0.51008218       5.2569195   4.8616759e-19   5.2284320e-19
      0.52114687       5.2629773   4.8653313e-19   5.2213274e-19
      0.53221156       5.2690615   4.8690013e-19   5.2142096e-19
      0.54327625       5.2751723   4.8726859e-19   5.2070785e-19
      0.55434093       5.2813101   4.8763851e-19   5.1999341e-19
      0.56540562       5.2874749   4.8800991e-19   5.1927764e-19
      0.57647031       5.2936671   4.8838280e-19   5.1856053e-19
      0.58753500       5.2998868   4.8875720e-19   5.1784206e-19
      0.59859969       5.3061342   4.8913310e-19   5.1712223e-19
      0.60966438       5.3124095   4.8951053e-19   5.1640104e-19
      0.62072907       5.3187130   4.8988949e-19   5.1567848e-19
      0.63179376       5.3250449   4.9027000e-19   5.1495454e-19
      0.64285845       5.3314054   4.9065206e-19   5.1422920e-19
      0.65392314       5.3377947   4.9103570e-19   5.1350248e-19
      0.66498783       5.3442131   4.9142091e-19   5.1277435e-19
      0.67605252       5.3506608   4.9180772e-19   5.1204481e-19
      0.68711721       5.3571380   4.9219613e-19   5.1131386e-19
      0.69818190       5.3636450   4.9258616e-19   5.1058148e-19
      0.70924659       5.3701820   4.9297782e-19   5.0984767e-19
      0.72031127       5.3767493   4.9337112e-19   5.0911241e-19
      0.73137596       5.3833470   4.9376607e-19   5.0837571e-19
      0.74244065       5.3899755   4.9416269e-19   5.0763755e-19
      0.75350534       5.3966350   4.9456099e-19   5.0689793e-19
      0.76457003       5.4033257   4.9496099e-19   5.0615683e-19
      0.77563472       5.4100480   4.9536269e-19   5.0541425e-19
      0.78669941       5.4168020   4.9576611e-19   5.0467018e-19
      0.79776410       5.4235880   4.9617126e-19   5.0392462e-19
      0.80882879       5.4304063   4.9657816e-19   5.0317755e-19
      0.81989348       5.4372572   4.9698682e-19   5.0242896e-19
      0.83095817       5.4441409   4.9739725e-19   5.0167885e-19
      0.84202286       5.4510578   4.9780947e-19   5.0092721e-19
      0.85308755       5.4580080   4.9822350e-19   5.0017403e-19
      0.86415224       5.4649919   4.9863934e-19   4.9941930e-19
      0.87521692       5.4720098   4.9905701e-19   4.9866301e-19
      0.88628161       5.4790619   4.9947653e-19   4.9790515e-19
      0.89734630       5.4861485   4.9989791e-19   4.9714572e-19
      0.90841099       5.4932700   5.0032117e-19   4.9638470e-19
      0.91947568       5.5004266   5.0074632e-19   4.9562208e-19
      0.93054037       5.5076187   5.0117338e-19   4.9485786e-19
      0.94160506       5.5148465   5.0160236e-19   4.9409203e-19
      0.95266975       5.5221104   5.0203328e-19   4.9332457e-19
      0.96373444       5.5294107   5.0246615e-19   4.9255548e-19
      0.97479913       5.5367477   5.0290100e-19   4.9178475e-19
      0.98586382       5.5441217   5.0333783e-19   4.9101237e-19
      0.99692851       5.5515330   5.0377667e-19   4.9023832e-19
       1.0079932       5.5589820   5.0421753e-19   4.8946260e-19
       1.0190579       5.5664691   5.0466042e-19   4.8868520e-19
       1.0301226       5.5739945   5.0510538e-19   4.8790610e-19
       1.0411873       5.5815586   5.0555240e-19   4.8712531e-19
       1.0522520       5.5891617   5.0600152e-19   4.8634279e-19
       1.0633166       5.5968043   5.0645274e-19   4.8555856e-19
       1.0743813       5.6044866   5.0690609e-19   4.8477259e-19
       1.0854460       5.6122090   5.0736159e-19   4.8398487e-19
       1.0965107       5.6199720   5.0781925e-19   4.8319540e-19
       1.1075754       5.6277758   5.0827909e-19   4.8240416e-19
       1.1186401       5.6356208   5.0874114e-19   4.8161114e-19
       1.1297048       5.6435075   5.0920540e-19   4.8081634e-19
       1.1407695       5.6514362   5.0967191e-19   4.8001973e-19
       1.1518342       5.6594072   5.1014068e-19   4.7922131e-19
       1.1628988       5.6674211   5.1061172e-19   4.7842107e-19
       1.1739635       5.6754782   5.1108507e-19   4.7761899e-19
       1.1850282       5.6835790   5.1156074e-19   4.7681506e-19
       1.1960929       5.6917237   5.1203875e-19   4.7600928e-19
       1.2071576       5.6999129   5.1251913e-19   4.7520162e-19
       1.2182223       5.7081470   5.1300189e-19   4.7439208e-19
       1.2292870       5.7164264   5.1348705e-19   4.7358064e-19
       1.2403517       5.7247515   5.1397465e-19   4.7276730e-19
       1.2514164       5.7331228   5.1446469e-19   4.7195204e-19
       1.2624811       5.7415407   5.1495721e-19   4.7113484e-19
       1.2735457       5.7500058   5.1545223e-19   4.7031570e-19
       1.2846104       5.7585184   5.1594976e-19   4.6949459e-19
       1.2956751       5.7670790   5.1644984e-19   4.6867152e-19
       1.3067398       5.7756881   5.1695248e-19   4.6784646e-19
       1.3178045       5.7843463   5.1745772e-19   4.6701940e-19
       1.3288692       5.7930538   5.1796557e-19   4.6619033e-19
       1.3399339       5.8018114   5.1847606e-19   4.6535923e-19
       1.3509986       5.8106194   5.1898922e-19   4.6452610e-19
       1.3620633       5.8194784   5.1950507e-19   4.6369090e-19
       1.3731279       5.8283889   5.2002363e-19   4.6285365e-19
       1.3841926       5.8373515   5.2054494e-19   4.6201430e-19
       1.3952573       5.8463666   5.2106902e-19   4.6117286e-19
       1.4063220       5.8554348   5.2159589e-19   4.6032931e-19
       1.4173867       5.8645566   5.2212559e-19   4.5948364e-19
       1.4284514       5.8737327   5.2265814e-19   4.5863582e-19
       1.4395161       5.8829635   5.2319357e-19   4.5778584e-19
       1.4505808       5.8922497   5.2373191e-19   4.5693370e-19
       1.4616455       5.9015918   5.2427319e-19   4.5607936e-19
       1.4727101       5.9109904   5.2481744e-19   4.5522282e-19
       1.4837748       5.9204462   5.2536468e-19   4.5436407e-19
       1.4948395       5.9299596   5.2591495e-19   4.5350307e-19
       1.5059042       5.9395315   5.2646828e-19   4.5263983e-19
       1.5169689       5.9491623   5.2702469e-19   4.5177432e-19
       1.5280336       5.9588527   5.2758423e-19   4.5090652e-19
       1.5390983       5.9686034   5.2814692e-19   4.5003642e-19
       1.5501630       5.9784151   5.2871280e-19   4.4916400e-19
       1.5612277       5.9882883   5.2928189e-19   4.4828925e-19
       1.5722924       5.9982238   5.2985424e-19   4.4741214e-19
       1.5833570       6.0082223   5.3042987e-19   4.4653266e-19
       1.5944217       6.0182844   5.3100883e-19   4.4565080e-19
       1.6054864       6.0284109   5.3159114e-19   4.4476652e-19
       1.6165511       6.0386025   5.3217684e-19   4.4387982e-19
       1.6276158       6.0488599   5.3276597e-19   4.4299067e-19
       1.6386805       6.0591840   5.3335857e-19   4.4209907e-19
       1.6497452       6.0695753   5.3395467e-19   4.4120498e-19
       1.6608099       6.0800348   5.3455431e-19   4.4030838e-19
       1.6718746       6.0905632   5.3515753e-19   4.3940927e-19
       1.6829392       6.1011613   5.3576437e-19   4.3850761e-19
       1.6940039       6.1118299   5.3637486e-19   4.3760340e-19
       1.7050686       6.1225698   5.3698906e-19   4.3669660e-19
       1.7161333       6.1333819   5.3760699e-19   4.3578720e-19
       1.7271980       6.1442670   5.3822871e-19   4.3487517e-19
       1.7382627       6.1552260   5.3885425e-19   4.3396051e-19
       1.7493274       6.1662598   5.3948366e-19   4.3304317e-19
       1.7603921       6.1773693   5.4011698e-19   4.3212315e-19
       1.7714568       6.1885553   5.4075425e-19   4.3120042e-19
       1.7825214       6.1998189   5.4139553e-19   4.3027495e-19
       1.7935861       6.2111609   5.4204086e-19   4.2934674e-19
       1.8046508       6.2225823   5.4269028e-19   4.2841574e-19
       1.8157155       6.2340842   5.4334384e-19   4.2748194e-19
       1.8267802       6.2456674   5.4400159e-19   4.2654532e-19
       1.8378449       6.2573330   5.4466359e-19   4.2560585e-19
       1.8489096       6.2690821   5.4532987e-19   4.2466351e-19
       1.8599743       6.2809156   5.4600050e-19   4.2371827e-19
       1.8710390       6.2928347   5.4667552e-19   4.2277011e-19
       1.8821037       6.3048404   5.4735499e-19   4.2181900e-19
       1.8931683       6.3169339   5.4803895e-19   4.2086491e-19
       1.9042330       6.3291163   5.4872747e-19   4.1990783e-19
       1.9152977       6.3413887   5.4942061e-19   4.1894772e-19
       1.9263624       6.3537523   5.5011841e-19   4.1798456e-19
       1.9374271       6.3662083   5.5082094e-19   4.1701832e-19
       1.9484918       6.3787578   5.5152825e-19   4.1604897e-19
       1.9595565       6.3914023   5.5224040e-19   4.1507649e-19
       1.9706212       6.4041428   5.5295746e-19   4.1410084e-19
       1.9816859       6.4169807   5.5367949e-19   4.1312201e-19
       1.9927505       6.4299174   5.5440655e-19   4.1213994e-19
       2.0038152       6.4429540   5.5513871e-19   4.1115463e-19
       2.0148799       6.4560921   5.5587602e-19   4.1016604e-19
       2.0259446       6.4693330   5.5661857e-19   4.0917413e-19
       2.0370093       6.4826780   5.5736641e-19   4.0817889e-19
       2.0480740       6.4961287   5.5811961e-19   4.0718026e-19
       2.0591387       6.5096865   5.5887826e-19   4.0617823e-19
       2.0702034       6.5233530   5.5964241e-19   4.0517276e-19
       2.0812681       6.5371296   5.6041214e-19   4.0416382e-19
       2.0923327       6.5510179   5.6118753e-19   4.0315137e-19
       2.1033974       6.5650196   5.6196865e-19   4.0213538e-19
       2.1144621       6.5791361   5.6275559e-19   4.0111582e-19
       2.1255268       6.5933693   5.6354842e-19   4.0009265e-19
       2.1365915       6.6077208   5.6434722e-19   3.9906583e-19
       2.1476562       6.6221923   5.6515207e-19   3.9803532e-19
       2.1587209       6.6367857   5.6596307e-19   3.9700110e-19
       2.1697856       6.6515026   5.6678029e-19   3.9596313e-19
       2.1808503       6.6663450   5.6760383e-19   3.9492135e-19
       2.1919150       6.6813147   5.6843377e-19   3.9387574e-19
       2.2029796       6.6964137   5.6927020e-19   3.9282626e-19
       2.2140443       6.7116439   5.7011323e-19   3.9177287e-19
       2.2251090       6.7270074   5.7096294e-19   3.9071552e-19
       2.2361737       6.7425062   5.7181943e-19   3.8965417e-19
       2.2472384       6.7581424   5.7268281e-19   3.8858879e-19
       2.2583031       6.7739181   5.7355317e-19   3.8751933e-19
       2.2693678       6.7898355   5.7443062e-19   3.8644573e-19
       2.2804325       6.8058970   5.7531526e-19   3.8536797e-19
       2.2914972       6.8221047   5.7620721e-19   3.8428600e-19
       2.3025618       6.8384611   5.7710657e-19   3.8319976e-19
       2.3136265       6.8549685   5.7801345e-19   3.8210921e-19
       2.3246912       6.8716294   5.7892799e-19   3.8101431e-19
       2.3357559       6.8884463   5.7985028e-19   3.7991500e-19
       2.3468206       6.9054218   5.8078046e-19   3.7881124e-19
       2.3578853       6.9225585   5.8171865e-19   3.7770297e-19
       2.3689500       6.9398592   5.8266498e-19   3.7659014e-19
       2.3800147       6.9573266   5.8361957e-19   3.7547270e-19
       2.3910794       6.9749635   5.8458256e-19   3.7435060e-19
       2.4021441       6.9927728   5.8555408e-19   3.7322379e-19
       2.4132087       7.0107576   5.8653428e-19   3.7209220e-19
       2.4242734       7.0289208   5.8752330e-19   3.7095578e-19
       2.4353381       7.0472656   5.8852128e-19   3.6981447e-19
       2.4464028       7.0657953   5.8952838e-19   3.6866821e-19
       2.4574675       7.0845130   5.9054474e-19   3.6751695e-19
       2.4685322       7.1034221   5.9157053e-19   3.6636062e-19
       2.4795969       7.1225262   5.9260590e-19   3.6519916e-19
       2.4906616       7.1418287   5.9365102e-19   3.6403251e-19
       2.5017263       7.1613334   5.9470607e-19   3.6286059e-19
       2.5127909       7.1810439   5.9577121e-19   3.6168335e-19
       2.5238556       7.2009640   5.9684662e-19   3.6050072e-19
       2.5349203       7.2210978   5.9793249e-19   3.5931262e-19
       2.5459850       7.2414493   5.9902900e-19   3.5811899e-19
       2.5570497       7.2620225   6.0013635e-19   3.5691975e-19
       2.5681144       7.2828219   6.0125473e-19   3.5571484e-19
       2.5791791       7.3038518   6.0238435e-19   3.5450416e-19
       2.5902438       7.3251167   6.0352542e-19   3.5328766e-19
       2.6013085       7.3466212   6.0467814e-19   3.5206524e-19
       2.6123731       7.3683702   6.0584274e-19   3.5083683e-19
       2.6234378       7.3903685   6.0701945e-19   3.4960235e-19
       2.6345025       7.4126212   6.0820850e-19   3.4836171e-19
       2.6455672       7.4351335   6.0941013e-19   3.4711482e-19
       2.6566319       7.4579108   6.1062458e-19   3.4586160e-19
       2.6676966       7.4809585   6.1185211e-19   3.4460196e-19
       2.6787613       7.5042824   6.1309297e-19   3.4333580e-19
       2.6898260       7.5278883   6.1434744e-19   3.4206304e-19
       2.7008907       7.5517823   6.1561579e-19   3.4078356e-19
       2.7119554       7.5759705   6.1689830e-19   3.3949728e-19
       2.7230200       7.6004595   6.1819527e-19   3.3820409e-19
       2.7340847       7.6252557   6.1950700e-19   3.3690390e-19
       2.7451494       7.6503661   6.2083380e-19   3.3559658e-19
       2.7562141       7.6757976   6.2217599e-19   3.3428204e-19
       2.7628529       7.6912137   6.2298882e-19   3.3348979e-19
       2.7639594       7.6937947   6.2312485e-19   3.3335749e-19
       2.7650659       7.6963790   6.2326104e-19   3.3322512e-19
       2.7661723       7.6989666   6.2339739e-19   3.3309267e-19
       2.7672788       7.7015576   6.2353389e-19   3.3296015e-19
       2.7683853       7.7041520   6.2367056e-19   3.3282756e-19
       2.7694917       7.7067497   6.2380739e-19   3.3269488e-19
       2.7705982       7.7093508   6.2394438e-19   3.3256214e-19
       2.7717047       7.7119553   6.2408153e-19   3.3242932e-19
       2.7728111       7.7145631   6.2421885e-19   3.3229642e-19
       2.7739176       7.7171744   6.2435633e-19   3.3216345e-19
       2.7750241       7.7197891   6.2449397e-19   3.3203040e-19
       2.7761305       7.7224072   6.2463177e-19   3.3189728e-19
       2.7772370       7.7250287   6.2476973e-19   3.3176409e-19
       2.7783435       7.7276536   6.2490786e-19   3.3163081e-19
       2.7794500       7.7302820   6.2504616e-19   3.3149747e-19
       2.7805564       7.7329138   6.2518462e-19   3.3136404e-19
       2.7816629       7.7355491   6.2532324e-19   3.3123054e-19
       2.7827694       7.7381878   6.2546203e-19   3.3109696e-19
       2.7838758       7.7408300   6.2560098e-19   3.3096331e-19
       2.7849823       7.7434757   6.2574010e-19   3.3082958e-19
       2.7860888       7.7461248   6.2587939e-19   3.3069578e-19
       2.7871952       7.7487775   6.2601884e-19   3.3056190e-19
       2.7883017       7.7514337   6.2615846e-19   3.3042794e-19
       2.7894082       7.7540933   6.2629825e-19   3.3029390e-19
       2.7905146       7.7567565   6.2643820e-19   3.3015979e-19
       2.7916211       7.7594232   6.2657832e-19   3.3002560e-19
       2.7927276       7.7620935   6.2671861e-19   3.2989133e-19
       2.7938341       7.7647672   6.2685907e-19   3.2975699e-19
       2.7949405       7.7674446   6.2699970e-19   3.2962257e-19
       2.7960470       7.7701255   6.2714050e-19   3.2948807e-19
       2.7971535       7.7728099   6.2728147e-19   3.2935349e-19
       2.7982599       7.7754980   6.2742261e-19   3.2921884e-19
       2.7993664       7.7781896   6.2756392e-19   3.2908411e-19
       2.8004729       7.7808848   6.2770540e-19   3.2894930e-19
       2.8015793       7.7835836   6.2784706e-19   3.2881441e-19
       2.8026858       7.7862860   6.2798888e-19   3.2867944e-19
       2.8037923       7.7889921   6.2813088e-19   3.2854440e-19
       2.8048987       7.7917017   6.2827305e-19   3.2840927e-19
       2.8060052       7.7944150   6.2841539e-19   3.2827407e-19
       2.8071117       7.7971320   6.2855790e-19   3.2813879e-19
       2.8082181       7.7998526   6.2870059e-19   3.2800343e-19
       2.8093246       7.8025768   6.2884346e-19   3.2786799e-19
       2.8104311       7.8053047   6.2898650e-19   3.2773247e-19
       2.8115376       7.8080363   6.2912971e-19   3.2759688e-19
       2.8126440       7.8107716   6.2927310e-19   3.2746120e-19
       2.8137505       7.8135106   6.2941666e-19   3.2732544e-19
       2.8148570       7.8162533   6.2956040e-19   3.2718961e-19
       2.8159634       7.8189997   6.2970432e-19   3.2705369e-19
       2.8170699       7.8217498   6.2984842e-19   3.2691769e-19
       2.8181764       7.8245036   6.2999269e-19   3.2678162e-19
       2.8192828       7.8272612   6.3013714e-19   3.2664546e-19
       2.8203893       7.8300226   6.3028176e-19   3.2650922e-19
       2.8214958       7.8327877   6.3042657e-19   3.2637291e-19
       2.8226022       7.8355565   6.3057156e-19   3.2623651e-19
       2.8237087       7.8383291   6.3071672e-19   3.2610003e-19
       2.8248152       7.8411056   6.3086206e-19   3.2596347e-19
       2.8259217       7.8438858   6.3100759e-19   3.2582683e-19
       2.8270281       7.8466698   6.3115329e-19   3.2569011e-19
       2.8281346       7.8494576   6.3129918e-19   3.2555331e-19
       2.8292411       7.8522492   6.3144525e-19   3.2541642e-19
       2.8303475       7.8550447   6.3159150e-19   3.2527945e-19
       2.8314540       7.8578440   6.3173793e-19   3.2514241e-19
       2.8325605       7.8606472   6.3188454e-19   3.2500528e-19
       2.8336669       7.8634542   6.3203134e-19   3.2486807e-19
       2.8347734       7.8662651   6.3217832e-19   3.2473077e-19
       2.8358799       7.8690798   6.3232548e-19   3.2459340e-19
       2.8369863       7.8718985   6.3247283e-19   3.2445594e-19
       2.8380928       7.8747210   6.3262037e-19   3.2431840e-19
       2.8391993       7.8775475   6.3276809e-19   3.2418077e-19
       2.8403057       7.8803778   6.3291599e-19   3.2404307e-19
       2.8414122       7.8832121   6.3306408e-19   3.2390528e-19
       2.8425187       7.8860503   6.3321236e-19   3.2376741e-19
       2.8436252       7.8888925   6.3336082e-19   3.2362945e-19
       2.8447316       7.8917386   6.3350947e-19   3.2349141e-19
       2.8458381       7.8945886   6.3365831e-19   3.2335329e-19
       2.8469446       7.8974427   6.3380734e-19   3.2321508e-19
       2.8480510       7.9003007   6.3395655e-19   3.2307679e-19
       2.8491575       7.9031627   6.3410596e-19   3.2293842e-19
       2.8502640       7.9060287   6.3425555e-19   3.2279996e-19
       2.8513704       7.9088987   6.3440534e-19   3.2266142e-19
       2.8524769       7.9117728   6.3455531e-19   3.2252279e-19
       2.8535834       7.9146508   6.3470548e-19   3.2238408e-19
       2.8546898       7.9175330   6.3485584e-19   3.2224529e-19
       2.8557963       7.9204191   6.3500638e-19   3.2210641e-19
       2.8569028       7.9233093   6.3515713e-19   3.2196744e-19
       2.8580092       7.9262036   6.3530806e-19   3.2182839e-19
       2.8591157       7.9291020   6.3545919e-19   3.2168926e-19
       2.8602222       7.9320045   6.3561051e-19   3.2155004e-19
       2.8613287       7.9349110   6.3576202e-19   3.2141073e-19
       2.8624351       7.9378217   6.3591373e-19   3.2127134e-19
       2.8635416       7.9407365   6.3606563e-19   3.2113186e-19
       2.8646481       7.9436554   6.3621773e-19   3.2099230e-19
       2.8657545       7.9465785   6.3637003e-19   3.2085265e-19
       2.8668610       7.9495057   6.3652252e-19   3.2071291e-19
       2.8679675       7.9524371   6.3667520e-19   3.2057309e-19
       2.8690739       7.9553727   6.3682809e-19   3.2043318e-19
       2.8701804       7.9583124   6.3698117e-19   3.2029319e-19
       2.8712869       7.9612563   6.3713445e-19   3.2015310e-19
       2.8723933       7.9642045   6.3728793e-19   3.2001293e-19
       2.8734998       7.9671568   6.3744161e-19   3.1987268e-19
       2.8746063       7.9701134   6.3759549e-19   3.1973233e-19
       2.8757128       7.9730742   6.3774957e-19   3.1959190e-19
       2.8768192       7.9760392   6.3790385e-19   3.1945139e-19
       2.8779257       7.9790086   6.3805833e-19   3.1931078e-19
       2.8790322       7.9819821   6.3821301e-19   3.1917008e-19
       2.8801386       7.9849600   6.3836789e-19   3.1902930e-19
       2.8812451       7.9879421   6.3852298e-19   3.1888843e-19
       2.8823516       7.9909286   6.3867827e-19   3.1874747e-19
       2.8834580       7.9939193   6.3883376e-19   3.1860643e-19
       2.8845645       7.9969144   6.3898945e-19   3.1846529e-19
       2.8856710       7.9999138   6.3914535e-19   3.1832407e-19
       2.8867774       8.0029176   6.3930146e-19   3.1818275e-19
       2.8878839       8.0059257   6.3945777e-19   3.1804135e-19
       2.8889904       8.0089382   6.3961429e-19   3.1789986e-19
       2.8900968       8.0119550   6.3977101e-19   3.1775828e-19
       2.8912033       8.0149763   6.3992794e-19   3.1761661e-19
       2.8923098       8.0180019   6.4008508e-19   3.1747485e-19
       2.8934163       8.0210320   6.4024242e-19   3.1733300e-19
       2.8945227       8.0240665   6.4039998e-19   3.1719105e-19
       2.8956292       8.0271054   6.4055774e-19   3.1704902e-19
       2.8967357       8.0301487   6.4071571e-19   3.1690690e-19
       2.8978421       8.0331965   6.4087389e-19   3.1676469e-19
       2.8989486       8.0362488   6.4103229e-19   3.1662239e-19
       2.9000551       8.0393056   6.4119089e-19   3.1648000e-19
       2.9011615       8.0423668   6.4134970e-19   3.1633751e-19
       2.9022680       8.0454326   6.4150873e-19   3.1619494e-19
       2.9033745       8.0485028   6.4166797e-19   3.1605227e-19
       2.9044809       8.0515776   6.4182742e-19   3.1590951e-19
       2.9055874       8.0546570   6.4198709e-19   3.1576666e-19
       2.9066939       8.0577409   6.4214697e-19   3.1562372e-19
       2.9078004       8.0608293   6.4230706e-19   3.1548069e-19
       2.9089068       8.0639223   6.4246737e-19   3.1533756e-19
       2.9100133       8.0670199   6.4262790e-19   3.1519434e-19
       2.9111198       8.0701221   6.4278864e-19   3.1505103e-19
       2.9122262       8.0732289   6.4294960e-19   3.1490763e-19
       2.9133327       8.0763403   6.4311078e-19   3.1476413e-19
       2.9144392       8.0794564   6.4327217e-19   3.1462054e-19
       2.9155456       8.0825771   6.4343378e-19   3.1447686e-19
       2.9166521       8.0857024   6.4359561e-19   3.1433308e-19
       2.9177586       8.0888325   6.4375766e-19   3.1418922e-19
       2.9188650       8.0919672   6.4391993e-19   3.1404525e-19
       2.9199715       8.0951066   6.4408242e-19   3.1390120e-19
       2.9210780       8.0982507   6.4424513e-19   3.1375705e-19
       2.9221844       8.1013995   6.4440807e-19   3.1361280e-19
       2.9232909       8.1045531   6.4457122e-19   3.1346846e-19
       2.9243974       8.1077114   6.4473460e-19   3.1332403e-19
       2.9255039       8.1108745   6.4489820e-19   3.1317950e-19
       2.9266103       8.1140423   6.4506203e-19   3.1303488e-19
       2.9277168       8.1172149   6.4522608e-19   3.1289016e-19
       2.9288233       8.1203923   6.4539035e-19   3.1274535e-19
       2.9299297       8.1235745   6.4555485e-19   3.1260044e-19
       2.9310362       8.1267616   6.4571958e-19   3.1245543e-19
       2.9321427       8.1299534   6.4588453e-19   3.1231033e-19
       2.9332491       8.1331501   6.4604972e-19   3.1216514e-19
       2.9343556       8.1363517   6.4621512e-19   3.1201984e-19
       2.9354621       8.1395581   6.4638076e-19   3.1187446e-19
       2.9365685       8.1427695   6.4654663e-19   3.1172897e-19
       2.9376750       8.1459857   6.4671272e-19   3.1158339e-19
       2.9387815       8.1492068   6.4687905e-19   3.1143771e-19
       2.9398880       8.1524329   6.4704560e-19   3.1129194e-19
       2.9409944       8.1556639   6.4721239e-19   3.1114607e-19
       2.9421009       8.1588998   6.4737941e-19   3.1100010e-19
       2.9432074       8.1621407   6.4754666e-19   3.1085403e-19
       2.9443138       8.1653866   6.4771415e-19   3.1070786e-19
       2.9454203       8.1686375   6.4788187e-19   3.1056160e-19
       2.9465268       8.1718933   6.4804982e-19   3.1041524e-19
       2.9476332       8.1751542   6.4821801e-19   3.1026878e-19
       2.9487397       8.1784201   6.4838643e-19   3.1012223e-19
       2.9498462       8.1816911   6.4855509e-19   3.0997557e-19
       2.9509526       8.1849671   6.4872399e-19   3.0982882e-19
       2.9520591       8.1882482   6.4889312e-19   3.0968196e-19
       2.9531656       8.1915344   6.4906250e-19   3.0953501e-19
       2.9542720       8.1948257   6.4923211e-19   3.0938796e-19
       2.9553785       8.1981221   6.4940196e-19   3.0924081e-19
       2.9564850       8.2014236   6.4957205e-19   3.0909355e-19
       2.9575915       8.2047303   6.4974238e-19   3.0894620e-19
       2.9586979       8.2080421   6.4991295e-19   3.0879875e-19
       2.9598044       8.2113591   6.5008376e-19   3.0865120e-19
       2.9609109       8.2146813   6.5025482e-19   3.0850355e-19
       2.9620173       8.2180087   6.5042611e-19   3.0835580e-19
       2.9631238       8.2213413   6.5059765e-19   3.0820794e-19
       2.9642303       8.2246791   6.5076944e-19   3.0805999e-19
       2.9653367       8.2280221   6.5094147e-19   3.0791193e-19
       2.9664432       8.2313704   6.5111375e-19   3.0776377e-19
       2.9675497       8.2347240   6.5128627e-19   3.0761552e-19
       2.9686561       8.2380829   6.5145904e-19   3.0746716e-19
       2.9697626       8.2414471   6.5163205e-19   3.0731869e-19
       2.9708691       8.2448165   6.5180532e-19   3.0717013e-19
       2.9719755       8.2481913   6.5197883e-19   3.0702146e-19
       2.9730820       8.2515715   6.5215259e-19   3.0687269e-19
       2.9741885       8.2549570   6.5232661e-19   3.0672382e-19
       2.9752950       8.2583479   6.5250087e-19   3.0657484e-19
       2.9764014       8.2617442   6.5267539e-19   3.0642576e-19
       2.9775079       8.2651458   6.5285015e-19   3.0627658e-19
       2.9786144       8.2685529   6.5302517e-19   3.0612730e-19
       2.9797208       8.2719655   6.5320044e-19   3.0597791e-19
       2.9808273       8.2753834   6.5337597e-19   3.0582841e-19
       2.9819338       8.2788069   6.5355175e-19   3.0567882e-19
       2.9830402       8.2822358   6.5372779e-19   3.0552911e-19
       2.9841467       8.2856702   6.5390408e-19   3.0537931e-19
       2.9852532       8.2891102   6.5408063e-19   3.0522940e-19
       2.9863596       8.2925556   6.5425744e-19   3.0507938e-19
       2.9874661       8.2960066   6.5443451e-19   3.0492926e-19
       2.9885726       8.2994632   6.5461183e-19   3.0477903e-19
       2.9896791       8.3029253   6.5478941e-19   3.0462870e-19
       2.9907855       8.3063930   6.5496726e-19   3.0447826e-19
       2.9918920       8.3098663   6.5514536e-19   3.0432772e-19
       2.9929985       8.3133453   6.5532373e-19   3.0417707e-19
       2.9941049       8.3168299   6.5550236e-19   3.0402631e-19
       2.9952114       8.3203201   6.5568125e-19   3.0387544e-19
       2.9963179       8.3238160   6.5586041e-19   3.0372447e-19
       2.9974243       8.3273176   6.5603983e-19   3.0357340e-19
       2.9985308       8.3308249   6.5621951e-19   3.0342221e-19
       2.9996373       8.3343379   6.5639946e-19   3.0327092e-19
       3.0007437       8.3378566   6.5657968e-19   3.0311952e-19
       3.0018502       8.3413811   6.5676017e-19   3.0296801e-19
       3.0029567       8.3449114   6.5694092e-19   3.0281639e-19
       3.0040631       8.3484474   6.5712194e-19   3.0266467e-19
       3.0051696       8.3519892   6.5730323e-19   3.0251284e-19
       3.0062761       8.3555369   6.5748480e-19   3.0236090e-19
       3.0073826       8.3590904   6.5766663e-19   3.0220884e-19
       3.0084890       8.3626497   6.5784873e-19   3.0205668e-19
       3.0095955       8.3662149   6.5803111e-19   3.0190442e-19
       3.0107020       8.3697860   6.5821376e-19   3.0175204e-19
       3.0118084       8.3733630   6.5839669e-19   3.0159955e-19
       3.0129149       8.3769460   6.5857989e-19   3.0144695e-19
       3.0140214       8.3805348   6.5876336e-19   3.0129424e-19
       3.0151278       8.3841296   6.5894711e-19   3.0114142e-19
       3.0162343       8.3877304   6.5913114e-19   3.0098849e-19
       3.0173408       8.3913372   6.5931545e-19   3.0083545e-19
       3.0184472       8.3949499   6.5950003e-19   3.0068229e-19
       3.0195537       8.3985687   6.5968490e-19   3.0052903e-19
       3.0206602       8.4021936   6.5987004e-19   3.0037565e-19
       3.0217667       8.4058245   6.6005546e-19   3.0022217e-19
       3.0228731       8.4094614   6.6024117e-19   3.0006857e-19
       3.0239796       8.4131045   6.6042716e-19   2.9991486e-19
       3.0250861       8.4167537   6.6061343e-19   2.9976103e-19
       3.0261925       8.4204090   6.6079999e-19   2.9960709e-19
       3.0272990       8.4240704   6.6098683e-19   2.9945304e-19
       3.0284055       8.4277381   6.6117396e-19   2.9929888e-19
       3.0295119       8.4314119   6.6136137e-19   2.9914460e-19
       3.0306184       8.4350919   6.6154907e-19   2.9899021e-19
       3.0317249       8.4387781   6.6173706e-19   2.9883571e-19
       3.0328313       8.4424706   6.6192534e-19   2.9868109e-19
       3.0339378       8.4461693   6.6211391e-19   2.9852636e-19
       3.0350443       8.4498744   6.6230277e-19   2.9837151e-19
       3.0361507       8.4535857   6.6249192e-19   2.9821654e-19
       3.0372572       8.4573033   6.6268136e-19   2.9806147e-19
       3.0383637       8.4610272   6.6287110e-19   2.9790627e-19
       3.0394702       8.4647576   6.6306112e-19   2.9775096e-19
       3.0405766       8.4684942   6.6325145e-19   2.9759554e-19
       3.0416831       8.4722373   6.6344207e-19   2.9744000e-19
       3.0427896       8.4759868   6.6363298e-19   2.9728434e-19
       3.0438960       8.4797427   6.6382420e-19   2.9712857e-19
       3.0450025       8.4835051   6.6401571e-19   2.9697268e-19
       3.0461090       8.4872739   6.6420752e-19   2.9681667e-19
       3.0472154       8.4910492   6.6439963e-19   2.9666055e-19
       3.0483219       8.4948311   6.6459204e-19   2.9650430e-19
       3.0494284       8.4986194   6.6478475e-19   2.9634794e-19
       3.0505348       8.5024143   6.6497776e-19   2.9619147e-19
       3.0516413       8.5062158   6.6517108e-19   2.9603487e-19
       3.0527478       8.5100238   6.6536470e-19   2.9587816e-19
       3.0538543       8.5138385   6.6555863e-19   2.9572132e-19
       3.0549607       8.5176598   6.6575286e-19   2.9556437e-19
       3.0560672       8.5214877   6.6594740e-19   2.9540730e-19
       3.0571737       8.5253224   6.6614224e-19   2.9525011e-19
       3.0582801       8.5291636   6.6633740e-19   2.9509280e-19
       3.0593866       8.5330117   6.6653286e-19   2.9493537e-19
       3.0604931       8.5368664   6.6672864e-19   2.9477781e-19
       3.0615995       8.5407279   6.6692472e-19   2.9462014e-19
       3.0627060       8.5445961   6.6712112e-19   2.9446235e-19
       3.0638125       8.5484712   6.6731783e-19   2.9430444e-19
       3.0649189       8.5523530   6.6751486e-19   2.9414640e-19
       3.0660254       8.5562417   6.6771220e-19   2.9398824e-19
       3.0671319       8.5601373   6.6790986e-19   2.9382997e-19
       3.0682383       8.5640397   6.6810783e-19   2.9367157e-19
       3.0693448       8.5679490   6.6830612e-19   2.9351304e-19
       3.0704513       8.5718653   6.6850473e-19   2.9335440e-19
       3.0715578       8.5757885   6.6870366e-19   2.9319563e-19
       3.0726642       8.5797186   6.6890291e-19   2.9303674e-19
       3.0737707       8.5836558   6.6910248e-19   2.9287772e-19
       3.0748772       8.5875999   6.6930237e-19   2.9271859e-19
       3.0759836       8.5915511   6.6950259e-19   2.9255932e-19
       3.0770901       8.5955093   6.6970313e-19   2.9239994e-19
       3.0781966       8.5994746   6.6990400e-19   2.9224043e-19
       3.0793030       8.6034470   6.7010519e-19   2.9208079e-19
       3.0804095       8.6074265   6.7030671e-19   2.9192103e-19
       3.0815160       8.6114131   6.7050856e-19   2.9176114e-19
       3.0826224       8.6154069   6.7071074e-19   2.9160113e-19
       3.0837289       8.6194079   6.7091324e-19   2.9144100e-19
       3.0848354       8.6234161   6.7111608e-19   2.9128073e-19
       3.0859418       8.6274315   6.7131925e-19   2.9112034e-19
       3.0870483       8.6314542   6.7152276e-19   2.9095983e-19
       3.0881548       8.6354841   6.7172660e-19   2.9079918e-19
       3.0892613       8.6395214   6.7193077e-19   2.9063841e-19
       3.0903677       8.6435660   6.7213528e-19   2.9047752e-19
       3.0914742       8.6476179   6.7234013e-19   2.9031649e-19
       3.0925807       8.6516772   6.7254531e-19   2.9015534e-19
       3.0936871       8.6557439   6.7275084e-19   2.8999405e-19
       3.0947936       8.6598180   6.7295670e-19   2.8983264e-19
       3.0959001       8.6638995   6.7316291e-19   2.8967110e-19
       3.0970065       8.6679885   6.7336946e-19   2.8950943e-19
       3.0981130       8.6720850   6.7357635e-19   2.8934764e-19
       3.0992195       8.6761890   6.7378359e-19   2.8918571e-19
       3.1003259       8.6803005   6.7399117e-19   2.8902365e-19
       3.1014324       8.6844196   6.7419910e-19   2.8886146e-19
       3.1025389       8.6885463   6.7440738e-19   2.8869914e-19
       3.1036454       8.6926806   6.7461600e-19   2.8853669e-19
       3.1047518       8.6968225   6.7482498e-19   2.8837411e-19
       3.1058583       8.7009721   6.7503430e-19   2.8821140e-19
       3.1069648       8.7051294   6.7524398e-19   2.8804856e-19
       3.1080712       8.7092944   6.7545401e-19   2.8788558e-19
       3.1091777       8.7134671   6.7566440e-19   2.8772247e-19
       3.1102842       8.7176476   6.7587514e-19   2.8755923e-19
       3.1113906       8.7218358   6.7608623e-19   2.8739585e-19
       3.1124971       8.7260319   6.7629769e-19   2.8723235e-19
       3.1136036       8.7302358   6.7650950e-19   2.8706870e-19
       3.1147100       8.7344476   6.7672167e-19   2.8690493e-19
       3.1158165       8.7386673   6.7693421e-19   2.8674102e-19
       3.1169230       8.7428948   6.7714710e-19   2.8657698e-19
       3.1180294       8.7471304   6.7736036e-19   2.8641280e-19
       3.1191359       8.7513738   6.7757398e-19   2.8624848e-19
       3.1202424       8.7556253   6.7778797e-19   2.8608403e-19
       3.1213489       8.7598848   6.7800233e-19   2.8591945e-19
       3.1224553       8.7641523   6.7821705e-19   2.8575473e-19
       3.1235618       8.7684279   6.7843214e-19   2.8558987e-19
       3.1246683       8.7727117   6.7864760e-19   2.8542488e-19
       3.1257747       8.7770035   6.7886343e-19   2.8525974e-19
       3.1268812       8.7813035   6.7907964e-19   2.8509448e-19
       3.1279877       8.7856117   6.7929621e-19   2.8492907e-19
       3.1290941       8.7899280   6.7951317e-19   2.8476353e-19
       3.1302006       8.7942527   6.7973049e-19   2.8459784e-19
       3.1313071       8.7985855   6.7994820e-19   2.8443202e-19
       3.1324135       8.8029267   6.8016628e-19   2.8426606e-19
       3.1335200       8.8072762   6.8038475e-19   2.8409996e-19
       3.1346265       8.8116340   6.8060359e-19   2.8393372e-19
       3.1357330       8.8160002   6.8082282e-19   2.8376735e-19
       3.1368394       8.8203749   6.8104243e-19   2.8360083e-19
       3.1379459       8.8247579   6.8126242e-19   2.8343417e-19
       3.1390524       8.8291494   6.8148280e-19   2.8326737e-19
       3.1401588       8.8335494   6.8170357e-19   2.8310043e-19
       3.1412653       8.8379579   6.8192472e-19   2.8293334e-19
       3.1423718       8.8423750   6.8214626e-19   2.8276612e-19
       3.1434782       8.8468006   6.8236820e-19   2.8259875e-19
       3.1445847       8.8512349   6.8259052e-19   2.8243124e-19
       3.1456912       8.8556778   6.8281324e-19   2.8226359e-19
       3.1467976       8.8601293   6.8303636e-19   2.8209580e-19
       3.1479041       8.8645896   6.8325987e-19   2.8192786e-19
       3.1490106       8.8690585   6.8348377e-19   2.8175977e-19
       3.1501170       8.8735362   6.8370808e-19   2.8159155e-19
       3.1512235       8.8780228   6.8393278e-19   2.8142318e-19
       3.1523300       8.8825181   6.8415789e-19   2.8125466e-19
       3.1534365       8.8870222   6.8438339e-19   2.8108600e-19
       3.1545429       8.8915353   6.8460931e-19   2.8091719e-19
       3.1556494       8.8960572   6.8483562e-19   2.8074824e-19
       3.1567559       8.9005881   6.8506234e-19   2.8057914e-19
       3.1578623       8.9051280   6.8528947e-19   2.8040989e-19
       3.1589688       8.9096768   6.8551701e-19   2.8024050e-19
       3.1600753       8.9142347   6.8574496e-19   2.8007096e-19
       3.1611817       8.9188017   6.8597332e-19   2.7990127e-19
       3.1622882       8.9233777   6.8620210e-19   2.7973143e-19
       3.1633947       8.9279629   6.8643128e-19   2.7956145e-19
       3.1645011       8.9325573   6.8666089e-19   2.7939131e-19
       3.1656076       8.9371608   6.8689091e-19   2.7922103e-19
       3.1667141       8.9417735   6.8712135e-19   2.7905060e-19
       3.1678206       8.9463955   6.8735221e-19   2.7888002e-19
       3.1689270       8.9510268   6.8758349e-19   2.7870928e-19
       3.1700335       8.9556674   6.8781519e-19   2.7853840e-19
       3.1711400       8.9603174   6.8804732e-19   2.7836737e-19
       3.1722464       8.9649768   6.8827987e-19   2.7819618e-19
       3.1733529       8.9696456   6.8851285e-19   2.7802484e-19
       3.1744594       8.9743238   6.8874626e-19   2.7785336e-19
       3.1755658       8.9790115   6.8898010e-19   2.7768171e-19
       3.1766723       8.9837088   6.8921437e-19   2.7750992e-19
       3.1777788       8.9884156   6.8944908e-19   2.7733797e-19
       3.1788852       8.9931320   6.8968421e-19   2.7716587e-19
       3.1799917       8.9978580   6.8991979e-19   2.7699362e-19
       3.1810982       9.0025937   6.9015580e-19   2.7682121e-19
       3.1822046       9.0073390   6.9039225e-19   2.7664864e-19
       3.1833111       9.0120941   6.9062914e-19   2.7647592e-19
       3.1844176       9.0168590   6.9086647e-19   2.7630305e-19
       3.1855241       9.0216337   6.9110424e-19   2.7613002e-19
       3.1866305       9.0264182   6.9134246e-19   2.7595683e-19
       3.1877370       9.0312126   6.9158113e-19   2.7578348e-19
       3.1888435       9.0360168   6.9182024e-19   2.7560998e-19
       3.1899499       9.0408311   6.9205980e-19   2.7543632e-19
       3.1910564       9.0456553   6.9229982e-19   2.7526251e-19
       3.1921629       9.0504895   6.9254028e-19   2.7508853e-19
       3.1932693       9.0553338   6.9278121e-19   2.7491440e-19
       3.1943758       9.0601881   6.9302258e-19   2.7474011e-19
       3.1954823       9.0650526   6.9326442e-19   2.7456566e-19
       3.1965887       9.0699273   6.9350671e-19   2.7439104e-19
       3.1976952       9.0748121   6.9374946e-19   2.7421627e-19
       3.1988017       9.0797072   6.9399268e-19   2.7404134e-19
       3.1999081       9.0846126   6.9423636e-19   2.7386624e-19
       3.2010146       9.0895282   6.9448050e-19   2.7369099e-19
       3.2021211       9.0944543   6.9472511e-19   2.7351557e-19
       3.2032276       9.0993907   6.9497019e-19   2.7333999e-19
       3.2043340       9.1043375   6.9521574e-19   2.7316425e-19
       3.2054405       9.1092949   6.9546177e-19   2.7298834e-19
       3.2065470       9.1142627   6.9570826e-19   2.7281227e-19
       3.2076534       9.1192411   6.9595523e-19   2.7263604e-19
       3.2087599       9.1242300   6.9620268e-19   2.7245964e-19
       3.2098664       9.1292296   6.9645061e-19   2.7228308e-19
       3.2109728       9.1342399   6.9669901e-19   2.7210635e-19
       3.2120793       9.1392608   6.9694790e-19   2.7192946e-19
       3.2131858       9.1442925   6.9719728e-19   2.7175240e-19
       3.2142922       9.1493350   6.9744714e-19   2.7157517e-19
       3.2153987       9.1543883   6.9769748e-19   2.7139778e-19
       3.2165052       9.1594525   6.9794832e-19   2.7122022e-19
       3.2176117       9.1645276   6.9819964e-19   2.7104249e-19
       3.2187181       9.1696136   6.9845146e-19   2.7086459e-19
       3.2198246       9.1747106   6.9870377e-19   2.7068653e-19
       3.2209311       9.1798187   6.9895658e-19   2.7050829e-19
       3.2220375       9.1849378   6.9920989e-19   2.7032988e-19
       3.2231440       9.1900681   6.9946369e-19   2.7015131e-19
       3.2242505       9.1952095   6.9971800e-19   2.6997256e-19
       3.2253569       9.2003621   6.9997281e-19   2.6979365e-19
       3.2264634       9.2055260   7.0022813e-19   2.6961456e-19
       3.2275699       9.2107012   7.0048395e-19   2.6943530e-19
       3.2286763       9.2158877   7.0074028e-19   2.6925587e-19
       3.2297828       9.2210855   7.0099713e-19   2.6907626e-19
       3.2308893       9.2262948   7.0125448e-19   2.6889648e-19
       3.2319957       9.2315156   7.0151235e-19   2.6871653e-19
       3.2331022       9.2367478   7.0177074e-19   2.6853640e-19
       3.2342087       9.2419916   7.0202964e-19   2.6835610e-19
       3.2353152       9.2472471   7.0228907e-19   2.6817562e-19
       3.2364216       9.2525141   7.0254901e-19   2.6799497e-19
       3.2375281       9.2577929   7.0280949e-19   2.6781414e-19
       3.2386346       9.2630834   7.0307048e-19   2.6763314e-19
       3.2397410       9.2683856   7.0333201e-19   2.6745196e-19
       3.2408475       9.2736997   7.0359406e-19   2.6727060e-19
       3.2419540       9.2790257   7.0385665e-19   2.6708906e-19
       3.2430604       9.2843636   7.0411977e-19   2.6690734e-19
       3.2441669       9.2897134   7.0438343e-19   2.6672545e-19
       3.2452734       9.2950753   7.0464762e-19   2.6654337e-19
       3.2463798       9.3004492   7.0491235e-19   2.6636112e-19
       3.2474863       9.3058353   7.0517763e-19   2.6617868e-19
       3.2485928       9.3112335   7.0544345e-19   2.6599607e-19
       3.2496993       9.3166439   7.0570982e-19   2.6581327e-19
       3.2508057       9.3220666   7.0597673e-19   2.6563029e-19
       3.2519122       9.3275015   7.0624420e-19   2.6544713e-19
       3.2530187       9.3329488   7.0651221e-19   2.6526378e-19
       3.2541251       9.3384086   7.0678078e-19   2.6508025e-19
       3.2552316       9.3438808   7.0704991e-19   2.6489654e-19
       3.2563381       9.3493654   7.0731960e-19   2.6471264e-19
       3.2574445       9.3548627   7.0758984e-19   2.6452856e-19
       3.2585510       9.3603725   7.0786065e-19   2.6434429e-19
       3.2596575       9.3658950   7.0813203e-19   2.6415984e-19
       3.2607639       9.3714302   7.0840397e-19   2.6397520e-19
       3.2618704       9.3769782   7.0867648e-19   2.6379037e-19
       3.2629769       9.3825389   7.0894956e-19   2.6360535e-19
       3.2640833       9.3881125   7.0922322e-19   2.6342015e-19
       3.2651898       9.3936991   7.0949745e-19   2.6323476e-19
       3.2662963       9.3992986   7.0977226e-19   2.6304917e-19
       3.2674028       9.4049111   7.1004765e-19   2.6286340e-19
       3.2685092       9.4105367   7.1032363e-19   2.6267744e-19
       3.2696157       9.4161754   7.1060019e-19   2.6249129e-19
       3.2707222       9.4218274   7.1087733e-19   2.6230494e-19
       3.2718286       9.4274925   7.1115507e-19   2.6211841e-19
       3.2729351       9.4331709   7.1143340e-19   2.6193168e-19
       3.2740416       9.4388627   7.1171232e-19   2.6174476e-19
       3.2751480       9.4445679   7.1199184e-19   2.6155764e-19
       3.2762545       9.4502865   7.1227195e-19   2.6137033e-19
       3.2773610       9.4560186   7.1255267e-19   2.6118283e-19
       3.2784674       9.4617643   7.1283399e-19   2.6099513e-19
       3.2795739       9.4675237   7.1311592e-19   2.6080724e-19
       3.2806804       9.4732967   7.1339846e-19   2.6061915e-19
       3.2817869       9.4790834   7.1368161e-19   2.6043086e-19
       3.2828933       9.4848840   7.1396537e-19   2.6024237e-19
       3.2839998       9.4906984   7.1424974e-19   2.6005369e-19
       3.2851063       9.4965267   7.1453474e-19   2.5986480e-19
       3.2862127       9.5023690   7.1482035e-19   2.5967572e-19
       3.2873192       9.5082253   7.1510659e-19   2.5948644e-19
       3.2884257       9.5140957   7.1539345e-19   2.5929696e-19
       3.2895321       9.5199802   7.1568095e-19   2.5910727e-19
       3.2906386       9.5258790   7.1596907e-19   2.5891739e-19
       3.2917451       9.5317920   7.1625782e-19   2.5872730e-19
       3.2928515       9.5377194   7.1654722e-19   2.5853701e-19
       3.2939580       9.5436611   7.1683725e-19   2.5834652e-19
       3.2950645       9.5496173   7.1712792e-19   2.5815582e-19
       3.2961709       9.5555881   7.1741923e-19   2.5796492e-19
       3.2972774       9.5615734   7.1771119e-19   2.5777381e-19
       3.2983839       9.5675733   7.1800380e-19   2.5758250e-19
       3.2994904       9.5735879   7.1829706e-19   2.5739098e-19
       3.3005968       9.5796173   7.1859098e-19   2.5719925e-19
       3.3017033       9.5856616   7.1888555e-19   2.5700732e-19
       3.3028098       9.5917207   7.1918078e-19   2.5681518e-19
       3.3039162       9.5977948   7.1947668e-19   2.5662282e-19
       3.3050227       9.6038839   7.1977324e-19   2.5643026e-19
       3.3061292       9.6099881   7.2007046e-19   2.5623749e-19
       3.3072356       9.6161075   7.2036836e-19   2.5604451e-19
       3.3083421       9.6222421   7.2066693e-19   2.5585132e-19
       3.3094486       9.6283919   7.2096618e-19   2.5565791e-19
       3.3105550       9.6345572   7.2126610e-19   2.5546429e-19
       3.3116615       9.6407378   7.2156671e-19   2.5527046e-19
       3.3127680       9.6469340   7.2186800e-19   2.5507641e-19
       3.3138744       9.6531457   7.2216998e-19   2.5488215e-19
       3.3149809       9.6593730   7.2247265e-19   2.5468768e-19
       3.3160874       9.6656161   7.2277601e-19   2.5449298e-19
       3.3171939       9.6718749   7.2308007e-19   2.5429807e-19
       3.3183003       9.6781495   7.2338483e-19   2.5410295e-19
       3.3194068       9.6844400   7.2369029e-19   2.5390760e-19
       3.3205133       9.6907466   7.2399646e-19   2.5371204e-19
       3.3216197       9.6970692   7.2430333e-19   2.5351626e-19
       3.3227262       9.7034079   7.2461092e-19   2.5332026e-19
       3.3238327       9.7097628   7.2491921e-19   2.5312403e-19
       3.3249391       9.7161340   7.2522823e-19   2.5292759e-19
       3.3260456       9.7225215   7.2553797e-19   2.5273092e-19
       3.3271521       9.7289254   7.2584843e-19   2.5253403e-19
       3.3282585       9.7353458   7.2615961e-19   2.5233692e-19
       3.3293650       9.7417828   7.2647153e-19   2.5213958e-19
       3.3304715       9.7482365   7.2678418e-19   2.5194202e-19
       3.3315780       9.7547068   7.2709756e-19   2.5174423e-19
       3.3326844       9.7611940   7.2741169e-19   2.5154621e-19
       3.3337909       9.7676980   7.2772655e-19   2.5134797e-19
       3.3348974       9.7742189   7.2804216e-19   2.5114950e-19
       3.3360038       9.7807569   7.2835852e-19   2.5095080e-19
       3.3371103       9.7873120   7.2867564e-19   2.5075188e-19
       3.3382168       9.7938843   7.2899350e-19   2.5055272e-19
       3.3393232       9.8004738   7.2931213e-19   2.5035333e-19
       3.3404297       9.8070807   7.2963152e-19   2.5015371e-19
       3.3415362       9.8137050   7.2995167e-19   2.4995386e-19
       3.3426426       9.8203468   7.3027259e-19   2.4975377e-19
       3.3437491       9.8270062   7.3059429e-19   2.4955346e-19
       3.3448556       9.8336833   7.3091676e-19   2.4935290e-19
       3.3459620       9.8403781   7.3124001e-19   2.4915211e-19
       3.3470685       9.8470908   7.3156404e-19   2.4895109e-19
       3.3481750       9.8538213   7.3188886e-19   2.4874983e-19
       3.3492815       9.8605699   7.3221447e-19   2.4854833e-19
       3.3503879       9.8673365   7.3254087e-19   2.4834659e-19
       3.3514944       9.8741214   7.3286806e-19   2.4814462e-19
       3.3526009       9.8809245   7.3319606e-19   2.4794240e-19
       3.3537073       9.8877459   7.3352486e-19   2.4773994e-19
       3.3548138       9.8945857   7.3385447e-19   2.4753724e-19
       3.3559203       9.9014441   7.3418489e-19   2.4733430e-19
       3.3570267       9.9083211   7.3451612e-19   2.4713112e-19
       3.3581332       9.9152168   7.3484817e-19   2.4692769e-19
       3.3592397       9.9221313   7.3518105e-19   2.4672402e-19
       3.3603461       9.9290646   7.3551475e-19   2.4652010e-19
       3.3614526       9.9360170   7.3584928e-19   2.4631594e-19
       3.3625591       9.9429883   7.3618464e-19   2.4611153e-19
       3.3636656       9.9499789   7.3652084e-19   2.4590687e-19
       3.3647720       9.9569886   7.3685788e-19   2.4570196e-19
       3.3658785       9.9640178   7.3719577e-19   2.4549680e-19
       3.3669850       9.9710663   7.3753451e-19   2.4529139e-19
       3.3680914       9.9781344   7.3787410e-19   2.4508573e-19
       3.3691979       9.9852221   7.3821454e-19   2.4487982e-19
       3.3703044       9.9923295   7.3855585e-19   2.4467366e-19
       3.3714108       9.9994567   7.3889802e-19   2.4446724e-19
       3.3725173       10.006604   7.3924106e-19   2.4426056e-19
       3.3736238       10.013771   7.3958497e-19   2.4405363e-19
       3.3747302       10.020958   7.3992976e-19   2.4384645e-19
       3.3758367       10.028166   7.4027543e-19   2.4363900e-19
       3.3769432       10.035394   7.4062199e-19   2.4343130e-19
       3.3780496       10.042642   7.4096944e-19   2.4322334e-19
       3.3791561       10.049910   7.4131778e-19   2.4301512e-19
       3.3802626       10.057200   7.4166701e-19   2.4280664e-19
       3.3813691       10.064510   7.4201715e-19   2.4259789e-19
       3.3824755       10.071841   7.4236820e-19   2.4238889e-19
       3.3835820       10.079193   7.4272016e-19   2.4217962e-19
       3.3846885       10.086565   7.4307303e-19   2.4197008e-19
       3.3857949       10.093959   7.4342682e-19   2.4176028e-19
       3.3869014       10.101375   7.4378154e-19   2.4155021e-19
       3.3880079       10.108811   7.4413718e-19   2.4133988e-19
       3.3891143       10.116269   7.4449376e-19   2.4112928e-19
       3.3902208       10.123749   7.4485127e-19   2.4091841e-19
       3.3913273       10.131250   7.4520973e-19   2.4070726e-19
       3.3924337       10.138773   7.4556913e-19   2.4049585e-19
       3.3935402       10.146318   7.4592948e-19   2.4028416e-19
       3.3946467       10.153885   7.4629079e-19   2.4007220e-19
       3.3957532       10.161474   7.4665306e-19   2.3985997e-19
       3.3968596       10.169085   7.4701630e-19   2.3964746e-19
       3.3979661       10.176719   7.4738050e-19   2.3943468e-19
       3.3990726       10.184375   7.4774568e-19   2.3922162e-19
       3.4001790       10.192054   7.4811184e-19   2.3900828e-19
       3.4012855       10.199756   7.4847898e-19   2.3879466e-19
       3.4023920       10.207480   7.4884711e-19   2.3858076e-19
       3.4034984       10.215227   7.4921624e-19   2.3836658e-19
       3.4046049       10.222998   7.4958637e-19   2.3815211e-19
       3.4057114       10.230791   7.4995750e-19   2.3793737e-19
       3.4068178       10.238608   7.5032963e-19   2.3772234e-19
       3.4079243       10.246448   7.5070279e-19   2.3750702e-19
       3.4090308       10.254312   7.5107696e-19   2.3729142e-19
       3.4101372       10.262200   7.5145215e-19   2.3707553e-19
       3.4112437       10.270111   7.5182838e-19   2.3685936e-19
       3.4123502       10.278046   7.5220564e-19   2.3664289e-19
       3.4134567       10.286005   7.5258394e-19   2.3642613e-19
       3.4145631       10.293989   7.5296328e-19   2.3620908e-19
       3.4156696       10.301997   7.5334368e-19   2.3599174e-19
       3.4167761       10.310029   7.5372513e-19   2.3577410e-19
       3.4178825       10.318086   7.5410764e-19   2.3555617e-19
       3.4189890       10.326168   7.5449122e-19   2.3533795e-19
       3.4200955       10.334274   7.5487588e-19   2.3511942e-19
       3.4212019       10.342405   7.5526161e-19   2.3490060e-19
       3.4223084       10.350562   7.5564842e-19   2.3468148e-19
       3.4234149       10.358744   7.5603632e-19   2.3446206e-19
       3.4245213       10.366951   7.5642532e-19   2.3424233e-19
       3.4256278       10.375184   7.5681541e-19   2.3402231e-19
       3.4267343       10.383442   7.5720662e-19   2.3380197e-19
       3.4278407       10.391726   7.5759893e-19   2.3358134e-19
       3.4289472       10.400036   7.5799236e-19   2.3336040e-19
       3.4300537       10.408373   7.5838692e-19   2.3313915e-19
       3.4311602       10.416735   7.5878260e-19   2.3291759e-19
       3.4322666       10.425124   7.5917942e-19   2.3269572e-19
       3.4333731       10.433540   7.5957739e-19   2.3247354e-19
       3.4344796       10.441982   7.5997650e-19   2.3225105e-19
       3.4355860       10.450451   7.6037676e-19   2.3202824e-19
       3.4366925       10.458947   7.6077818e-19   2.3180512e-19
       3.4377990       10.467470   7.6118077e-19   2.3158169e-19
       3.4389054       10.476020   7.6158453e-19   2.3135794e-19
       3.4400119       10.484598   7.6198947e-19   2.3113386e-19
       3.4411184       10.493204   7.6239559e-19   2.3090947e-19
       3.4422248       10.501837   7.6280291e-19   2.3068476e-19
       3.4433313       10.510498   7.6321142e-19   2.3045973e-19
       3.4444378       10.519187   7.6362114e-19   2.3023437e-19
       3.4455443       10.527905   7.6403206e-19   2.3000869e-19
       3.4466507       10.536651   7.6444421e-19   2.2978268e-19
       3.4477572       10.545425   7.6485757e-19   2.2955634e-19
       3.4488637       10.554229   7.6527217e-19   2.2932968e-19
       3.4499701       10.563061   7.6568801e-19   2.2910268e-19
       3.4510766       10.571922   7.6610509e-19   2.2887535e-19
       3.4521831       10.580812   7.6652342e-19   2.2864770e-19
       3.4532895       10.589732   7.6694301e-19   2.2841970e-19
       3.4543960       10.598681   7.6736386e-19   2.2819137e-19
       3.4555025       10.607660   7.6778599e-19   2.2796271e-19
       3.4566089       10.616669   7.6820940e-19   2.2773371e-19
       3.4577154       10.625709   7.6863409e-19   2.2750436e-19
       3.4588219       10.634778   7.6906007e-19   2.2727468e-19
       3.4599283       10.643878   7.6948736e-19   2.2704465e-19
       3.4610348       10.653008   7.6991595e-19   2.2681428e-19
       3.4621413       10.662170   7.7034586e-19   2.2658357e-19
       3.4632478       10.671362   7.7077709e-19   2.2635251e-19
       3.4643542       10.680585   7.7120965e-19   2.2612110e-19
       3.4654607       10.689840   7.7164355e-19   2.2588934e-19
       3.4665672       10.699127   7.7207880e-19   2.2565723e-19
       3.4676736       10.708445   7.7251540e-19   2.2542477e-19
       3.4687801       10.717795   7.7295336e-19   2.2519195e-19
       3.4698866       10.727177   7.7339268e-19   2.2495878e-19
       3.4709930       10.736592   7.7383339e-19   2.2472525e-19
       3.4720995       10.746039   7.7427548e-19   2.2449137e-19
       3.4732060       10.755519   7.7471896e-19   2.2425712e-19
       3.4743124       10.765032   7.7516385e-19   2.2402251e-19
       3.4754189       10.774578   7.7561014e-19   2.2378754e-19
       3.4765254       10.784157   7.7605785e-19   2.2355220e-19
       3.4776319       10.793770   7.7650698e-19   2.2331650e-19
       3.4787383       10.803416   7.7695755e-19   2.2308043e-19
       3.4798448       10.813097   7.7740956e-19   2.2284399e-19
       3.4809513       10.822812   7.7786302e-19   2.2260719e-19
       3.4820577       10.832561   7.7831795e-19   2.2237000e-19
       3.4831642       10.842344   7.7877433e-19   2.2213245e-19
       3.4842707       10.852163   7.7923220e-19   2.2189452e-19
       3.4853771       10.862016   7.7969155e-19   2.2165621e-19
       3.4864836       10.871905   7.8015240e-19   2.2141752e-19
       3.4875901       10.881829   7.8061475e-19   2.2117845e-19
       3.4886965       10.891789   7.8107861e-19   2.2093900e-19
       3.4898030       10.901785   7.8154400e-19   2.2069916e-19
       3.4909095       10.911817   7.8201091e-19   2.2045894e-19
       3.4920159       10.921886   7.8247937e-19   2.2021834e-19
       3.4931224       10.931991   7.8294937e-19   2.1997734e-19
       3.4942289       10.942133   7.8342094e-19   2.1973595e-19
       3.4953354       10.952312   7.8389407e-19   2.1949417e-19
       3.4964418       10.962528   7.8436878e-19   2.1925199e-19
       3.4975483       10.972782   7.8484508e-19   2.1900942e-19
       3.4986548       10.983074   7.8532298e-19   2.1876645e-19
       3.4997612       10.993404   7.8580248e-19   2.1852308e-19
       3.5008677       11.003772   7.8628360e-19   2.1827931e-19
       3.5019742       11.014178   7.8676635e-19   2.1803514e-19
       3.5030806       11.024624   7.8725074e-19   2.1779056e-19
       3.5041871       11.035109   7.8773678e-19   2.1754557e-19
       3.5052936       11.045633   7.8822447e-19   2.1730017e-19
       3.5064000       11.056196   7.8871383e-19   2.1705436e-19
       3.5075065       11.066799   7.8920488e-19   2.1680814e-19
       3.5086130       11.077443   7.8969761e-19   2.1656151e-19
       3.5097195       11.088127   7.9019204e-19   2.1631446e-19
       3.5108259       11.098851   7.9068819e-19   2.1606699e-19
       3.5119324       11.109617   7.9118606e-19   2.1581910e-19
       3.5130389       11.120424   7.9168566e-19   2.1557078e-19
       3.5141453       11.131272   7.9218701e-19   2.1532205e-19
       3.5152518       11.142162   7.9269011e-19   2.1507288e-19
       3.5163583       11.153094   7.9319498e-19   2.1482329e-19
       3.5174647       11.164068   7.9370163e-19   2.1457326e-19
       3.5185712       11.175086   7.9421007e-19   2.1432281e-19
       3.5196777       11.186146   7.9472031e-19   2.1407192e-19
       3.5207841       11.197249   7.9523236e-19   2.1382059e-19
       3.5218906       11.208395   7.9574624e-19   2.1356882e-19
       3.5229971       11.219586   7.9626196e-19   2.1331661e-19
       3.5241035       11.230821   7.9677953e-19   2.1306396e-19
       3.5252100       11.242100   7.9729896e-19   2.1281086e-19
       3.5263165       11.253424   7.9782027e-19   2.1255732e-19
       3.5274230       11.264793   7.9834346e-19   2.1230333e-19
       3.5285294       11.276207   7.9886856e-19   2.1204888e-19
       3.5296359       11.287667   7.9939556e-19   2.1179398e-19
       3.5307424       11.299173   7.9992449e-19   2.1153862e-19
       3.5318488       11.310726   8.0045536e-19   2.1128281e-19
       3.5329553       11.322325   8.0098818e-19   2.1102653e-19
       3.5340618       11.333971   8.0152297e-19   2.1076979e-19
       3.5351682       11.345664   8.0205973e-19   2.1051259e-19
       3.5362747       11.357406   8.0259848e-19   2.1025492e-19
       3.5373812       11.369195   8.0313924e-19   2.0999677e-19
       3.5384876       11.381032   8.0368202e-19   2.0973816e-19
       3.5395941       11.392919   8.0422684e-19   2.0947907e-19
       3.5407006       11.404854   8.0477369e-19   2.0921950e-19
       3.5418070       11.416839   8.0532262e-19   2.0895945e-19
       3.5429135       11.428874   8.0587361e-19   2.0869892e-19
       3.5440200       11.440959   8.0642670e-19   2.0843791e-19
       3.5451265       11.453094   8.0698189e-19   2.0817641e-19
       3.5462329       11.465280   8.0753920e-19   2.0791441e-19
       3.5473394       11.477518   8.0809864e-19   2.0765193e-19
       3.5484459       11.489807   8.0866024e-19   2.0738895e-19
       3.5495523       11.502149   8.0922400e-19   2.0712548e-19
       3.5506588       11.514543   8.0978994e-19   2.0686150e-19
       3.5517653       11.526989   8.1035807e-19   2.0659702e-19
       3.5528717       11.539489   8.1092842e-19   2.0633204e-19
       3.5539782       11.552043   8.1150099e-19   2.0606655e-19
       3.5550847       11.564651   8.1207581e-19   2.0580054e-19
       3.5561911       11.577313   8.1265289e-19   2.0553403e-19
       3.5572976       11.590030   8.1323224e-19   2.0526700e-19
       3.5584041       11.602802   8.1381389e-19   2.0499944e-19
       3.5595106       11.615631   8.1439784e-19   2.0473137e-19
       3.5606170       11.628515   8.1498412e-19   2.0446278e-19
       3.5617235       11.641456   8.1557275e-19   2.0419365e-19
       3.5628300       11.654454   8.1616374e-19   2.0392400e-19
       3.5639364       11.667509   8.1675710e-19   2.0365381e-19
       3.5650429       11.680623   8.1735286e-19   2.0338309e-19
       3.5661494       11.693794   8.1795104e-19   2.0311183e-19
       3.5672558       11.707025   8.1855165e-19   2.0284002e-19
       3.5683623       11.720315   8.1915471e-19   2.0256767e-19
       3.5694688       11.733665   8.1976023e-19   2.0229478e-19
       3.5705752       11.747075   8.2036825e-19   2.0202133e-19
       3.5716817       11.760546   8.2097877e-19   2.0174733e-19
       3.5727882       11.774078   8.2159181e-19   2.0147277e-19
       3.5738946       11.787672   8.2220740e-19   2.0119765e-19
       3.5750011       11.801328   8.2282556e-19   2.0092197e-19
       3.5761076       11.815046   8.2344630e-19   2.0064572e-19
       3.5772141       11.828828   8.2406964e-19   2.0036890e-19
       3.5783205       11.842674   8.2469561e-19   2.0009151e-19
       3.5794270       11.856584   8.2532422e-19   1.9981355e-19
       3.5805335       11.870559   8.2595550e-19   1.9953500e-19
       3.5816399       11.884599   8.2658946e-19   1.9925587e-19
       3.5827464       11.898705   8.2722613e-19   1.9897616e-19
       3.5838529       11.912878   8.2786553e-19   1.9869585e-19
       3.5849593       11.927117   8.2850768e-19   1.9841495e-19
       3.5860658       11.941424   8.2915260e-19   1.9813346e-19
       3.5871723       11.955799   8.2980032e-19   1.9785136e-19
       3.5882787       11.970243   8.3045085e-19   1.9756866e-19
       3.5893852       11.984756   8.3110423e-19   1.9728536e-19
       3.5904917       11.999339   8.3176046e-19   1.9700144e-19
       3.5915982       12.013993   8.3241958e-19   1.9671691e-19
       3.5927046       12.028717   8.3308161e-19   1.9643176e-19
       3.5938111       12.043513   8.3374657e-19   1.9614599e-19
       3.5949176       12.058382   8.3441449e-19   1.9585960e-19
       3.5960240       12.073323   8.3508539e-19   1.9557257e-19
       3.5971305       12.088338   8.3575929e-19   1.9528491e-19
       3.5982370       12.103427   8.3643623e-19   1.9499662e-19
       3.5993434       12.118591   8.3711622e-19   1.9470768e-19
       3.6004499       12.133830   8.3779929e-19   1.9441810e-19
       3.6015564       12.149146   8.3848547e-19   1.9412787e-19
       3.6026628       12.164538   8.3917478e-19   1.9383699e-19
       3.6037693       12.180008   8.3986726e-19   1.9354545e-19
       3.6048758       12.195557   8.4056291e-19   1.9325325e-19
       3.6059822       12.211184   8.4126179e-19   1.9296039e-19
       3.6070887       12.226890   8.4196390e-19   1.9266686e-19
       3.6081952       12.242677   8.4266928e-19   1.9237265e-19
       3.6093017       12.258545   8.4337796e-19   1.9207776e-19
       3.6104081       12.274495   8.4408996e-19   1.9178220e-19
       3.6115146       12.290528   8.4480532e-19   1.9148595e-19
       3.6126211       12.306643   8.4552406e-19   1.9118900e-19
       3.6137275       12.322843   8.4624622e-19   1.9089136e-19
       3.6148340       12.339128   8.4697182e-19   1.9059303e-19
       3.6159405       12.355498   8.4770089e-19   1.9029398e-19
       3.6170469       12.371955   8.4843346e-19   1.8999423e-19
       3.6181534       12.388499   8.4916957e-19   1.8969377e-19
       3.6192599       12.405131   8.4990925e-19   1.8939258e-19
       3.6203663       12.421852   8.5065253e-19   1.8909068e-19
       3.6214728       12.438663   8.5139944e-19   1.8878805e-19
       3.6225793       12.455564   8.5215001e-19   1.8848468e-19
       3.6236858       12.472557   8.5290428e-19   1.8818058e-19
       3.6247922       12.489642   8.5366228e-19   1.8787573e-19
       3.6258987       12.506820   8.5442404e-19   1.8757014e-19
       3.6270052       12.524093   8.5518961e-19   1.8726380e-19
       3.6281116       12.541460   8.5595901e-19   1.8695669e-19
       3.6292181       12.558924   8.5673228e-19   1.8664883e-19
       3.6303246       12.576484   8.5750946e-19   1.8634020e-19
       3.6314310       12.594142   8.5829058e-19   1.8603079e-19
       3.6325375       12.611899   8.5907568e-19   1.8572061e-19
       3.6336440       12.629756   8.5986480e-19   1.8540964e-19
       3.6347504       12.647714   8.6065798e-19   1.8509788e-19
       3.6358569       12.665773   8.6145525e-19   1.8478533e-19
       3.6369634       12.683935   8.6225665e-19   1.8447198e-19
       3.6380698       12.702202   8.6306223e-19   1.8415782e-19
       3.6391763       12.720573   8.6387202e-19   1.8384285e-19
       3.6402828       12.739050   8.6468606e-19   1.8352707e-19
       3.6413893       12.757634   8.6550440e-19   1.8321046e-19
       3.6424957       12.776326   8.6632707e-19   1.8289302e-19
       3.6436022       12.795128   8.6715413e-19   1.8257474e-19
       3.6447087       12.814040   8.6798561e-19   1.8225562e-19
       3.6458151       12.833064   8.6882155e-19   1.8193566e-19
       3.6469216       12.852200   8.6966201e-19   1.8161484e-19
       3.6480281       12.871451   8.7050703e-19   1.8129317e-19
       3.6491345       12.890816   8.7135664e-19   1.8097062e-19
       3.6502410       12.910298   8.7221091e-19   1.8064721e-19
       3.6513475       12.929898   8.7306987e-19   1.8032291e-19
       3.6524539       12.949616   8.7393357e-19   1.7999773e-19
       3.6535604       12.969455   8.7480207e-19   1.7967165e-19
       3.6546669       12.989415   8.7567541e-19   1.7934468e-19
       3.6557733       13.009497   8.7655364e-19   1.7901680e-19
       3.6568798       13.029704   8.7743681e-19   1.7868801e-19
       3.6579863       13.050036   8.7832497e-19   1.7835830e-19
       3.6590928       13.070495   8.7921819e-19   1.7802766e-19
       3.6601992       13.091083   8.8011650e-19   1.7769608e-19
       3.6613057       13.111800   8.8101996e-19   1.7736357e-19
       3.6624122       13.132648   8.8192863e-19   1.7703010e-19
       3.6635186       13.153629   8.8284256e-19   1.7669568e-19
       3.6646251       13.174744   8.8376182e-19   1.7636030e-19
       3.6657316       13.195994   8.8468645e-19   1.7602394e-19
       3.6668380       13.217382   8.8561651e-19   1.7568661e-19
       3.6679445       13.238908   8.8655207e-19   1.7534829e-19
       3.6690510       13.260575   8.8749319e-19   1.7500897e-19
       3.6701574       13.282383   8.8843992e-19   1.7466865e-19
       3.6712639       13.304335   8.8939233e-19   1.7432732e-19
       3.6723704       13.326433   8.9035048e-19   1.7398496e-19
       3.6734769       13.348677   8.9131443e-19   1.7364158e-19
       3.6745833       13.371071   8.9228426e-19   1.7329717e-19
       3.6756898       13.393614   8.9326002e-19   1.7295171e-19
       3.6767963       13.416310   8.9424179e-19   1.7260519e-19
       3.6779027       13.439161   8.9522962e-19   1.7225761e-19
       3.6790092       13.462167   8.9622360e-19   1.7190896e-19
       3.6801157       13.485331   8.9722380e-19   1.7155923e-19
       3.6812221       13.508654   8.9823028e-19   1.7120841e-19
       3.6823286       13.532140   8.9924311e-19   1.7085649e-19
       3.6834351       13.555789   9.0026238e-19   1.7050346e-19
       3.6845415       13.579604   9.0128816e-19   1.7014931e-19
       3.6856480       13.603587   9.0232052e-19   1.6979404e-19
       3.6867545       13.627740   9.0335955e-19   1.6943762e-19
       3.6878609       13.652065   9.0440531e-19   1.6908006e-19
       3.6889674       13.676564   9.0545791e-19   1.6872134e-19
       3.6900739       13.701239   9.0651741e-19   1.6836145e-19
       3.6911804       13.726094   9.0758390e-19   1.6800038e-19
       3.6922868       13.751129   9.0865747e-19   1.6763812e-19
       3.6933933       13.776348   9.0973820e-19   1.6727466e-19
       3.6944998       13.801752   9.1082619e-19   1.6690999e-19
       3.6956062       13.827345   9.1192151e-19   1.6654410e-19
       3.6967127       13.853128   9.1302428e-19   1.6617697e-19
       3.6978192       13.879104   9.1413457e-19   1.6580860e-19
       3.6989256       13.905277   9.1525248e-19   1.6543897e-19
       3.7000321       13.931647   9.1637812e-19   1.6506807e-19
       3.7011386       13.958219   9.1751157e-19   1.6469589e-19
       3.7022450       13.984995   9.1865294e-19   1.6432242e-19
       3.7033515       14.011977   9.1980234e-19   1.6394764e-19
       3.7044580       14.039168   9.2095987e-19   1.6357155e-19
       3.7055645       14.066572   9.2212563e-19   1.6319412e-19
       3.7066709       14.094191   9.2329973e-19   1.6281535e-19
       3.7077774       14.122028   9.2448228e-19   1.6243522e-19
       3.7088839       14.150086   9.2567341e-19   1.6205373e-19
       3.7099903       14.178369   9.2687321e-19   1.6167085e-19
       3.7110968       14.206880   9.2808182e-19   1.6128657e-19
       3.7122033       14.235621   9.2929934e-19   1.6090088e-19
       3.7133097       14.264597   9.3052590e-19   1.6051376e-19
       3.7144162       14.293810   9.3176163e-19   1.6012521e-19
       3.7155227       14.323265   9.3300666e-19   1.5973520e-19
       3.7166291       14.352963   9.3426110e-19   1.5934372e-19
       3.7177356       14.382911   9.3552510e-19   1.5895075e-19
       3.7188421       14.413110   9.3679879e-19   1.5855628e-19
       3.7199485       14.443564   9.3808231e-19   1.5816030e-19
       3.7210550       14.474279   9.3937580e-19   1.5776278e-19
       3.7221615       14.505257   9.4067940e-19   1.5736372e-19
       3.7232680       14.536502   9.4199326e-19   1.5696309e-19
       3.7243744       14.568019   9.4331753e-19   1.5656088e-19
       3.7254809       14.599811   9.4465237e-19   1.5615706e-19
       3.7265874       14.631884   9.4599792e-19   1.5575164e-19
       3.7276938       14.664242   9.4735435e-19   1.5534457e-19
       3.7288003       14.696888   9.4872182e-19   1.5493585e-19
       3.7299068       14.729828   9.5010051e-19   1.5452547e-19
       3.7310132       14.763066   9.5149057e-19   1.5411339e-19
       3.7321197       14.796607   9.5289219e-19   1.5369960e-19
       3.7332262       14.830457   9.5430554e-19   1.5328408e-19
       3.7343326       14.864619   9.5573081e-19   1.5286682e-19
       3.7354391       14.899100   9.5716817e-19   1.5244778e-19
       3.7365456       14.933904   9.5861783e-19   1.5202696e-19
       3.7376521       14.969037   9.6007998e-19   1.5160433e-19
       3.7387585       15.004504   9.6155482e-19   1.5117986e-19
       3.7398650       15.040312   9.6304255e-19   1.5075354e-19
       3.7409715       15.076465   9.6454339e-19   1.5032534e-19
       3.7420779       15.112970   9.6605754e-19   1.4989525e-19
       3.7431844       15.149834   9.6758523e-19   1.4946323e-19
       3.7442909       15.187061   9.6912668e-19   1.4902927e-19
       3.7453973       15.224660   9.7068212e-19   1.4859334e-19
       3.7465038       15.262635   9.7225179e-19   1.4815542e-19
       3.7476103       15.300994   9.7383593e-19   1.4771548e-19
       3.7487167       15.339745   9.7543478e-19   1.4727349e-19
       3.7498232       15.378893   9.7704861e-19   1.4682943e-19
       3.7509297       15.418447   9.7867768e-19   1.4638327e-19
       3.7520361       15.458413   9.8032224e-19   1.4593499e-19
       3.7531426       15.498800   9.8198258e-19   1.4548456e-19
       3.7542491       15.539615   9.8365898e-19   1.4503195e-19
       3.7553556       15.580866   9.8535172e-19   1.4457712e-19
       3.7564620       15.622563   9.8706111e-19   1.4412006e-19
       3.7575685       15.664712   9.8878744e-19   1.4366073e-19
       3.7586750       15.707324   9.9053103e-19   1.4319910e-19
       3.7597814       15.750407   9.9229220e-19   1.4273513e-19
       3.7608879       15.793970   9.9407128e-19   1.4226881e-19
       3.7619944       15.838024   9.9586861e-19   1.4180008e-19
       3.7631008       15.882577   9.9768453e-19   1.4132892e-19
       3.7642073       15.927640   9.9951941e-19   1.4085530e-19
       3.7653138       15.973223   1.0013736e-18   1.4037917e-19
       3.7664202       16.019338   1.0032475e-18   1.3990051e-19
       3.7675267       16.065995   1.0051415e-18   1.3941928e-19
       3.7686332       16.113205   1.0070560e-18   1.3893543e-19
       3.7697396       16.160980   1.0089914e-18   1.3844892e-19
       3.7708461       16.209333   1.0109482e-18   1.3795973e-19
       3.7719526       16.258276   1.0129267e-18   1.3746781e-19
       3.7730591       16.307821   1.0149274e-18   1.3697311e-19
       3.7741655       16.357983   1.0169508e-18   1.3647559e-19
       3.7752720       16.408774   1.0189974e-18   1.3597521e-19
       3.7763785       16.460208   1.0210676e-18   1.3547193e-19
       3.7774849       16.512301   1.0231620e-18   1.3496569e-19
       3.7785914       16.565067   1.0252811e-18   1.3445646e-19
       3.7796979       16.618522   1.0274254e-18   1.3394417e-19
       3.7808043       16.672682   1.0295956e-18   1.3342879e-19
       3.7819108       16.727564   1.0317921e-18   1.3291025e-19
       3.7830173       16.783185   1.0340156e-18   1.3238851e-19
       3.7841237       16.839562   1.0362666e-18   1.3186352e-19
       3.7852302       16.896714   1.0385460e-18   1.3133521e-19
       3.7863367       16.954660   1.0408542e-18   1.3080353e-19
       3.7874432       17.013420   1.0431919e-18   1.3026842e-19
       3.7885496       17.073014   1.0455600e-18   1.2972982e-19
       3.7896561       17.133464   1.0479590e-18   1.2918767e-19
       3.7907626       17.194791   1.0503899e-18   1.2864190e-19
       3.7918690       17.257018   1.0528533e-18   1.2809245e-19
       3.7929755       17.320169   1.0553500e-18   1.2753925e-19
       3.7940820       17.384269   1.0578810e-18   1.2698222e-19
       3.7951884       17.449342   1.0604470e-18   1.2642131e-19
       3.7962949       17.515416   1.0630491e-18   1.2585642e-19
       3.7974014       17.582518   1.0656881e-18   1.2528749e-19
       3.7985078       17.650676   1.0683650e-18   1.2471444e-19
       3.7996143       17.719921   1.0710808e-18   1.2413717e-19
       3.8007208       17.790284   1.0738366e-18   1.2355562e-19
       3.8018272       17.861796   1.0766336e-18   1.2296969e-19
       3.8029337       17.934492   1.0794727e-18   1.2237929e-19
       3.8040402       18.008406   1.0823553e-18   1.2178433e-19
       3.8051467       18.083576   1.0852826e-18   1.2118471e-19
       3.8062531       18.160039   1.0882558e-18   1.2058033e-19
       3.8073596       18.237835   1.0912763e-18   1.1997109e-19
       3.8084661       18.317007   1.0943456e-18   1.1935688e-19
       3.8095725       18.397598   1.0974651e-18   1.1873759e-19
       3.8106790       18.479652   1.1006362e-18   1.1811310e-19
       3.8117855       18.563219   1.1038608e-18   1.1748330e-19
       3.8128919       18.648349   1.1071403e-18   1.1684807e-19
       3.8139984       18.735093   1.1104766e-18   1.1620726e-19
       3.8151049       18.823506   1.1138715e-18   1.1556075e-19
       3.8162113       18.913648   1.1173269e-18   1.1490841e-19
       3.8173178       19.005577   1.1208449e-18   1.1425007e-19
       3.8184243       19.099358   1.1244276e-18   1.1358561e-19
       3.8195308       19.195058   1.1280771e-18   1.1291485e-19
       3.8206372       19.292748   1.1317960e-18   1.1223764e-19
       3.8217437       19.392502   1.1355865e-18   1.1155381e-19
       3.8228502       19.494398   1.1394513e-18   1.1086317e-19
       3.8239566       19.598520   1.1433931e-18   1.1016555e-19
       3.8250631       19.704955   1.1474149e-18   1.0946075e-19
       3.8261696       19.813795   1.1515196e-18   1.0874856e-19
       3.8272760       19.925138   1.1557104e-18   1.0802878e-19
       3.8283825       20.039089   1.1599909e-18   1.0730119e-19
       3.8294890       20.155756   1.1643644e-18   1.0656555e-19
       3.8305954       20.275258   1.1688349e-18   1.0582161e-19
       3.8317019       20.397718   1.1734064e-18   1.0506913e-19
       3.8328084       20.523268   1.1780831e-18   1.0430783e-19
       3.8339148       20.652049   1.1828697e-18   1.0353743e-19
       3.8350213       20.784211   1.1877709e-18   1.0275763e-19
       3.8361278       20.919916   1.1927920e-18   1.0196812e-19
       3.8372343       21.059333   1.1979384e-18   1.0116857e-19
       3.8383407       21.202647   1.2032161e-18   1.0035863e-19
       3.8394472       21.350055   1.2086313e-18   9.9537928e-20
       3.8405537       21.501768   1.2141908e-18   9.8706072e-20
       3.8416601       21.658014   1.2199018e-18   9.7862648e-20
       3.8427666       21.819039   1.2257722e-18   9.7007215e-20
       3.8438731       21.985107   1.2318102e-18   9.6139305e-20
       3.8449795       22.156504   1.2380250e-18   9.5258420e-20
       3.8460860       22.333541   1.2444262e-18   9.4364028e-20
       3.8471925       22.516555   1.2510245e-18   9.3455563e-20
       3.8482989       22.705912   1.2578313e-18   9.2532417e-20
       3.8494054       22.902011   1.2648591e-18   9.1593942e-20
       3.8505119       23.105290   1.2721214e-18   9.0639438e-20
       3.8516184       23.316225   1.2796330e-18   8.9668156e-20
       3.8527248       23.535344   1.2874102e-18   8.8679287e-20
       3.8538313       23.763223   1.2954707e-18   8.7671959e-20
       3.8549378       24.000501   1.3038340e-18   8.6645227e-20
       3.8560442       24.247888   1.3125219e-18   8.5598065e-20
       3.8571507       24.506168   1.3215580e-18   8.4529358e-20
       3.8582572       24.776219   1.3309691e-18   8.3437889e-20
       3.8593636       25.059024   1.3407846e-18   8.2322328e-20
       3.8604701       25.355686   1.3510377e-18   8.1181214e-20
       3.8615766       25.667450   1.3617655e-18   8.0012939e-20
       3.8626830       25.995729   1.3730098e-18   7.8815726e-20
       3.8637895       26.342132   1.3848183e-18   7.7587602e-20
       3.8648960       26.708502   1.3972449e-18   7.6326373e-20
       3.8660024       27.096962   1.4103516e-18   7.5029581e-20
       3.8671089       27.509974   1.4242097e-18   7.3694463e-20
       3.8682154       27.950410   1.4389020e-18   7.2317893e-20
       3.8682154       28.837445   2.1215007e-18   1.0068899e-19
       3.8693219       29.228191   2.1840385e-18   1.0113069e-19
       3.8704283       29.651580   2.2462099e-18   1.0130298e-19
       3.8715348       30.109979   2.3077790e-18   1.0119319e-19
       3.8726413       30.605845   2.3685021e-18   1.0079183e-19
       3.8737477       31.141700   2.4281306e-18   1.0009308e-19
       3.8748542       31.720112   2.4864146e-18   9.9095242e-20
       3.8759607       32.343663   2.5431070e-18   9.7801157e-20
       3.8770671       33.014903   2.5979670e-18   9.6218403e-20
       3.8781736       33.736307   2.6507641e-18   9.4359400e-20
       3.8792801       34.510207   2.7012812e-18   9.2241318e-20
       3.8803865       35.338727   2.7493170e-18   8.9885795e-20
       3.8814930       36.223696   2.7946870e-18   8.7318451e-20
       3.8825995       37.166551   2.8372229e-18   8.4568226e-20
       3.8837059       38.168236   2.8767699e-18   8.1666549e-20
       3.8848124       39.229088   2.9131815e-18   7.8646377e-20
       3.8859189       40.348719   2.9463113e-18   7.5541160e-20
       3.8870254       41.525902   2.9760025e-18   7.2383777e-20
       3.8881318       42.758457   3.0020749e-18   6.9205517e-20
       3.8892383       44.043164   3.0243093e-18   6.6035150e-20
       3.8903448       45.375693   3.0424330e-18   6.2898159e-20
       3.8914512       46.750565   3.0561046e-18   5.9816160e-20
       3.8925577       48.161168   3.0649038e-18   5.6806571e-20
       3.8936642       49.599812   3.0683274e-18   5.3882517e-20
       3.8947706       51.057853   3.0657941e-18   5.1052995e-20
       3.8958771       52.525857   3.0566632e-18   4.8323278e-20
       3.8969836       53.993837   3.0402661e-18   4.5695505e-20
       3.8980900       55.451517   3.0159538e-18   4.3169427e-20
       3.8991965       56.888633   2.9831546e-18   4.0743210e-20
       3.9003030       58.295244   2.9414394e-18   3.8414226e-20
       3.9014095       59.662027   2.8905841e-18   3.6179746e-20
       3.9025159       60.980556   2.8306208e-18   3.4037454e-20
       3.9036224       62.243516   2.7618670e-18   3.1985743e-20
       3.9047289       63.444875   2.6849293e-18   3.0023784e-20
       3.9058353       64.579972   2.6006770e-18   2.8151396e-20
       3.9069418       65.645552   2.5101915e-18   2.6368780e-20
       3.9080483       66.639727   2.4146981e-18   2.4676195e-20
       3.9091547       67.561893   2.3154917e-18   2.3073642e-20
       3.9102612       68.412594   2.2138650e-18   2.1560621e-20
       3.9113677       69.193368   2.1110469e-18   2.0135972e-20
       3.9124741       69.906576   2.0081577e-18   1.8797827e-20
       3.9135806       70.555226   1.9061789e-18   1.7543641e-20
       3.9146871       71.142800   1.8059399e-18   1.6370280e-20
       3.9157935       71.673108   1.7081159e-18   1.5274153e-20
       3.9169000       72.150142   1.6132357e-18   1.4251346e-20
       3.9180065       72.577966   1.5216950e-18   1.3297757e-20
       3.9191130       72.960616   1.4337727e-18   1.2409215e-20
       3.9202194       73.302031   1.3496488e-18   1.1581576e-20
       3.9213259       73.605988   1.2694206e-18   1.0810796e-20
       3.9224324       73.876070   1.1931189e-18   1.0092987e-20
       3.9235388       74.115636   1.1207217e-18   9.4244491e-21
       3.9246453       74.327804   1.0521659e-18   8.8016971e-21
       3.9257518       74.515450   9.8735775e-19   8.2214644e-21
       3.9268582       74.681206   9.2618063e-19   7.6807066e-21
       3.9279647       74.827468   8.6850207e-19   7.1765961e-21
       3.9290712       74.956405   8.1417904e-19   6.7065132e-21
       3.9301776       75.069975   7.6306223e-19   6.2680344e-21
       3.9312841       75.169933   7.1499934e-19   5.8589201e-21
       3.9323906       75.257855   6.6983770e-19   5.4771015e-21
       3.9334971       75.335145   6.2742623e-19   5.1206676e-21
       3.9346035       75.403055   5.8761687e-19   4.7878526e-21
       3.9357100       75.462695   5.5026567e-19   4.4770240e-21
       3.9368165       75.515053   5.1523356e-19   4.1866717e-21
       3.9379229       75.561002   4.8238687e-19   3.9153981e-21
       3.9390294       75.601314   4.5159763e-19   3.6619080e-21
       3.9401359       75.636672   4.2274376e-19   3.4250009e-21
       3.9412423       75.667677   3.9570912e-19   3.2035627e-21
       3.9423488       75.694859   3.7038351e-19   2.9965590e-21
       3.9434553       75.718686   3.4666254e-19   2.8030286e-21
       3.9445617       75.739568   3.2444753e-19   2.6220776e-21
       3.9456682       75.757867   3.0364530e-19   2.4528742e-21
       3.9467747       75.773901   2.8416799e-19   2.2946443e-21
       3.9478811       75.787948   2.6593281e-19   2.1466664e-21
       3.9489876       75.800253   2.4886189e-19   2.0082685e-21
       3.9500941       75.811032   2.3288196e-19   1.8788236e-21
       3.9512006       75.820473   2.1792419e-19   1.7577473e-21
       3.9523070       75.828741   2.0392390e-19   1.6444941e-21
       3.9534135       75.835983   1.9082040e-19   1.5385547e-21
       3.9545200       75.842325   1.7855672e-19   1.4394539e-21
       3.9556264       75.847878   1.6707943e-19   1.3467478e-21
       3.9567329       75.852741   1.5633843e-19   1.2600216e-21
       3.9578394       75.856999   1.4628675e-19   1.1788879e-21
       3.9589458       75.860728   1.3688036e-19   1.1029848e-21
       3.9600523       75.863993   1.2807802e-19   1.0319739e-21
       3.9611588       75.866851   1.1984107e-19   9.6553898e-22
       3.9622652       75.869354   1.1213333e-19   9.0338436e-22
       3.9633717       75.871545   1.0492088e-19   8.4523366e-22
       3.9644782       75.873464   9.8171980e-20   7.9082844e-22
       3.9655847       75.875144   9.1856902e-20   7.3992704e-22
       3.9666911       75.876614   8.5947812e-20   6.9230346e-22
       3.9677976       75.877902   8.0418653e-20   6.4774633e-22
       3.9689041       75.879029   7.5245033e-20   6.0605798e-22
       3.9700105       75.880016   7.0404119e-20   5.6705351e-22
       3.9711170       75.880880   6.5874538e-20   5.3055999e-22
       3.9722235       75.881637   6.1636288e-20   4.9641563e-22
       3.9733299       75.882299   5.7670647e-20   4.6446913e-22
       3.9744364       75.882879   5.3960094e-20   4.3457890e-22
       3.9755429       75.883386   5.0488230e-20   4.0661254e-22
       3.9766493       75.883831   4.7239711e-20   3.8044615e-22
       3.9777558       75.884220   4.4200176e-20   3.5596383e-22
       3.9788623       75.884560   4.1356187e-20   3.3305717e-22
       3.9799687       75.884858   3.8695167e-20   3.1162472e-22
       3.9810752       75.885119   3.6205350e-20   2.9157158e-22
       3.9821817       75.885348   3.3875724e-20   2.7280896e-22
       3.9832882       75.885548   3.1695986e-20   2.5525379e-22
       3.9843946       75.885723   2.9656493e-20   2.3882836e-22
       3.9855011       75.885876   2.7748224e-20   2.2345994e-22
       3.9866076       75.886011   2.5962738e-20   2.0908052e-22
       3.9877140       75.886128   2.4292135e-20   1.9562643e-22
       3.9888205       75.886231   2.2729024e-20   1.8303813e-22
       3.9899270       75.886321   2.1266491e-20   1.7125989e-22
       3.9910334       75.886400   1.9898063e-20   1.6023958e-22
       3.9921399       75.886469   1.8617687e-20   1.4992843e-22
       3.9932464       75.886529   1.7419696e-20   1.4028080e-22
       3.9943528       75.886582   1.6298792e-20   1.3125398e-22
       3.9954593       75.886629   1.5250012e-20   1.2280804e-22
       3.9965658       75.886669   1.4268717e-20   1.1490558e-22
       3.9976722       75.886705   1.3350565e-20   1.0751163e-22
       3.9987787       75.886736   1.2491493e-20   1.0059348e-22
       3.9998852       75.886763   1.1687699e-20   9.4120498e-23
       4.0009917       75.886787   1.0935627e-20   8.8064043e-23
       4.0020981       75.886808   1.0231948e-20   8.2397311e-23
       4.0032046       75.886826   9.5735485e-21   7.7095223e-23
       4.0043111       75.886842   8.9575151e-21   7.2134314e-23
       4.0054175       75.886856   8.3811217e-21   6.7492631e-23
       4.0065240       75.886868   7.8418175e-21   6.3149631e-23
