    0.0010971120       5.0037859   4.6871196e-19   5.5420865e-19
     0.012068232       5.0087409   4.6901498e-19   5.5356157e-19
     0.023039352       5.0137144   4.6931903e-19   5.5291346e-19
     0.034010472       5.0187065   4.6962410e-19   5.5226433e-19
     0.044981593       5.0237175   4.6993022e-19   5.5161416e-19
     0.055952713       5.0287474   4.7023739e-19   5.5096296e-19
     0.066923833       5.0337964   4.7054561e-19   5.5031071e-19
     0.077894953       5.0388645   4.7085489e-19   5.4965741e-19
     0.088866073       5.0439520   4.7116524e-19   5.4900306e-19
     0.099837193       5.0490589   4.7147666e-19   5.4834765e-19
      0.11080831       5.0541853   4.7178916e-19   5.4769118e-19
      0.12177943       5.0593315   4.7210275e-19   5.4703365e-19
      0.13275055       5.0644974   4.7241744e-19   5.4637504e-19
      0.14372167       5.0696834   4.7273323e-19   5.4571536e-19
      0.15469279       5.0748894   4.7305012e-19   5.4505459e-19
      0.16566391       5.0801157   4.7336813e-19   5.4439274e-19
      0.17663503       5.0853623   4.7368726e-19   5.4372980e-19
      0.18760615       5.0906295   4.7400752e-19   5.4306576e-19
      0.19857727       5.0959173   4.7432892e-19   5.4240062e-19
      0.20954839       5.1012259   4.7465147e-19   5.4173437e-19
      0.22051951       5.1065555   4.7497516e-19   5.4106701e-19
      0.23149063       5.1119061   4.7530002e-19   5.4039853e-19
      0.24246175       5.1172779   4.7562604e-19   5.3972894e-19
      0.25343287       5.1226711   4.7595324e-19   5.3905821e-19
      0.26440400       5.1280859   4.7628162e-19   5.3838635e-19
      0.27537512       5.1335223   4.7661119e-19   5.3771335e-19
      0.28634624       5.1389806   4.7694196e-19   5.3703921e-19
      0.29731736       5.1444608   4.7727394e-19   5.3636393e-19
      0.30828848       5.1499631   4.7760713e-19   5.3568748e-19
      0.31925960       5.1554878   4.7794154e-19   5.3500988e-19
      0.33023072       5.1610349   4.7827719e-19   5.3433111e-19
      0.34120184       5.1666046   4.7861407e-19   5.3365117e-19
      0.35217296       5.1721971   4.7895220e-19   5.3297005e-19
      0.36314408       5.1778125   4.7929159e-19   5.3228775e-19
      0.37411520       5.1834510   4.7963224e-19   5.3160427e-19
      0.38508632       5.1891127   4.7997416e-19   5.3091959e-19
      0.39605744       5.1947979   4.8031736e-19   5.3023370e-19
      0.40702856       5.2005067   4.8066186e-19   5.2954662e-19
      0.41799968       5.2062393   4.8100765e-19   5.2885832e-19
      0.42897080       5.2119958   4.8135476e-19   5.2816880e-19
      0.43994192       5.2177765   4.8170318e-19   5.2747806e-19
      0.45091304       5.2235814   4.8205292e-19   5.2678609e-19
      0.46188416       5.2294108   4.8240401e-19   5.2609289e-19
      0.47285528       5.2352649   4.8275643e-19   5.2539844e-19
      0.48382640       5.2411438   4.8311022e-19   5.2470274e-19
      0.49479752       5.2470477   4.8346536e-19   5.2400579e-19
      0.50576864       5.2529769   4.8382188e-19   5.2330758e-19
      0.51673976       5.2589314   4.8417979e-19   5.2260811e-19
      0.52771088       5.2649116   4.8453908e-19   5.2190735e-19
      0.53868200       5.2709175   4.8489978e-19   5.2120532e-19
      0.54965312       5.2769494   4.8526190e-19   5.2050200e-19
      0.56062424       5.2830075   4.8562543e-19   5.1979739e-19
      0.57159536       5.2890919   4.8599040e-19   5.1909148e-19
      0.58256648       5.2952029   4.8635681e-19   5.1838426e-19
      0.59353760       5.3013407   4.8672468e-19   5.1767573e-19
      0.60450872       5.3075055   4.8709401e-19   5.1696587e-19
      0.61547984       5.3136975   4.8746482e-19   5.1625469e-19
      0.62645096       5.3199169   4.8783712e-19   5.1554218e-19
      0.63742208       5.3261639   4.8821091e-19   5.1482832e-19
      0.64839320       5.3324387   4.8858621e-19   5.1411312e-19
      0.65936432       5.3387416   4.8896303e-19   5.1339656e-19
      0.67033544       5.3450727   4.8934138e-19   5.1267864e-19
      0.68130656       5.3514323   4.8972127e-19   5.1195935e-19
      0.69227768       5.3578207   4.9010272e-19   5.1123868e-19
      0.70324880       5.3642380   4.9048573e-19   5.1051663e-19
      0.71421992       5.3706844   4.9087032e-19   5.0979319e-19
      0.72519104       5.3771603   4.9125649e-19   5.0906834e-19
      0.73616216       5.3836657   4.9164427e-19   5.0834209e-19
      0.74713328       5.3902011   4.9203366e-19   5.0761443e-19
      0.75810440       5.3967666   4.9242468e-19   5.0688534e-19
      0.76907552       5.4033624   4.9281733e-19   5.0615482e-19
      0.78004664       5.4099888   4.9321164e-19   5.0542287e-19
      0.79101776       5.4166461   4.9360760e-19   5.0468947e-19
      0.80198888       5.4233345   4.9400525e-19   5.0395461e-19
      0.81296000       5.4300543   4.9440458e-19   5.0321829e-19
      0.82393112       5.4368056   4.9480561e-19   5.0248051e-19
      0.83490224       5.4435889   4.9520836e-19   5.0174124e-19
      0.84587336       5.4504043   4.9561284e-19   5.0100049e-19
      0.85684448       5.4572521   4.9601906e-19   5.0025824e-19
      0.86781560       5.4641325   4.9642703e-19   4.9951449e-19
      0.87878672       5.4710460   4.9683678e-19   4.9876923e-19
      0.88975784       5.4779926   4.9724831e-19   4.9802245e-19
      0.90072896       5.4849728   4.9766164e-19   4.9727414e-19
      0.91170008       5.4919867   4.9807678e-19   4.9652429e-19
      0.92267120       5.4990348   4.9849375e-19   4.9577289e-19
      0.93364232       5.5061172   4.9891256e-19   4.9501994e-19
      0.94461344       5.5132342   4.9933322e-19   4.9426542e-19
      0.95558456       5.5203863   4.9975576e-19   4.9350933e-19
      0.96655568       5.5275736   5.0018019e-19   4.9275166e-19
      0.97752680       5.5347964   5.0060651e-19   4.9199239e-19
      0.98849792       5.5420551   5.0103476e-19   4.9123152e-19
      0.99946904       5.5493500   5.0146494e-19   4.9046905e-19
       1.0104402       5.5566815   5.0189707e-19   4.8970495e-19
       1.0214113       5.5640497   5.0233116e-19   4.8893922e-19
       1.0323824       5.5714551   5.0276724e-19   4.8817185e-19
       1.0433535       5.5788980   5.0320532e-19   4.8740283e-19
       1.0543246       5.5863786   5.0364542e-19   4.8663215e-19
       1.0652958       5.5938974   5.0408754e-19   4.8585980e-19
       1.0762669       5.6014547   5.0453172e-19   4.8508577e-19
       1.0872380       5.6090509   5.0497796e-19   4.8431005e-19
       1.0982091       5.6166862   5.0542629e-19   4.8353263e-19
       1.1091802       5.6243611   5.0587673e-19   4.8275350e-19
       1.1201514       5.6320758   5.0632928e-19   4.8197265e-19
       1.1311225       5.6398308   5.0678397e-19   4.8119006e-19
       1.1420936       5.6476265   5.0724082e-19   4.8040573e-19
       1.1530647       5.6554631   5.0769985e-19   4.7961965e-19
       1.1640358       5.6633411   5.0816108e-19   4.7883181e-19
       1.1750070       5.6712609   5.0862452e-19   4.7804218e-19
       1.1859781       5.6792228   5.0909019e-19   4.7725078e-19
       1.1969492       5.6872273   5.0955812e-19   4.7645757e-19
       1.2079203       5.6952747   5.1002832e-19   4.7566255e-19
       1.2188914       5.7033655   5.1050082e-19   4.7486571e-19
       1.2298626       5.7115000   5.1097563e-19   4.7406704e-19
       1.2408337       5.7196787   5.1145278e-19   4.7326653e-19
       1.2518048       5.7279020   5.1193228e-19   4.7246415e-19
       1.2627759       5.7361704   5.1241416e-19   4.7165991e-19
       1.2737470       5.7444841   5.1289844e-19   4.7085379e-19
       1.2847182       5.7528438   5.1338515e-19   4.7004577e-19
       1.2956893       5.7612498   5.1387430e-19   4.6923585e-19
       1.3066604       5.7697026   5.1436591e-19   4.6842401e-19
       1.3176315       5.7782026   5.1486002e-19   4.6761024e-19
       1.3286026       5.7867503   5.1535663e-19   4.6679453e-19
       1.3395738       5.7953462   5.1585579e-19   4.6597686e-19
       1.3505449       5.8039908   5.1635750e-19   4.6515721e-19
       1.3615160       5.8126845   5.1686180e-19   4.6433559e-19
       1.3724871       5.8214278   5.1736870e-19   4.6351197e-19
       1.3834582       5.8302213   5.1787824e-19   4.6268633e-19
       1.3944294       5.8390654   5.1839043e-19   4.6185868e-19
       1.4054005       5.8479606   5.1890531e-19   4.6102898e-19
       1.4163716       5.8569075   5.1942290e-19   4.6019724e-19
       1.4273427       5.8659065   5.1994322e-19   4.5936343e-19
       1.4383138       5.8749583   5.2046631e-19   4.5852753e-19
       1.4492850       5.8840634   5.2099218e-19   4.5768954e-19
       1.4602561       5.8932223   5.2152087e-19   4.5684945e-19
       1.4712272       5.9024355   5.2205240e-19   4.5600722e-19
       1.4821983       5.9117037   5.2258681e-19   4.5516286e-19
       1.4931694       5.9210274   5.2312411e-19   4.5431634e-19
       1.5041406       5.9304072   5.2366434e-19   4.5346765e-19
       1.5151117       5.9398437   5.2420754e-19   4.5261678e-19
       1.5260828       5.9493374   5.2475372e-19   4.5176371e-19
       1.5370539       5.9588891   5.2530292e-19   4.5090841e-19
       1.5480250       5.9684993   5.2585516e-19   4.5005088e-19
       1.5589962       5.9781687   5.2641049e-19   4.4919111e-19
       1.5699673       5.9878978   5.2696893e-19   4.4832906e-19
       1.5809384       5.9976874   5.2753051e-19   4.4746474e-19
       1.5919095       6.0075381   5.2809527e-19   4.4659811e-19
       1.6028807       6.0174506   5.2866324e-19   4.4572916e-19
       1.6138518       6.0274255   5.2923445e-19   4.4485788e-19
       1.6248229       6.0374636   5.2980893e-19   4.4398425e-19
       1.6357940       6.0475655   5.3038673e-19   4.4310825e-19
       1.6467651       6.0577320   5.3096787e-19   4.4222986e-19
       1.6577363       6.0679637   5.3155239e-19   4.4134906e-19
       1.6687074       6.0782615   5.3214034e-19   4.4046584e-19
       1.6796785       6.0886261   5.3273173e-19   4.3958017e-19
       1.6906496       6.0990581   5.3332662e-19   4.3869205e-19
       1.7016207       6.1095585   5.3392504e-19   4.3780144e-19
       1.7125919       6.1201280   5.3452702e-19   4.3690833e-19
       1.7235630       6.1307674   5.3513261e-19   4.3601269e-19
       1.7345341       6.1414774   5.3574185e-19   4.3511452e-19
       1.7455052       6.1522590   5.3635477e-19   4.3421379e-19
       1.7564763       6.1631130   5.3697143e-19   4.3331048e-19
       1.7674475       6.1740402   5.3759185e-19   4.3240456e-19
       1.7784186       6.1850415   5.3821608e-19   4.3149602e-19
       1.7893897       6.1961177   5.3884417e-19   4.3058484e-19
       1.8003608       6.2072698   5.3947616e-19   4.2967099e-19
       1.8113319       6.2184987   5.4011209e-19   4.2875445e-19
       1.8223031       6.2298054   5.4075201e-19   4.2783520e-19
       1.8332742       6.2411906   5.4139596e-19   4.2691322e-19
       1.8442453       6.2526555   5.4204400e-19   4.2598849e-19
       1.8552164       6.2642010   5.4269616e-19   4.2506098e-19
       1.8661875       6.2758282   5.4335250e-19   4.2413067e-19
       1.8771587       6.2875379   5.4401306e-19   4.2319753e-19
       1.8881298       6.2993312   5.4467791e-19   4.2226154e-19
       1.8991009       6.3112093   5.4534707e-19   4.2132268e-19
       1.9100720       6.3231731   5.4602062e-19   4.2038092e-19
       1.9210431       6.3352238   5.4669860e-19   4.1943624e-19
       1.9320143       6.3473624   5.4738106e-19   4.1848861e-19
       1.9429854       6.3595902   5.4806806e-19   4.1753800e-19
       1.9539565       6.3719082   5.4875966e-19   4.1658439e-19
       1.9649276       6.3843176   5.4945591e-19   4.1562776e-19
       1.9758987       6.3968196   5.5015687e-19   4.1466807e-19
       1.9868699       6.4094154   5.5086259e-19   4.1370531e-19
       1.9978410       6.4221064   5.5157314e-19   4.1273943e-19
       2.0088121       6.4348936   5.5228858e-19   4.1177041e-19
       2.0197832       6.4477785   5.5300897e-19   4.1079823e-19
       2.0307543       6.4607622   5.5373438e-19   4.0982286e-19
       2.0417255       6.4738463   5.5446486e-19   4.0884426e-19
       2.0526966       6.4870320   5.5520048e-19   4.0786241e-19
       2.0636677       6.5003207   5.5594131e-19   4.0687727e-19
       2.0746388       6.5137138   5.5668741e-19   4.0588882e-19
       2.0856099       6.5272128   5.5743887e-19   4.0489702e-19
       2.0965811       6.5408192   5.5819573e-19   4.0390184e-19
       2.1075522       6.5545344   5.5895809e-19   4.0290326e-19
       2.1185233       6.5683600   5.5972601e-19   4.0190123e-19
       2.1294944       6.5822976   5.6049956e-19   4.0089572e-19
       2.1404655       6.5963487   5.6127883e-19   3.9988670e-19
       2.1514367       6.6105150   5.6206388e-19   3.9887414e-19
       2.1624078       6.6247982   5.6285480e-19   3.9785801e-19
       2.1733789       6.6391998   5.6365168e-19   3.9683825e-19
       2.1843500       6.6537218   5.6445458e-19   3.9581485e-19
       2.1953211       6.6683658   5.6526360e-19   3.9478776e-19
       2.2062923       6.6831337   5.6607883e-19   3.9375694e-19
       2.2172634       6.6980272   5.6690034e-19   3.9272236e-19
       2.2282345       6.7130484   5.6772823e-19   3.9168398e-19
       2.2392056       6.7281991   5.6856259e-19   3.9064176e-19
       2.2501767       6.7434812   5.6940351e-19   3.8959566e-19
       2.2611479       6.7588968   5.7025109e-19   3.8854564e-19
       2.2721190       6.7744480   5.7110543e-19   3.8749166e-19
       2.2830901       6.7901368   5.7196662e-19   3.8643368e-19
       2.2940612       6.8059654   5.7283476e-19   3.8537165e-19
       2.3050323       6.8219360   5.7370997e-19   3.8430553e-19
       2.3160035       6.8380508   5.7459234e-19   3.8323528e-19
       2.3269746       6.8543122   5.7548198e-19   3.8216085e-19
       2.3379457       6.8707224   5.7637900e-19   3.8108220e-19
       2.3489168       6.8872840   5.7728352e-19   3.7999927e-19
       2.3598879       6.9039992   5.7819566e-19   3.7891203e-19
       2.3708591       6.9208708   5.7911552e-19   3.7782042e-19
       2.3818302       6.9379011   5.8004323e-19   3.7672440e-19
       2.3928013       6.9550930   5.8097892e-19   3.7562391e-19
       2.4037724       6.9724490   5.8192270e-19   3.7451891e-19
       2.4147435       6.9899720   5.8287472e-19   3.7340933e-19
       2.4257147       7.0076648   5.8383510e-19   3.7229514e-19
       2.4366858       7.0255302   5.8480397e-19   3.7117627e-19
       2.4476569       7.0435713   5.8578148e-19   3.7005267e-19
       2.4586280       7.0617911   5.8676777e-19   3.6892429e-19
       2.4695991       7.0801927   5.8776298e-19   3.6779106e-19
       2.4805703       7.0987794   5.8876727e-19   3.6665293e-19
       2.4915414       7.1175544   5.8978077e-19   3.6550984e-19
       2.5025125       7.1365211   5.9080366e-19   3.6436172e-19
       2.5134836       7.1556829   5.9183609e-19   3.6320853e-19
       2.5244547       7.1750434   5.9287823e-19   3.6205019e-19
       2.5354259       7.1946062   5.9393024e-19   3.6088663e-19
       2.5463970       7.2143752   5.9499229e-19   3.5971780e-19
       2.5573681       7.2343540   5.9606457e-19   3.5854363e-19
       2.5683392       7.2545466   5.9714725e-19   3.5736404e-19
       2.5793103       7.2749571   5.9824053e-19   3.5617898e-19
       2.5902815       7.2955897   5.9934459e-19   3.5498836e-19
       2.6012526       7.3164485   6.0045963e-19   3.5379211e-19
       2.6122237       7.3375381   6.0158584e-19   3.5259016e-19
       2.6231948       7.3588628   6.0272345e-19   3.5138243e-19
       2.6341659       7.3804274   6.0387266e-19   3.5016885e-19
       2.6451371       7.4022366   6.0503368e-19   3.4894933e-19
       2.6561082       7.4242953   6.0620675e-19   3.4772380e-19
       2.6670793       7.4466085   6.0739210e-19   3.4649217e-19
       2.6780504       7.4691816   6.0858995e-19   3.4525435e-19
       2.6890215       7.4920197   6.0980056e-19   3.4401027e-19
       2.6999927       7.5151284   6.1102418e-19   3.4275982e-19
       2.7109638       7.5385134   6.1226107e-19   3.4150292e-19
       2.7219349       7.5621806   6.1351148e-19   3.4023947e-19
       2.7329060       7.5861359   6.1477570e-19   3.3896938e-19
       2.7438771       7.6103856   6.1605401e-19   3.3769256e-19
       2.7548483       7.6349361   6.1734669e-19   3.3640889e-19
       2.7658194       7.6597939   6.1865405e-19   3.3511829e-19
       2.7767905       7.6849659   6.1997640e-19   3.3382063e-19
       2.7877616       7.7104591   6.2131404e-19   3.3251582e-19
       2.7987327       7.7362809   6.2266732e-19   3.3120375e-19
       2.8009270       7.7414853   6.2293988e-19   3.3094045e-19
       2.8020241       7.7440925   6.2307640e-19   3.3080869e-19
       2.8031212       7.7467032   6.2321308e-19   3.3067686e-19
       2.8042183       7.7493172   6.2334993e-19   3.3054495e-19
       2.8053154       7.7519347   6.2348693e-19   3.3041297e-19
       2.8064125       7.7545555   6.2362410e-19   3.3028091e-19
       2.8075096       7.7571798   6.2376142e-19   3.3014878e-19
       2.8086068       7.7598074   6.2389891e-19   3.3001657e-19
       2.8097039       7.7624386   6.2403657e-19   3.2988429e-19
       2.8108010       7.7650731   6.2417438e-19   3.2975193e-19
       2.8118981       7.7677111   6.2431236e-19   3.2961950e-19
       2.8129952       7.7703525   6.2445051e-19   3.2948700e-19
       2.8140923       7.7729974   6.2458881e-19   3.2935442e-19
       2.8151894       7.7756458   6.2472729e-19   3.2922176e-19
       2.8162865       7.7782977   6.2486592e-19   3.2908903e-19
       2.8173836       7.7809530   6.2500473e-19   3.2895622e-19
       2.8184808       7.7836118   6.2514369e-19   3.2882333e-19
       2.8195779       7.7862741   6.2528283e-19   3.2869037e-19
       2.8206750       7.7889400   6.2542213e-19   3.2855734e-19
       2.8217721       7.7916093   6.2556160e-19   3.2842423e-19
       2.8228692       7.7942822   6.2570123e-19   3.2829104e-19
       2.8239663       7.7969586   6.2584103e-19   3.2815777e-19
       2.8250634       7.7996386   6.2598100e-19   3.2802443e-19
       2.8261605       7.8023221   6.2612114e-19   3.2789101e-19
       2.8272577       7.8050091   6.2626145e-19   3.2775752e-19
       2.8283548       7.8076998   6.2640192e-19   3.2762395e-19
       2.8294519       7.8103940   6.2654257e-19   3.2749030e-19
       2.8305490       7.8130917   6.2668338e-19   3.2735657e-19
       2.8316461       7.8157931   6.2682437e-19   3.2722277e-19
       2.8327432       7.8184981   6.2696552e-19   3.2708889e-19
       2.8338403       7.8212067   6.2710685e-19   3.2695493e-19
       2.8349374       7.8239189   6.2724835e-19   3.2682090e-19
       2.8360346       7.8266347   6.2739001e-19   3.2668679e-19
       2.8371317       7.8293542   6.2753186e-19   3.2655259e-19
       2.8382288       7.8320773   6.2767387e-19   3.2641833e-19
       2.8393259       7.8348040   6.2781605e-19   3.2628398e-19
       2.8404230       7.8375344   6.2795841e-19   3.2614955e-19
       2.8415201       7.8402685   6.2810095e-19   3.2601505e-19
       2.8426172       7.8430063   6.2824365e-19   3.2588047e-19
       2.8437143       7.8457477   6.2838653e-19   3.2574581e-19
       2.8448114       7.8484928   6.2852959e-19   3.2561107e-19
       2.8459086       7.8512417   6.2867282e-19   3.2547625e-19
       2.8470057       7.8539942   6.2881623e-19   3.2534135e-19
       2.8481028       7.8567505   6.2895981e-19   3.2520637e-19
       2.8491999       7.8595105   6.2910357e-19   3.2507132e-19
       2.8502970       7.8622742   6.2924750e-19   3.2493618e-19
       2.8513941       7.8650417   6.2939161e-19   3.2480097e-19
       2.8524912       7.8678130   6.2953590e-19   3.2466567e-19
       2.8535883       7.8705880   6.2968037e-19   3.2453030e-19
       2.8546855       7.8733667   6.2982502e-19   3.2439484e-19
       2.8557826       7.8761493   6.2996984e-19   3.2425931e-19
       2.8568797       7.8789357   6.3011485e-19   3.2412369e-19
       2.8579768       7.8817258   6.3026003e-19   3.2398800e-19
       2.8590739       7.8845198   6.3040539e-19   3.2385222e-19
       2.8601710       7.8873176   6.3055093e-19   3.2371637e-19
       2.8612681       7.8901192   6.3069666e-19   3.2358043e-19
       2.8623652       7.8929246   6.3084256e-19   3.2344441e-19
       2.8634624       7.8957339   6.3098865e-19   3.2330831e-19
       2.8645595       7.8985471   6.3113492e-19   3.2317213e-19
       2.8656566       7.9013641   6.3128137e-19   3.2303587e-19
       2.8667537       7.9041850   6.3142800e-19   3.2289953e-19
       2.8678508       7.9070098   6.3157482e-19   3.2276311e-19
       2.8689479       7.9098384   6.3172182e-19   3.2262660e-19
       2.8700450       7.9126710   6.3186901e-19   3.2249001e-19
       2.8711421       7.9155075   6.3201637e-19   3.2235334e-19
       2.8722392       7.9183479   6.3216393e-19   3.2221659e-19
       2.8733364       7.9211922   6.3231167e-19   3.2207976e-19
       2.8744335       7.9240405   6.3245959e-19   3.2194284e-19
       2.8755306       7.9268927   6.3260770e-19   3.2180584e-19
       2.8766277       7.9297489   6.3275600e-19   3.2166876e-19
       2.8777248       7.9326091   6.3290449e-19   3.2153160e-19
       2.8788219       7.9354732   6.3305316e-19   3.2139435e-19
       2.8799190       7.9383413   6.3320202e-19   3.2125702e-19
       2.8810161       7.9412135   6.3335107e-19   3.2111961e-19
       2.8821133       7.9440896   6.3350031e-19   3.2098211e-19
       2.8832104       7.9469698   6.3364973e-19   3.2084453e-19
       2.8843075       7.9498539   6.3379935e-19   3.2070687e-19
       2.8854046       7.9527422   6.3394916e-19   3.2056912e-19
       2.8865017       7.9556344   6.3409915e-19   3.2043129e-19
       2.8875988       7.9585308   6.3424934e-19   3.2029338e-19
       2.8886959       7.9614312   6.3439972e-19   3.2015538e-19
       2.8897930       7.9643356   6.3455029e-19   3.2001729e-19
       2.8908902       7.9672442   6.3470105e-19   3.1987913e-19
       2.8919873       7.9701568   6.3485201e-19   3.1974087e-19
       2.8930844       7.9730736   6.3500316e-19   3.1960254e-19
       2.8941815       7.9759945   6.3515450e-19   3.1946411e-19
       2.8952786       7.9789195   6.3530604e-19   3.1932561e-19
       2.8963757       7.9818487   6.3545777e-19   3.1918702e-19
       2.8974728       7.9847820   6.3560970e-19   3.1904834e-19
       2.8985699       7.9877194   6.3576182e-19   3.1890957e-19
       2.8996670       7.9906611   6.3591414e-19   3.1877073e-19
       2.9007642       7.9936069   6.3606666e-19   3.1863179e-19
       2.9018613       7.9965569   6.3621937e-19   3.1849277e-19
       2.9029584       7.9995111   6.3637228e-19   3.1835366e-19
       2.9040555       8.0024695   6.3652539e-19   3.1821447e-19
       2.9051526       8.0054322   6.3667869e-19   3.1807519e-19
       2.9062497       8.0083990   6.3683220e-19   3.1793583e-19
       2.9073468       8.0113702   6.3698590e-19   3.1779637e-19
       2.9084439       8.0143455   6.3713980e-19   3.1765684e-19
       2.9095411       8.0173252   6.3729391e-19   3.1751721e-19
       2.9106382       8.0203091   6.3744821e-19   3.1737750e-19
       2.9117353       8.0232973   6.3760272e-19   3.1723770e-19
       2.9128324       8.0262898   6.3775742e-19   3.1709781e-19
       2.9139295       8.0292866   6.3791233e-19   3.1695783e-19
       2.9150266       8.0322877   6.3806744e-19   3.1681777e-19
       2.9161237       8.0352932   6.3822276e-19   3.1667762e-19
       2.9172208       8.0383030   6.3837828e-19   3.1653738e-19
       2.9183180       8.0413171   6.3853400e-19   3.1639705e-19
       2.9194151       8.0443356   6.3868993e-19   3.1625664e-19
       2.9205122       8.0473585   6.3884606e-19   3.1611613e-19
       2.9216093       8.0503858   6.3900240e-19   3.1597554e-19
       2.9227064       8.0534175   6.3915894e-19   3.1583486e-19
       2.9238035       8.0564536   6.3931569e-19   3.1569409e-19
       2.9249006       8.0594940   6.3947265e-19   3.1555323e-19
       2.9259977       8.0625390   6.3962981e-19   3.1541228e-19
       2.9270948       8.0655883   6.3978719e-19   3.1527124e-19
       2.9281920       8.0686422   6.3994477e-19   3.1513012e-19
       2.9292891       8.0717005   6.4010256e-19   3.1498890e-19
       2.9303862       8.0747632   6.4026056e-19   3.1484759e-19
       2.9314833       8.0778305   6.4041877e-19   3.1470619e-19
       2.9325804       8.0809022   6.4057719e-19   3.1456471e-19
       2.9336775       8.0839785   6.4073582e-19   3.1442313e-19
       2.9347746       8.0870593   6.4089467e-19   3.1428146e-19
       2.9358717       8.0901446   6.4105372e-19   3.1413970e-19
       2.9369689       8.0932344   6.4121299e-19   3.1399785e-19
       2.9380660       8.0963289   6.4137248e-19   3.1385591e-19
       2.9391631       8.0994279   6.4153217e-19   3.1371388e-19
       2.9402602       8.1025314   6.4169208e-19   3.1357175e-19
       2.9413573       8.1056396   6.4185221e-19   3.1342954e-19
       2.9424544       8.1087524   6.4201255e-19   3.1328723e-19
       2.9435515       8.1118697   6.4217310e-19   3.1314483e-19
       2.9446486       8.1149918   6.4233387e-19   3.1300234e-19
       2.9457458       8.1181184   6.4249486e-19   3.1285976e-19
       2.9468429       8.1212497   6.4265607e-19   3.1271709e-19
       2.9479400       8.1243857   6.4281749e-19   3.1257432e-19
       2.9490371       8.1275264   6.4297914e-19   3.1243146e-19
       2.9501342       8.1306717   6.4314100e-19   3.1228851e-19
       2.9512313       8.1338217   6.4330308e-19   3.1214546e-19
       2.9523284       8.1369765   6.4346538e-19   3.1200232e-19
       2.9534255       8.1401360   6.4362791e-19   3.1185909e-19
       2.9545226       8.1433002   6.4379065e-19   3.1171576e-19
       2.9556198       8.1464692   6.4395362e-19   3.1157234e-19
       2.9567169       8.1496429   6.4411680e-19   3.1142883e-19
       2.9578140       8.1528215   6.4428022e-19   3.1128522e-19
       2.9589111       8.1560048   6.4444385e-19   3.1114152e-19
       2.9600082       8.1591929   6.4460771e-19   3.1099773e-19
       2.9611053       8.1623858   6.4477179e-19   3.1085383e-19
       2.9622024       8.1655836   6.4493610e-19   3.1070985e-19
       2.9632995       8.1687862   6.4510063e-19   3.1056577e-19
       2.9643967       8.1719936   6.4526539e-19   3.1042159e-19
       2.9654938       8.1752059   6.4543038e-19   3.1027732e-19
       2.9665909       8.1784231   6.4559560e-19   3.1013296e-19
       2.9676880       8.1816452   6.4576104e-19   3.0998850e-19
       2.9687851       8.1848722   6.4592671e-19   3.0984394e-19
       2.9698822       8.1881041   6.4609261e-19   3.0969929e-19
       2.9709793       8.1913409   6.4625874e-19   3.0955454e-19
       2.9720764       8.1945827   6.4642510e-19   3.0940969e-19
       2.9731736       8.1978295   6.4659170e-19   3.0926475e-19
       2.9742707       8.2010812   6.4675852e-19   3.0911971e-19
       2.9753678       8.2043379   6.4692557e-19   3.0897458e-19
       2.9764649       8.2075996   6.4709286e-19   3.0882935e-19
       2.9775620       8.2108663   6.4726038e-19   3.0868402e-19
       2.9786591       8.2141381   6.4742814e-19   3.0853859e-19
       2.9797562       8.2174148   6.4759613e-19   3.0839307e-19
       2.9808533       8.2206967   6.4776436e-19   3.0824744e-19
       2.9819504       8.2239836   6.4793282e-19   3.0810172e-19
       2.9830476       8.2272756   6.4810151e-19   3.0795591e-19
       2.9841447       8.2305726   6.4827045e-19   3.0780999e-19
       2.9852418       8.2338748   6.4843962e-19   3.0766398e-19
       2.9863389       8.2371821   6.4860903e-19   3.0751786e-19
       2.9874360       8.2404946   6.4877868e-19   3.0737165e-19
       2.9885331       8.2438122   6.4894857e-19   3.0722534e-19
       2.9896302       8.2471349   6.4911869e-19   3.0707893e-19
       2.9907273       8.2504628   6.4928906e-19   3.0693242e-19
       2.9918245       8.2537960   6.4945967e-19   3.0678581e-19
       2.9929216       8.2571343   6.4963052e-19   3.0663910e-19
       2.9940187       8.2604778   6.4980162e-19   3.0649229e-19
       2.9951158       8.2638266   6.4997296e-19   3.0634538e-19
       2.9962129       8.2671807   6.5014454e-19   3.0619838e-19
       2.9973100       8.2705400   6.5031636e-19   3.0605127e-19
       2.9984071       8.2739045   6.5048843e-19   3.0590406e-19
       2.9995042       8.2772744   6.5066075e-19   3.0575674e-19
       3.0006014       8.2806496   6.5083331e-19   3.0560933e-19
       3.0016985       8.2840301   6.5100612e-19   3.0546182e-19
       3.0027956       8.2874159   6.5117918e-19   3.0531420e-19
       3.0038927       8.2908071   6.5135249e-19   3.0516649e-19
       3.0049898       8.2942037   6.5152604e-19   3.0501867e-19
       3.0060869       8.2976056   6.5169984e-19   3.0487075e-19
       3.0071840       8.3010129   6.5187390e-19   3.0472272e-19
       3.0082811       8.3044257   6.5204820e-19   3.0457460e-19
       3.0093783       8.3078439   6.5222276e-19   3.0442637e-19
       3.0104754       8.3112675   6.5239757e-19   3.0427804e-19
       3.0115725       8.3146966   6.5257263e-19   3.0412961e-19
       3.0126696       8.3181311   6.5274795e-19   3.0398107e-19
       3.0137667       8.3215711   6.5292352e-19   3.0383243e-19
       3.0148638       8.3250167   6.5309934e-19   3.0368368e-19
       3.0159609       8.3284677   6.5327543e-19   3.0353484e-19
       3.0170580       8.3319243   6.5345176e-19   3.0338588e-19
       3.0181551       8.3353865   6.5362836e-19   3.0323683e-19
       3.0192523       8.3388542   6.5380521e-19   3.0308767e-19
       3.0203494       8.3423275   6.5398232e-19   3.0293840e-19
       3.0214465       8.3458063   6.5415969e-19   3.0278903e-19
       3.0225436       8.3492908   6.5433732e-19   3.0263956e-19
       3.0236407       8.3527810   6.5451521e-19   3.0248997e-19
       3.0247378       8.3562767   6.5469336e-19   3.0234029e-19
       3.0258349       8.3597782   6.5487177e-19   3.0219050e-19
       3.0269320       8.3632853   6.5505044e-19   3.0204060e-19
       3.0280292       8.3667981   6.5522938e-19   3.0189060e-19
       3.0291263       8.3703166   6.5540859e-19   3.0174049e-19
       3.0302234       8.3738409   6.5558805e-19   3.0159027e-19
       3.0313205       8.3773708   6.5576779e-19   3.0143995e-19
       3.0324176       8.3809066   6.5594778e-19   3.0128952e-19
       3.0335147       8.3844481   6.5612805e-19   3.0113898e-19
       3.0346118       8.3879954   6.5630858e-19   3.0098833e-19
       3.0357089       8.3915485   6.5648938e-19   3.0083758e-19
       3.0368061       8.3951075   6.5667046e-19   3.0068672e-19
       3.0379032       8.3986722   6.5685180e-19   3.0053575e-19
       3.0390003       8.4022429   6.5703341e-19   3.0038468e-19
       3.0400974       8.4058194   6.5721529e-19   3.0023349e-19
       3.0411945       8.4094018   6.5739744e-19   3.0008220e-19
       3.0422916       8.4129901   6.5757987e-19   2.9993080e-19
       3.0433887       8.4165844   6.5776257e-19   2.9977929e-19
       3.0444858       8.4201846   6.5794555e-19   2.9962767e-19
       3.0455829       8.4237907   6.5812880e-19   2.9947594e-19
       3.0466801       8.4274029   6.5831232e-19   2.9932410e-19
       3.0477772       8.4310210   6.5849612e-19   2.9917215e-19
       3.0488743       8.4346451   6.5868020e-19   2.9902009e-19
       3.0499714       8.4382753   6.5886456e-19   2.9886792e-19
       3.0510685       8.4419115   6.5904920e-19   2.9871564e-19
       3.0521656       8.4455538   6.5923412e-19   2.9856325e-19
       3.0532627       8.4492022   6.5941931e-19   2.9841074e-19
       3.0543598       8.4528567   6.5960479e-19   2.9825813e-19
       3.0554570       8.4565173   6.5979055e-19   2.9810541e-19
       3.0565541       8.4601840   6.5997659e-19   2.9795257e-19
       3.0576512       8.4638569   6.6016292e-19   2.9779962e-19
       3.0587483       8.4675360   6.6034953e-19   2.9764656e-19
       3.0598454       8.4712212   6.6053643e-19   2.9749338e-19
       3.0609425       8.4749127   6.6072361e-19   2.9734010e-19
       3.0620396       8.4786104   6.6091108e-19   2.9718670e-19
       3.0631367       8.4823143   6.6109883e-19   2.9703319e-19
       3.0642339       8.4860246   6.6128688e-19   2.9687956e-19
       3.0653310       8.4897411   6.6147521e-19   2.9672582e-19
       3.0664281       8.4934639   6.6166383e-19   2.9657197e-19
       3.0675252       8.4971930   6.6185275e-19   2.9641800e-19
       3.0686223       8.5009285   6.6204195e-19   2.9626392e-19
       3.0697194       8.5046703   6.6223145e-19   2.9610972e-19
       3.0708165       8.5084185   6.6242124e-19   2.9595541e-19
       3.0719136       8.5121731   6.6261133e-19   2.9580099e-19
       3.0730107       8.5159341   6.6280171e-19   2.9564645e-19
       3.0741079       8.5197016   6.6299239e-19   2.9549179e-19
       3.0752050       8.5234755   6.6318336e-19   2.9533702e-19
       3.0763021       8.5272559   6.6337463e-19   2.9518213e-19
       3.0773992       8.5310428   6.6356620e-19   2.9502713e-19
       3.0784963       8.5348362   6.6375807e-19   2.9487201e-19
       3.0795934       8.5386362   6.6395024e-19   2.9471677e-19
       3.0806905       8.5424427   6.6414271e-19   2.9456142e-19
       3.0817876       8.5462558   6.6433548e-19   2.9440594e-19
       3.0828848       8.5500754   6.6452856e-19   2.9425036e-19
       3.0839819       8.5539017   6.6472193e-19   2.9409465e-19
       3.0850790       8.5577346   6.6491562e-19   2.9393883e-19
       3.0861761       8.5615742   6.6510960e-19   2.9378288e-19
       3.0872732       8.5654205   6.6530390e-19   2.9362682e-19
       3.0883703       8.5692734   6.6549850e-19   2.9347064e-19
       3.0894674       8.5731331   6.6569341e-19   2.9331435e-19
       3.0905645       8.5769995   6.6588863e-19   2.9315793e-19
       3.0916617       8.5808726   6.6608415e-19   2.9300139e-19
       3.0927588       8.5847526   6.6627999e-19   2.9284473e-19
       3.0938559       8.5886393   6.6647614e-19   2.9268796e-19
       3.0949530       8.5925329   6.6667260e-19   2.9253106e-19
       3.0960501       8.5964333   6.6686938e-19   2.9237405e-19
       3.0971472       8.6003405   6.6706647e-19   2.9221691e-19
       3.0982443       8.6042547   6.6726387e-19   2.9205965e-19
       3.0993414       8.6081757   6.6746160e-19   2.9190227e-19
       3.1004385       8.6121037   6.6765963e-19   2.9174477e-19
       3.1015357       8.6160386   6.6785799e-19   2.9158715e-19
       3.1026328       8.6199805   6.6805667e-19   2.9142940e-19
       3.1037299       8.6239294   6.6825566e-19   2.9127153e-19
       3.1048270       8.6278853   6.6845498e-19   2.9111354e-19
       3.1059241       8.6318482   6.6865462e-19   2.9095543e-19
       3.1070212       8.6358182   6.6885458e-19   2.9079720e-19
       3.1081183       8.6397953   6.6905486e-19   2.9063884e-19
       3.1092154       8.6437795   6.6925547e-19   2.9048036e-19
       3.1103126       8.6477708   6.6945641e-19   2.9032175e-19
       3.1114097       8.6517692   6.6965767e-19   2.9016302e-19
       3.1125068       8.6557748   6.6985926e-19   2.9000417e-19
       3.1136039       8.6597876   6.7006118e-19   2.8984519e-19
       3.1147010       8.6638077   6.7026342e-19   2.8968608e-19
       3.1157981       8.6678349   6.7046600e-19   2.8952685e-19
       3.1168952       8.6718694   6.7066891e-19   2.8936750e-19
       3.1179923       8.6759112   6.7087215e-19   2.8920802e-19
       3.1190895       8.6799603   6.7107573e-19   2.8904841e-19
       3.1201866       8.6840168   6.7127964e-19   2.8888868e-19
       3.1212837       8.6880806   6.7148389e-19   2.8872882e-19
       3.1223808       8.6921517   6.7168847e-19   2.8856884e-19
       3.1234779       8.6962303   6.7189339e-19   2.8840872e-19
       3.1245750       8.7003163   6.7209865e-19   2.8824848e-19
       3.1256721       8.7044097   6.7230424e-19   2.8808812e-19
       3.1267692       8.7085106   6.7251018e-19   2.8792762e-19
       3.1278663       8.7126190   6.7271646e-19   2.8776700e-19
       3.1289635       8.7167349   6.7292309e-19   2.8760624e-19
       3.1300606       8.7208584   6.7313006e-19   2.8744536e-19
       3.1311577       8.7249894   6.7333737e-19   2.8728435e-19
       3.1322548       8.7291280   6.7354503e-19   2.8712321e-19
       3.1333519       8.7332743   6.7375303e-19   2.8696194e-19
       3.1344490       8.7374281   6.7396138e-19   2.8680054e-19
       3.1355461       8.7415897   6.7417009e-19   2.8663901e-19
       3.1366432       8.7457589   6.7437914e-19   2.8647735e-19
       3.1377404       8.7499359   6.7458854e-19   2.8631556e-19
       3.1388375       8.7541205   6.7479830e-19   2.8615364e-19
       3.1399346       8.7583130   6.7500841e-19   2.8599158e-19
       3.1410317       8.7625133   6.7521887e-19   2.8582940e-19
       3.1421288       8.7667213   6.7542969e-19   2.8566708e-19
       3.1432259       8.7709372   6.7564087e-19   2.8550463e-19
       3.1443230       8.7751610   6.7585241e-19   2.8534205e-19
       3.1454201       8.7793927   6.7606430e-19   2.8517933e-19
       3.1465173       8.7836323   6.7627655e-19   2.8501649e-19
       3.1476144       8.7878798   6.7648917e-19   2.8485350e-19
       3.1487115       8.7921353   6.7670215e-19   2.8469039e-19
       3.1498086       8.7963988   6.7691549e-19   2.8452714e-19
       3.1509057       8.8006704   6.7712919e-19   2.8436375e-19
       3.1520028       8.8049499   6.7734326e-19   2.8420023e-19
       3.1530999       8.8092376   6.7755770e-19   2.8403658e-19
       3.1541970       8.8135334   6.7777251e-19   2.8387279e-19
       3.1552941       8.8178373   6.7798768e-19   2.8370887e-19
       3.1563913       8.8221493   6.7820323e-19   2.8354480e-19
       3.1574884       8.8264696   6.7841915e-19   2.8338061e-19
       3.1585855       8.8307980   6.7863544e-19   2.8321627e-19
       3.1596826       8.8351347   6.7885210e-19   2.8305180e-19
       3.1607797       8.8394797   6.7906914e-19   2.8288719e-19
       3.1618768       8.8438330   6.7928655e-19   2.8272245e-19
       3.1629739       8.8481946   6.7950435e-19   2.8255756e-19
       3.1640710       8.8525645   6.7972252e-19   2.8239254e-19
       3.1651682       8.8569429   6.7994107e-19   2.8222738e-19
       3.1662653       8.8613296   6.8016000e-19   2.8206208e-19
       3.1673624       8.8657248   6.8037932e-19   2.8189664e-19
       3.1684595       8.8701284   6.8059902e-19   2.8173107e-19
       3.1695566       8.8745406   6.8081910e-19   2.8156535e-19
       3.1706537       8.8789612   6.8103957e-19   2.8139949e-19
       3.1717508       8.8833904   6.8126043e-19   2.8123349e-19
       3.1728479       8.8878282   6.8148168e-19   2.8106735e-19
       3.1739451       8.8922746   6.8170331e-19   2.8090107e-19
       3.1750422       8.8967297   6.8192534e-19   2.8073465e-19
       3.1761393       8.9011934   6.8214776e-19   2.8056809e-19
       3.1772364       8.9056658   6.8237057e-19   2.8040138e-19
       3.1783335       8.9101470   6.8259378e-19   2.8023453e-19
       3.1794306       8.9146369   6.8281738e-19   2.8006754e-19
       3.1805277       8.9191356   6.8304138e-19   2.7990041e-19
       3.1816248       8.9236431   6.8326578e-19   2.7973313e-19
       3.1827219       8.9281594   6.8349058e-19   2.7956571e-19
       3.1838191       8.9326847   6.8371579e-19   2.7939814e-19
       3.1849162       8.9372188   6.8394139e-19   2.7923043e-19
       3.1860133       8.9417619   6.8416740e-19   2.7906258e-19
       3.1871104       8.9463140   6.8439381e-19   2.7889458e-19
       3.1882075       8.9508751   6.8462063e-19   2.7872643e-19
       3.1893046       8.9554452   6.8484786e-19   2.7855814e-19
       3.1904017       8.9600244   6.8507550e-19   2.7838970e-19
       3.1914988       8.9646127   6.8530355e-19   2.7822112e-19
       3.1925960       8.9692101   6.8553201e-19   2.7805239e-19
       3.1936931       8.9738167   6.8576089e-19   2.7788351e-19
       3.1947902       8.9784324   6.8599018e-19   2.7771448e-19
       3.1958873       8.9830574   6.8621988e-19   2.7754531e-19
       3.1969844       8.9876917   6.8645001e-19   2.7737598e-19
       3.1980815       8.9923353   6.8668055e-19   2.7720651e-19
       3.1991786       8.9969881   6.8691151e-19   2.7703689e-19
       3.2002757       9.0016504   6.8714290e-19   2.7686712e-19
       3.2013729       9.0063220   6.8737471e-19   2.7669720e-19
       3.2024700       9.0110031   6.8760694e-19   2.7652713e-19
       3.2035671       9.0156936   6.8783960e-19   2.7635691e-19
       3.2046642       9.0203936   6.8807268e-19   2.7618654e-19
       3.2057613       9.0251031   6.8830620e-19   2.7601601e-19
       3.2068584       9.0298222   6.8854015e-19   2.7584534e-19
       3.2079555       9.0345509   6.8877452e-19   2.7567451e-19
       3.2090526       9.0392892   6.8900934e-19   2.7550353e-19
       3.2101497       9.0440372   6.8924458e-19   2.7533240e-19
       3.2112469       9.0487949   6.8948027e-19   2.7516111e-19
       3.2123440       9.0535623   6.8971639e-19   2.7498968e-19
       3.2134411       9.0583395   6.8995295e-19   2.7481808e-19
       3.2145382       9.0631264   6.9018995e-19   2.7464633e-19
       3.2156353       9.0679233   6.9042739e-19   2.7447443e-19
       3.2167324       9.0727300   6.9066528e-19   2.7430238e-19
       3.2178295       9.0775466   6.9090361e-19   2.7413016e-19
       3.2189266       9.0823731   6.9114239e-19   2.7395779e-19
       3.2200238       9.0872096   6.9138162e-19   2.7378527e-19
       3.2211209       9.0920562   6.9162130e-19   2.7361259e-19
       3.2222180       9.0969128   6.9186143e-19   2.7343975e-19
       3.2233151       9.1017795   6.9210201e-19   2.7326675e-19
       3.2244122       9.1066563   6.9234305e-19   2.7309360e-19
       3.2255093       9.1115433   6.9258454e-19   2.7292028e-19
       3.2266064       9.1164405   6.9282649e-19   2.7274681e-19
       3.2277035       9.1213479   6.9306890e-19   2.7257318e-19
       3.2288007       9.1262656   6.9331178e-19   2.7239939e-19
       3.2298978       9.1311936   6.9355511e-19   2.7222544e-19
       3.2309949       9.1361320   6.9379891e-19   2.7205133e-19
       3.2320920       9.1410808   6.9404318e-19   2.7187706e-19
       3.2331891       9.1460400   6.9428791e-19   2.7170263e-19
       3.2342862       9.1510097   6.9453311e-19   2.7152804e-19
       3.2353833       9.1559899   6.9477879e-19   2.7135328e-19
       3.2364804       9.1609806   6.9502493e-19   2.7117836e-19
       3.2375775       9.1659819   6.9527155e-19   2.7100328e-19
       3.2386747       9.1709938   6.9551865e-19   2.7082804e-19
       3.2397718       9.1760165   6.9576622e-19   2.7065263e-19
       3.2408689       9.1810498   6.9601427e-19   2.7047706e-19
       3.2419660       9.1860938   6.9626281e-19   2.7030132e-19
       3.2430631       9.1911487   6.9651182e-19   2.7012542e-19
       3.2441602       9.1962144   6.9676133e-19   2.6994936e-19
       3.2452573       9.2012909   6.9701131e-19   2.6977312e-19
       3.2463544       9.2063783   6.9726179e-19   2.6959673e-19
       3.2474516       9.2114768   6.9751275e-19   2.6942016e-19
       3.2485487       9.2165861   6.9776421e-19   2.6924343e-19
       3.2496458       9.2217066   6.9801616e-19   2.6906653e-19
       3.2507429       9.2268381   6.9826860e-19   2.6888946e-19
       3.2518400       9.2319807   6.9852155e-19   2.6871223e-19
       3.2529371       9.2371345   6.9877499e-19   2.6853482e-19
       3.2540342       9.2422995   6.9902893e-19   2.6835725e-19
       3.2551313       9.2474757   6.9928337e-19   2.6817950e-19
       3.2562285       9.2526632   6.9953832e-19   2.6800159e-19
       3.2573256       9.2578621   6.9979377e-19   2.6782351e-19
       3.2584227       9.2630723   7.0004973e-19   2.6764525e-19
       3.2595198       9.2682940   7.0030620e-19   2.6746682e-19
       3.2606169       9.2735271   7.0056318e-19   2.6728822e-19
       3.2617140       9.2787717   7.0082067e-19   2.6710945e-19
       3.2628111       9.2840279   7.0107868e-19   2.6693051e-19
       3.2639082       9.2892957   7.0133721e-19   2.6675139e-19
       3.2650053       9.2945751   7.0159626e-19   2.6657210e-19
       3.2661025       9.2998662   7.0185582e-19   2.6639263e-19
       3.2671996       9.3051690   7.0211591e-19   2.6621299e-19
       3.2682967       9.3104837   7.0237653e-19   2.6603317e-19
       3.2693938       9.3158101   7.0263767e-19   2.6585318e-19
       3.2704909       9.3211484   7.0289934e-19   2.6567301e-19
       3.2715880       9.3264987   7.0316154e-19   2.6549267e-19
       3.2726851       9.3318609   7.0342428e-19   2.6531215e-19
       3.2737822       9.3372351   7.0368754e-19   2.6513145e-19
       3.2748794       9.3426214   7.0395135e-19   2.6495057e-19
       3.2759765       9.3480197   7.0421569e-19   2.6476951e-19
       3.2770736       9.3534303   7.0448058e-19   2.6458828e-19
       3.2781707       9.3588530   7.0474600e-19   2.6440686e-19
       3.2792678       9.3642880   7.0501197e-19   2.6422527e-19
       3.2803649       9.3697353   7.0527849e-19   2.6404349e-19
       3.2814620       9.3751950   7.0554556e-19   2.6386153e-19
       3.2825591       9.3806670   7.0581318e-19   2.6367939e-19
       3.2836563       9.3861515   7.0608135e-19   2.6349707e-19
       3.2847534       9.3916485   7.0635008e-19   2.6331457e-19
       3.2858505       9.3971581   7.0661936e-19   2.6313188e-19
       3.2869476       9.4026802   7.0688920e-19   2.6294901e-19
       3.2880447       9.4082150   7.0715961e-19   2.6276596e-19
       3.2891418       9.4137625   7.0743058e-19   2.6258272e-19
       3.2902389       9.4193227   7.0770211e-19   2.6239930e-19
       3.2913360       9.4248958   7.0797421e-19   2.6221569e-19
       3.2924331       9.4304817   7.0824689e-19   2.6203189e-19
       3.2935303       9.4360805   7.0852013e-19   2.6184791e-19
       3.2946274       9.4416923   7.0879395e-19   2.6166374e-19
       3.2957245       9.4473171   7.0906835e-19   2.6147938e-19
       3.2968216       9.4529550   7.0934332e-19   2.6129483e-19
       3.2979187       9.4586060   7.0961888e-19   2.6111010e-19
       3.2990158       9.4642701   7.0989502e-19   2.6092517e-19
       3.3001129       9.4699475   7.1017175e-19   2.6074006e-19
       3.3012100       9.4756382   7.1044906e-19   2.6055475e-19
       3.3023072       9.4813422   7.1072697e-19   2.6036926e-19
       3.3034043       9.4870596   7.1100547e-19   2.6018357e-19
       3.3045014       9.4927905   7.1128456e-19   2.5999769e-19
       3.3055985       9.4985348   7.1156425e-19   2.5981162e-19
       3.3066956       9.5042927   7.1184454e-19   2.5962535e-19
       3.3077927       9.5100643   7.1212543e-19   2.5943889e-19
       3.3088898       9.5158495   7.1240693e-19   2.5925224e-19
       3.3099869       9.5216484   7.1268904e-19   2.5906539e-19
       3.3110841       9.5274611   7.1297175e-19   2.5887835e-19
       3.3121812       9.5332877   7.1325507e-19   2.5869111e-19
       3.3132783       9.5391282   7.1353901e-19   2.5850367e-19
       3.3143754       9.5449826   7.1382357e-19   2.5831604e-19
       3.3154725       9.5508511   7.1410875e-19   2.5812821e-19
       3.3165696       9.5567336   7.1439454e-19   2.5794018e-19
       3.3176667       9.5626303   7.1468096e-19   2.5775195e-19
       3.3187638       9.5685412   7.1496801e-19   2.5756352e-19
       3.3198609       9.5744663   7.1525569e-19   2.5737489e-19
       3.3209581       9.5804058   7.1554400e-19   2.5718606e-19
       3.3220552       9.5863597   7.1583294e-19   2.5699703e-19
       3.3231523       9.5923279   7.1612252e-19   2.5680780e-19
       3.3242494       9.5983107   7.1641274e-19   2.5661837e-19
       3.3253465       9.6043081   7.1670360e-19   2.5642873e-19
       3.3264436       9.6103201   7.1699511e-19   2.5623889e-19
       3.3275407       9.6163468   7.1728726e-19   2.5604884e-19
       3.3286378       9.6223882   7.1758006e-19   2.5585859e-19
       3.3297350       9.6284445   7.1787352e-19   2.5566814e-19
       3.3308321       9.6345156   7.1816763e-19   2.5547748e-19
       3.3319292       9.6406017   7.1846240e-19   2.5528661e-19
       3.3330263       9.6467028   7.1875783e-19   2.5509553e-19
       3.3341234       9.6528190   7.1905392e-19   2.5490425e-19
       3.3352205       9.6589503   7.1935068e-19   2.5471276e-19
       3.3363176       9.6650969   7.1964811e-19   2.5452106e-19
       3.3374147       9.6712587   7.1994620e-19   2.5432915e-19
       3.3385119       9.6774358   7.2024498e-19   2.5413702e-19
       3.3396090       9.6836284   7.2054443e-19   2.5394469e-19
       3.3407061       9.6898364   7.2084456e-19   2.5375215e-19
       3.3418032       9.6960600   7.2114537e-19   2.5355939e-19
       3.3429003       9.7022992   7.2144687e-19   2.5336642e-19
       3.3439974       9.7085541   7.2174906e-19   2.5317324e-19
       3.3450945       9.7148248   7.2205194e-19   2.5297984e-19
       3.3461916       9.7211112   7.2235552e-19   2.5278622e-19
       3.3472888       9.7274136   7.2265979e-19   2.5259240e-19
       3.3483859       9.7337319   7.2296476e-19   2.5239835e-19
       3.3494830       9.7400663   7.2327043e-19   2.5220409e-19
       3.3505801       9.7464168   7.2357682e-19   2.5200961e-19
       3.3516772       9.7527834   7.2388391e-19   2.5181491e-19
       3.3527743       9.7591663   7.2419171e-19   2.5161999e-19
       3.3538714       9.7655656   7.2450023e-19   2.5142486e-19
       3.3549685       9.7719812   7.2480947e-19   2.5122950e-19
       3.3560656       9.7784133   7.2511942e-19   2.5103392e-19
       3.3571628       9.7848620   7.2543011e-19   2.5083812e-19
       3.3582599       9.7913273   7.2574152e-19   2.5064210e-19
       3.3593570       9.7978092   7.2605366e-19   2.5044585e-19
       3.3604541       9.8043080   7.2636654e-19   2.5024938e-19
       3.3615512       9.8108236   7.2668015e-19   2.5005269e-19
       3.3626483       9.8173561   7.2699450e-19   2.4985577e-19
       3.3637454       9.8239057   7.2730960e-19   2.4965862e-19
       3.3648425       9.8304723   7.2762544e-19   2.4946125e-19
       3.3659397       9.8370561   7.2794204e-19   2.4926365e-19
       3.3670368       9.8436571   7.2825938e-19   2.4906582e-19
       3.3681339       9.8502755   7.2857749e-19   2.4886776e-19
       3.3692310       9.8569112   7.2889635e-19   2.4866947e-19
       3.3703281       9.8635645   7.2921598e-19   2.4847096e-19
       3.3714252       9.8702353   7.2953637e-19   2.4827221e-19
       3.3725223       9.8769237   7.2985754e-19   2.4807323e-19
       3.3736194       9.8836299   7.3017948e-19   2.4787401e-19
       3.3747166       9.8903539   7.3050219e-19   2.4767457e-19
       3.3758137       9.8970958   7.3082569e-19   2.4747489e-19
       3.3769108       9.9038556   7.3114997e-19   2.4727497e-19
       3.3780079       9.9106336   7.3147503e-19   2.4707482e-19
       3.3791050       9.9174296   7.3180089e-19   2.4687443e-19
       3.3802021       9.9242439   7.3212754e-19   2.4667381e-19
       3.3812992       9.9310766   7.3245499e-19   2.4647295e-19
       3.3823963       9.9379276   7.3278324e-19   2.4627184e-19
       3.3834934       9.9447971   7.3311230e-19   2.4607050e-19
       3.3845906       9.9516852   7.3344217e-19   2.4586892e-19
       3.3856877       9.9585920   7.3377285e-19   2.4566710e-19
       3.3867848       9.9655176   7.3410434e-19   2.4546503e-19
       3.3878819       9.9724619   7.3443666e-19   2.4526273e-19
       3.3889790       9.9794253   7.3476979e-19   2.4506017e-19
       3.3900761       9.9864076   7.3510376e-19   2.4485738e-19
       3.3911732       9.9934091   7.3543856e-19   2.4465434e-19
       3.3922703       10.000430   7.3577419e-19   2.4445105e-19
       3.3933675       10.007470   7.3611066e-19   2.4424752e-19
       3.3944646       10.014529   7.3644797e-19   2.4404374e-19
       3.3955617       10.021608   7.3678613e-19   2.4383971e-19
       3.3966588       10.028707   7.3712514e-19   2.4363543e-19
       3.3977559       10.035825   7.3746501e-19   2.4343090e-19
       3.3988530       10.042963   7.3780573e-19   2.4322612e-19
       3.3999501       10.050121   7.3814732e-19   2.4302108e-19
       3.4010472       10.057299   7.3848977e-19   2.4281580e-19
       3.4021444       10.064496   7.3883310e-19   2.4261026e-19
       3.4032415       10.071715   7.3917729e-19   2.4240447e-19
       3.4043386       10.078953   7.3952237e-19   2.4219842e-19
       3.4054357       10.086212   7.3986833e-19   2.4199211e-19
       3.4065328       10.093491   7.4021518e-19   2.4178555e-19
       3.4076299       10.100791   7.4056291e-19   2.4157873e-19
       3.4087270       10.108111   7.4091155e-19   2.4137165e-19
       3.4098241       10.115452   7.4126108e-19   2.4116432e-19
       3.4109212       10.122815   7.4161152e-19   2.4095672e-19
       3.4120184       10.130198   7.4196286e-19   2.4074885e-19
       3.4131155       10.137602   7.4231512e-19   2.4054073e-19
       3.4142126       10.145027   7.4266829e-19   2.4033234e-19
       3.4153097       10.152474   7.4302239e-19   2.4012369e-19
       3.4164068       10.159942   7.4337741e-19   2.3991478e-19
       3.4175039       10.167432   7.4373336e-19   2.3970559e-19
       3.4186010       10.174943   7.4409025e-19   2.3949614e-19
       3.4196981       10.182477   7.4444807e-19   2.3928643e-19
       3.4207953       10.190031   7.4480684e-19   2.3907644e-19
       3.4218924       10.197608   7.4516656e-19   2.3886618e-19
       3.4229895       10.205207   7.4552723e-19   2.3865565e-19
       3.4240866       10.212829   7.4588886e-19   2.3844485e-19
       3.4251837       10.220472   7.4625145e-19   2.3823378e-19
       3.4262808       10.228138   7.4661501e-19   2.3802243e-19
       3.4273779       10.235827   7.4697954e-19   2.3781081e-19
       3.4284750       10.243538   7.4734505e-19   2.3759891e-19
       3.4295722       10.251272   7.4771153e-19   2.3738674e-19
       3.4306693       10.259029   7.4807901e-19   2.3717429e-19
       3.4317664       10.266809   7.4844747e-19   2.3696155e-19
       3.4328635       10.274612   7.4881694e-19   2.3674854e-19
       3.4339606       10.282438   7.4918740e-19   2.3653525e-19
       3.4350577       10.290288   7.4955887e-19   2.3632168e-19
       3.4361548       10.298161   7.4993135e-19   2.3610782e-19
       3.4372519       10.306058   7.5030484e-19   2.3589368e-19
       3.4383490       10.313978   7.5067936e-19   2.3567925e-19
       3.4394462       10.321922   7.5105490e-19   2.3546454e-19
       3.4405433       10.329891   7.5143148e-19   2.3524954e-19
       3.4416404       10.337884   7.5180909e-19   2.3503425e-19
       3.4427375       10.345900   7.5218775e-19   2.3481868e-19
       3.4438346       10.353942   7.5256745e-19   2.3460281e-19
       3.4449317       10.362007   7.5294820e-19   2.3438665e-19
       3.4460288       10.370098   7.5333002e-19   2.3417020e-19
       3.4471259       10.378213   7.5371289e-19   2.3395345e-19
       3.4482231       10.386353   7.5409684e-19   2.3373641e-19
       3.4493202       10.394518   7.5448186e-19   2.3351908e-19
       3.4504173       10.402709   7.5486796e-19   2.3330145e-19
       3.4515144       10.410925   7.5525515e-19   2.3308352e-19
       3.4526115       10.419166   7.5564342e-19   2.3286529e-19
       3.4537086       10.427433   7.5603280e-19   2.3264676e-19
       3.4548057       10.435725   7.5642327e-19   2.3242792e-19
       3.4559028       10.444044   7.5681486e-19   2.3220879e-19
       3.4570000       10.452388   7.5720756e-19   2.3198935e-19
       3.4580971       10.460759   7.5760138e-19   2.3176961e-19
       3.4591942       10.469156   7.5799632e-19   2.3154956e-19
       3.4602913       10.477579   7.5839240e-19   2.3132920e-19
       3.4613884       10.486030   7.5878962e-19   2.3110854e-19
       3.4624855       10.494506   7.5918798e-19   2.3088756e-19
       3.4635826       10.503010   7.5958748e-19   2.3066628e-19
       3.4646797       10.511541   7.5998815e-19   2.3044468e-19
       3.4657768       10.520099   7.6038998e-19   2.3022277e-19
       3.4668740       10.528685   7.6079297e-19   2.3000054e-19
       3.4679711       10.537298   7.6119714e-19   2.2977800e-19
       3.4690682       10.545938   7.6160250e-19   2.2955514e-19
       3.4701653       10.554607   7.6200904e-19   2.2933196e-19
       3.4712624       10.563303   7.6241677e-19   2.2910847e-19
       3.4723595       10.572028   7.6282570e-19   2.2888465e-19
       3.4734566       10.580781   7.6323584e-19   2.2866051e-19
       3.4745537       10.589563   7.6364720e-19   2.2843605e-19
       3.4756509       10.598373   7.6405977e-19   2.2821126e-19
       3.4767480       10.607212   7.6447357e-19   2.2798615e-19
       3.4778451       10.616080   7.6488861e-19   2.2776071e-19
       3.4789422       10.624977   7.6530488e-19   2.2753494e-19
       3.4800393       10.633903   7.6572240e-19   2.2730884e-19
       3.4811364       10.642859   7.6614118e-19   2.2708241e-19
       3.4822335       10.651845   7.6656122e-19   2.2685564e-19
       3.4833306       10.660860   7.6698252e-19   2.2662855e-19
       3.4844278       10.669905   7.6740510e-19   2.2640111e-19
       3.4855249       10.678981   7.6782896e-19   2.2617334e-19
       3.4866220       10.688087   7.6825411e-19   2.2594524e-19
       3.4877191       10.697223   7.6868056e-19   2.2571679e-19
       3.4888162       10.706391   7.6910831e-19   2.2548800e-19
       3.4899133       10.715589   7.6953737e-19   2.2525887e-19
       3.4910104       10.724818   7.6996775e-19   2.2502940e-19
       3.4921075       10.734078   7.7039946e-19   2.2479958e-19
       3.4932046       10.743370   7.7083250e-19   2.2456942e-19
       3.4943018       10.752694   7.7126688e-19   2.2433890e-19
       3.4953989       10.762049   7.7170261e-19   2.2410804e-19
       3.4964960       10.771437   7.7213970e-19   2.2387683e-19
       3.4975931       10.780856   7.7257815e-19   2.2364526e-19
       3.4986902       10.790308   7.7301797e-19   2.2341334e-19
       3.4997873       10.799793   7.7345917e-19   2.2318107e-19
       3.5008844       10.809311   7.7390177e-19   2.2294843e-19
       3.5019815       10.818861   7.7434575e-19   2.2271544e-19
       3.5030787       10.828445   7.7479114e-19   2.2248209e-19
       3.5041758       10.838062   7.7523795e-19   2.2224838e-19
       3.5052729       10.847713   7.7568617e-19   2.2201431e-19
       3.5063700       10.857398   7.7613583e-19   2.2177987e-19
       3.5074671       10.867116   7.7658692e-19   2.2154506e-19
       3.5085642       10.876869   7.7703946e-19   2.2130989e-19
       3.5096613       10.886657   7.7749345e-19   2.2107435e-19
       3.5107584       10.896479   7.7794891e-19   2.2083843e-19
       3.5118556       10.906336   7.7840583e-19   2.2060215e-19
       3.5129527       10.916228   7.7886424e-19   2.2036549e-19
       3.5140498       10.926156   7.7932414e-19   2.2012845e-19
       3.5151469       10.936119   7.7978553e-19   2.1989104e-19
       3.5162440       10.946118   7.8024844e-19   2.1965325e-19
       3.5173411       10.956152   7.8071286e-19   2.1941507e-19
       3.5184382       10.966224   7.8117880e-19   2.1917652e-19
       3.5195353       10.976331   7.8164628e-19   2.1893758e-19
       3.5206324       10.986476   7.8211531e-19   2.1869825e-19
       3.5217296       10.996657   7.8258588e-19   2.1845854e-19
       3.5228267       11.006875   7.8305803e-19   2.1821844e-19
       3.5239238       11.017131   7.8353174e-19   2.1797794e-19
       3.5250209       11.027425   7.8400704e-19   2.1773706e-19
       3.5261180       11.037756   7.8448392e-19   2.1749577e-19
       3.5272151       11.048126   7.8496242e-19   2.1725410e-19
       3.5283122       11.058534   7.8544252e-19   2.1701202e-19
       3.5294093       11.068981   7.8592424e-19   2.1676955e-19
       3.5305065       11.079467   7.8640760e-19   2.1652667e-19
       3.5316036       11.089991   7.8689260e-19   2.1628339e-19
       3.5327007       11.100556   7.8737925e-19   2.1603970e-19
       3.5337978       11.111160   7.8786757e-19   2.1579561e-19
       3.5348949       11.121804   7.8835755e-19   2.1555110e-19
       3.5359920       11.132488   7.8884923e-19   2.1530619e-19
       3.5370891       11.143212   7.8934259e-19   2.1506086e-19
       3.5381862       11.153978   7.8983767e-19   2.1481512e-19
       3.5392834       11.164784   7.9033445e-19   2.1456896e-19
       3.5403805       11.175632   7.9083297e-19   2.1432238e-19
       3.5414776       11.186521   7.9133323e-19   2.1407538e-19
       3.5425747       11.197452   7.9183523e-19   2.1382796e-19
       3.5436718       11.208426   7.9233900e-19   2.1358011e-19
       3.5447689       11.219442   7.9284453e-19   2.1333183e-19
       3.5458660       11.230500   7.9335186e-19   2.1308313e-19
       3.5469631       11.241602   7.9386097e-19   2.1283400e-19
       3.5480602       11.252747   7.9437190e-19   2.1258443e-19
       3.5491574       11.263935   7.9488464e-19   2.1233443e-19
       3.5502545       11.275168   7.9539922e-19   2.1208399e-19
       3.5513516       11.286445   7.9591563e-19   2.1183311e-19
       3.5524487       11.297766   7.9643391e-19   2.1158179e-19
       3.5535458       11.309132   7.9695405e-19   2.1133002e-19
       3.5546429       11.320543   7.9747607e-19   2.1107781e-19
       3.5557400       11.332000   7.9799998e-19   2.1082516e-19
       3.5568371       11.343503   7.9852580e-19   2.1057205e-19
       3.5579343       11.355051   7.9905354e-19   2.1031849e-19
       3.5590314       11.366646   7.9958321e-19   2.1006447e-19
       3.5601285       11.378288   8.0011482e-19   2.0981000e-19
       3.5612256       11.389977   8.0064839e-19   2.0955507e-19
       3.5623227       11.401714   8.0118393e-19   2.0929968e-19
       3.5634198       11.413498   8.0172145e-19   2.0904382e-19
       3.5645169       11.425331   8.0226097e-19   2.0878750e-19
       3.5656140       11.437212   8.0280251e-19   2.0853071e-19
       3.5667112       11.449141   8.0334607e-19   2.0827345e-19
       3.5678083       11.461120   8.0389166e-19   2.0801571e-19
       3.5689054       11.473149   8.0443931e-19   2.0775750e-19
       3.5700025       11.485227   8.0498903e-19   2.0749882e-19
       3.5710996       11.497356   8.0554083e-19   2.0723965e-19
       3.5721967       11.509535   8.0609473e-19   2.0698000e-19
       3.5732938       11.521766   8.0665073e-19   2.0671986e-19
       3.5743909       11.534048   8.0720887e-19   2.0645923e-19
       3.5754880       11.546381   8.0776914e-19   2.0619812e-19
       3.5765852       11.558767   8.0833157e-19   2.0593651e-19
       3.5776823       11.571205   8.0889617e-19   2.0567441e-19
       3.5787794       11.583697   8.0946296e-19   2.0541181e-19
       3.5798765       11.596241   8.1003196e-19   2.0514870e-19
       3.5809736       11.608840   8.1060317e-19   2.0488510e-19
       3.5820707       11.621493   8.1117661e-19   2.0462099e-19
       3.5831678       11.634200   8.1175231e-19   2.0435636e-19
       3.5842649       11.646962   8.1233027e-19   2.0409123e-19
       3.5853621       11.659780   8.1291052e-19   2.0382559e-19
       3.5864592       11.672653   8.1349306e-19   2.0355942e-19
       3.5875563       11.685583   8.1407793e-19   2.0329274e-19
       3.5886534       11.698569   8.1466512e-19   2.0302554e-19
       3.5897505       11.711613   8.1525467e-19   2.0275780e-19
       3.5908476       11.724714   8.1584659e-19   2.0248955e-19
       3.5919447       11.737873   8.1644089e-19   2.0222076e-19
       3.5930418       11.751091   8.1703760e-19   2.0195143e-19
       3.5941390       11.764368   8.1763673e-19   2.0168157e-19
       3.5952361       11.777704   8.1823830e-19   2.0141117e-19
       3.5963332       11.791100   8.1884233e-19   2.0114023e-19
       3.5974303       11.804557   8.1944884e-19   2.0086874e-19
       3.5985274       11.818074   8.2005784e-19   2.0059670e-19
       3.5996245       11.831653   8.2066935e-19   2.0032411e-19
       3.6007216       11.845293   8.2128340e-19   2.0005096e-19
       3.6018187       11.858996   8.2190001e-19   1.9977726e-19
       3.6029158       11.872761   8.2251918e-19   1.9950300e-19
       3.6040130       11.886591   8.2314095e-19   1.9922817e-19
       3.6051101       11.900483   8.2376533e-19   1.9895277e-19
       3.6062072       11.914441   8.2439235e-19   1.9867680e-19
       3.6073043       11.928463   8.2502202e-19   1.9840026e-19
       3.6084014       11.942551   8.2565436e-19   1.9812314e-19
       3.6094985       11.956704   8.2628940e-19   1.9784544e-19
       3.6105956       11.970924   8.2692716e-19   1.9756716e-19
       3.6116927       11.985212   8.2756765e-19   1.9728828e-19
       3.6127899       11.999567   8.2821091e-19   1.9700882e-19
       3.6138870       12.013990   8.2885695e-19   1.9672876e-19
       3.6149841       12.028482   8.2950579e-19   1.9644811e-19
       3.6160812       12.043043   8.3015745e-19   1.9616685e-19
       3.6171783       12.057674   8.3081197e-19   1.9588499e-19
       3.6182754       12.072376   8.3146936e-19   1.9560252e-19
       3.6193725       12.087149   8.3212965e-19   1.9531944e-19
       3.6204696       12.101994   8.3279285e-19   1.9503574e-19
       3.6215668       12.116911   8.3345900e-19   1.9475142e-19
       3.6226639       12.131901   8.3412812e-19   1.9446648e-19
       3.6237610       12.146965   8.3480022e-19   1.9418091e-19
       3.6248581       12.162103   8.3547535e-19   1.9389471e-19
       3.6259552       12.177317   8.3615352e-19   1.9360787e-19
       3.6270523       12.192605   8.3683475e-19   1.9332040e-19
       3.6281494       12.207970   8.3751907e-19   1.9303228e-19
       3.6292465       12.223412   8.3820652e-19   1.9274352e-19
       3.6303436       12.238932   8.3889711e-19   1.9245411e-19
       3.6314408       12.254529   8.3959087e-19   1.9216404e-19
       3.6325379       12.270206   8.4028783e-19   1.9187331e-19
       3.6336350       12.285963   8.4098802e-19   1.9158193e-19
       3.6347321       12.301800   8.4169145e-19   1.9128987e-19
       3.6358292       12.317718   8.4239817e-19   1.9099714e-19
       3.6369263       12.333718   8.4310820e-19   1.9070374e-19
       3.6380234       12.349801   8.4382157e-19   1.9040966e-19
       3.6391205       12.365967   8.4453831e-19   1.9011489e-19
       3.6402177       12.382217   8.4525844e-19   1.8981944e-19
       3.6413148       12.398552   8.4598200e-19   1.8952329e-19
       3.6424119       12.414973   8.4670902e-19   1.8922644e-19
       3.6435090       12.431481   8.4743952e-19   1.8892889e-19
       3.6446061       12.448076   8.4817354e-19   1.8863064e-19
       3.6457032       12.464759   8.4891111e-19   1.8833168e-19
       3.6468003       12.481531   8.4965226e-19   1.8803199e-19
       3.6478974       12.498392   8.5039703e-19   1.8773159e-19
       3.6489946       12.515345   8.5114544e-19   1.8743047e-19
       3.6500917       12.532389   8.5189753e-19   1.8712861e-19
       3.6511888       12.549525   8.5265333e-19   1.8682602e-19
       3.6522859       12.566755   8.5341288e-19   1.8652269e-19
       3.6533830       12.584079   8.5417621e-19   1.8621861e-19
       3.6544801       12.601498   8.5494336e-19   1.8591378e-19
       3.6555772       12.619014   8.5571436e-19   1.8560820e-19
       3.6566743       12.636626   8.5648924e-19   1.8530186e-19
       3.6577714       12.654336   8.5726805e-19   1.8499475e-19
       3.6588686       12.672145   8.5805082e-19   1.8468687e-19
       3.6599657       12.690054   8.5883758e-19   1.8437822e-19
       3.6610628       12.708064   8.5962838e-19   1.8406878e-19
       3.6621599       12.726175   8.6042325e-19   1.8375856e-19
       3.6632570       12.744390   8.6122223e-19   1.8344754e-19
       3.6643541       12.762708   8.6202537e-19   1.8313573e-19
       3.6654512       12.781132   8.6283270e-19   1.8282311e-19
       3.6665483       12.799662   8.6364426e-19   1.8250968e-19
       3.6676455       12.818298   8.6446009e-19   1.8219544e-19
       3.6687426       12.837043   8.6528023e-19   1.8188038e-19
       3.6698397       12.855898   8.6610473e-19   1.8156449e-19
       3.6709368       12.874863   8.6693364e-19   1.8124776e-19
       3.6720339       12.893939   8.6776698e-19   1.8093020e-19
       3.6731310       12.913129   8.6860481e-19   1.8061179e-19
       3.6742281       12.932432   8.6944718e-19   1.8029254e-19
       3.6753252       12.951851   8.7029412e-19   1.7997242e-19
       3.6764224       12.971385   8.7114568e-19   1.7965144e-19
       3.6775195       12.991038   8.7200192e-19   1.7932959e-19
       3.6786166       13.010810   8.7286287e-19   1.7900686e-19
       3.6797137       13.030701   8.7372859e-19   1.7868325e-19
       3.6808108       13.050715   8.7459912e-19   1.7835875e-19
       3.6819079       13.070851   8.7547451e-19   1.7803335e-19
       3.6830050       13.091111   8.7635482e-19   1.7770705e-19
       3.6841021       13.111496   8.7724010e-19   1.7737984e-19
       3.6851992       13.132009   8.7813039e-19   1.7705171e-19
       3.6862964       13.152650   8.7902576e-19   1.7672265e-19
       3.6873935       13.173420   8.7992624e-19   1.7639267e-19
       3.6884906       13.194322   8.8083191e-19   1.7606174e-19
       3.6895877       13.215356   8.8174280e-19   1.7572987e-19
       3.6906848       13.236524   8.8265899e-19   1.7539704e-19
       3.6917819       13.257828   8.8358052e-19   1.7506326e-19
       3.6928790       13.279269   8.8450746e-19   1.7472850e-19
       3.6939761       13.300849   8.8543986e-19   1.7439277e-19
       3.6950733       13.322569   8.8637778e-19   1.7405605e-19
       3.6961704       13.344432   8.8732128e-19   1.7371834e-19
       3.6972675       13.366437   8.8827043e-19   1.7337962e-19
       3.6983646       13.388588   8.8922528e-19   1.7303990e-19
       3.6994617       13.410886   8.9018590e-19   1.7269917e-19
       3.7005588       13.433333   8.9115236e-19   1.7235740e-19
       3.7016559       13.455930   8.9212472e-19   1.7201460e-19
       3.7027530       13.478680   8.9310305e-19   1.7167076e-19
       3.7038502       13.501583   8.9408741e-19   1.7132587e-19
       3.7049473       13.524643   8.9507787e-19   1.7097992e-19
       3.7060444       13.547860   8.9607452e-19   1.7063289e-19
       3.7071415       13.571237   8.9707740e-19   1.7028479e-19
       3.7082386       13.594776   8.9808661e-19   1.6993561e-19
       3.7093357       13.618478   8.9910220e-19   1.6958532e-19
       3.7104328       13.642346   9.0012427e-19   1.6923393e-19
       3.7115299       13.666382   9.0115287e-19   1.6888142e-19
       3.7126271       13.690588   9.0218810e-19   1.6852779e-19
       3.7137242       13.714965   9.0323003e-19   1.6817302e-19
       3.7148213       13.739517   9.0427874e-19   1.6781710e-19
       3.7159184       13.764245   9.0533431e-19   1.6746003e-19
       3.7170155       13.789152   9.0639683e-19   1.6710179e-19
       3.7181126       13.814240   9.0746638e-19   1.6674237e-19
       3.7192097       13.839511   9.0854304e-19   1.6638177e-19
       3.7203068       13.864967   9.0962691e-19   1.6601997e-19
       3.7214039       13.890612   9.1071807e-19   1.6565696e-19
       3.7225011       13.916447   9.1181662e-19   1.6529273e-19
       3.7235982       13.942475   9.1292264e-19   1.6492727e-19
       3.7246953       13.968699   9.1403624e-19   1.6456056e-19
       3.7257924       13.995121   9.1515750e-19   1.6419260e-19
       3.7268895       14.021743   9.1628654e-19   1.6382337e-19
       3.7279866       14.048570   9.1742343e-19   1.6345287e-19
       3.7290837       14.075602   9.1856830e-19   1.6308107e-19
       3.7301808       14.102844   9.1972123e-19   1.6270797e-19
       3.7312780       14.130298   9.2088235e-19   1.6233356e-19
       3.7323751       14.157967   9.2205174e-19   1.6195781e-19
       3.7334722       14.185854   9.2322953e-19   1.6158073e-19
       3.7345693       14.213962   9.2441583e-19   1.6120229e-19
       3.7356664       14.242294   9.2561075e-19   1.6082248e-19
       3.7367635       14.270853   9.2681440e-19   1.6044129e-19
       3.7378606       14.299643   9.2802691e-19   1.6005870e-19
       3.7389577       14.328667   9.2924839e-19   1.5967471e-19
       3.7400549       14.357928   9.3047897e-19   1.5928929e-19
       3.7411520       14.387430   9.3171878e-19   1.5890243e-19
       3.7422491       14.417175   9.3296794e-19   1.5851412e-19
       3.7433462       14.447169   9.3422658e-19   1.5812434e-19
       3.7444433       14.477415   9.3549484e-19   1.5773308e-19
       3.7455404       14.507915   9.3677285e-19   1.5734032e-19
       3.7466375       14.538675   9.3806076e-19   1.5694605e-19
       3.7477346       14.569697   9.3935870e-19   1.5655024e-19
       3.7488317       14.600987   9.4066683e-19   1.5615289e-19
       3.7499289       14.632548   9.4198528e-19   1.5575397e-19
       3.7510260       14.664384   9.4331421e-19   1.5535347e-19
       3.7521231       14.696499   9.4465378e-19   1.5495138e-19
       3.7532202       14.728899   9.4600414e-19   1.5454767e-19
       3.7543173       14.761586   9.4736546e-19   1.5414232e-19
       3.7554144       14.794567   9.4873790e-19   1.5373533e-19
       3.7565115       14.827846   9.5012162e-19   1.5332666e-19
       3.7576086       14.861426   9.5151681e-19   1.5291631e-19
       3.7587058       14.895314   9.5292363e-19   1.5250425e-19
       3.7598029       14.929515   9.5434227e-19   1.5209046e-19
       3.7609000       14.964033   9.5577291e-19   1.5167492e-19
       3.7619971       14.998873   9.5721574e-19   1.5125762e-19
       3.7630942       15.034042   9.5867096e-19   1.5083852e-19
       3.7641913       15.069544   9.6013876e-19   1.5041762e-19
       3.7652884       15.105385   9.6161934e-19   1.4999489e-19
       3.7663855       15.141571   9.6311291e-19   1.4957030e-19
       3.7674827       15.178109   9.6461969e-19   1.4914384e-19
       3.7685798       15.215003   9.6613988e-19   1.4871549e-19
       3.7696769       15.252260   9.6767371e-19   1.4828521e-19
       3.7707740       15.289887   9.6922142e-19   1.4785298e-19
       3.7718711       15.327890   9.7078322e-19   1.4741879e-19
       3.7729682       15.366275   9.7235937e-19   1.4698260e-19
       3.7740653       15.405051   9.7395010e-19   1.4654440e-19
       3.7751624       15.444222   9.7555567e-19   1.4610415e-19
       3.7762595       15.483798   9.7717634e-19   1.4566183e-19
       3.7773567       15.523785   9.7881236e-19   1.4521741e-19
       3.7784538       15.564192   9.8046401e-19   1.4477087e-19
       3.7795509       15.605025   9.8213156e-19   1.4432218e-19
       3.7806480       15.646292   9.8381531e-19   1.4387131e-19
       3.7817451       15.688003   9.8551554e-19   1.4341822e-19
       3.7828422       15.730166   9.8723256e-19   1.4296290e-19
       3.7839393       15.772788   9.8896666e-19   1.4250530e-19
       3.7850364       15.815880   9.9071818e-19   1.4204541e-19
       3.7861336       15.859451   9.9248743e-19   1.4158318e-19
       3.7872307       15.903509   9.9427475e-19   1.4111859e-19
       3.7883278       15.948065   9.9608048e-19   1.4065160e-19
       3.7894249       15.993129   9.9790498e-19   1.4018217e-19
       3.7905220       16.038711   9.9974860e-19   1.3971028e-19
       3.7916191       16.084822   1.0016117e-18   1.3923589e-19
       3.7927162       16.131472   1.0034947e-18   1.3875895e-19
       3.7938133       16.178673   1.0053980e-18   1.3827944e-19
       3.7949105       16.226437   1.0073220e-18   1.3779731e-19
       3.7960076       16.274776   1.0092671e-18   1.3731253e-19
       3.7971047       16.323701   1.0112337e-18   1.3682506e-19
       3.7982018       16.373225   1.0132223e-18   1.3633485e-19
       3.7992989       16.423363   1.0152333e-18   1.3584186e-19
       3.8003960       16.474127   1.0172673e-18   1.3534605e-19
       3.8014931       16.525531   1.0193246e-18   1.3484738e-19
       3.8025902       16.577589   1.0214059e-18   1.3434580e-19
       3.8036873       16.630317   1.0235115e-18   1.3384126e-19
       3.8047845       16.683730   1.0256422e-18   1.3333371e-19
       3.8058816       16.737844   1.0277983e-18   1.3282312e-19
       3.8069787       16.792676   1.0299804e-18   1.3230941e-19
       3.8080758       16.848241   1.0321893e-18   1.3179255e-19
       3.8091729       16.904559   1.0344254e-18   1.3127249e-19
       3.8102700       16.961646   1.0366894e-18   1.3074916e-19
       3.8113671       17.019523   1.0389819e-18   1.3022250e-19
       3.8124642       17.078207   1.0413036e-18   1.2969248e-19
       3.8135614       17.137721   1.0436553e-18   1.2915901e-19
       3.8146585       17.198084   1.0460376e-18   1.2862205e-19
       3.8157556       17.259318   1.0484512e-18   1.2808152e-19
       3.8168527       17.321446   1.0508970e-18   1.2753737e-19
       3.8179498       17.384491   1.0533757e-18   1.2698953e-19
       3.8190469       17.448478   1.0558882e-18   1.2643792e-19
       3.8201440       17.513430   1.0584353e-18   1.2588249e-19
       3.8212411       17.579376   1.0610179e-18   1.2532315e-19
       3.8223383       17.646341   1.0636369e-18   1.2475982e-19
       3.8234354       17.714355   1.0662934e-18   1.2419244e-19
       3.8245325       17.783446   1.0689883e-18   1.2362093e-19
       3.8256296       17.853645   1.0717225e-18   1.2304519e-19
       3.8267267       17.924984   1.0744973e-18   1.2246515e-19
       3.8278238       17.997496   1.0773138e-18   1.2188071e-19
       3.8289209       18.071216   1.0801730e-18   1.2129179e-19
       3.8300180       18.146179   1.0830762e-18   1.2069828e-19
       3.8311151       18.222424   1.0860248e-18   1.2010010e-19
       3.8322123       18.299989   1.0890199e-18   1.1949714e-19
       3.8333094       18.378917   1.0920630e-18   1.1888930e-19
       3.8344065       18.459248   1.0951555e-18   1.1827647e-19
       3.8355036       18.541030   1.0982989e-18   1.1765853e-19
       3.8366007       18.624307   1.1014948e-18   1.1703537e-19
       3.8376978       18.709131   1.1047449e-18   1.1640688e-19
       3.8387949       18.795551   1.1080508e-18   1.1577291e-19
       3.8398920       18.883623   1.1114143e-18   1.1513335e-19
       3.8409892       18.973402   1.1148373e-18   1.1448806e-19
       3.8420863       19.064949   1.1183218e-18   1.1383690e-19
       3.8431834       19.158325   1.1218699e-18   1.1317972e-19
       3.8442805       19.253597   1.1254837e-18   1.1251636e-19
       3.8453776       19.350834   1.1291655e-18   1.1184668e-19
       3.8464747       19.450109   1.1329178e-18   1.1117050e-19
       3.8475718       19.551498   1.1367429e-18   1.1048766e-19
       3.8486689       19.655083   1.1406436e-18   1.0979796e-19
       3.8497661       19.760949   1.1446228e-18   1.0910123e-19
       3.8508632       19.869187   1.1486832e-18   1.0839727e-19
       3.8519603       19.979892   1.1528282e-18   1.0768588e-19
       3.8530574       20.093166   1.1570609e-18   1.0696682e-19
       3.8541545       20.209116   1.1613848e-18   1.0623989e-19
       3.8552516       20.327857   1.1658037e-18   1.0550485e-19
       3.8563487       20.449508   1.1703214e-18   1.0476144e-19
       3.8574458       20.574200   1.1749422e-18   1.0400941e-19
       3.8585429       20.702069   1.1796703e-18   1.0324849e-19
       3.8596401       20.833261   1.1845106e-18   1.0247837e-19
       3.8607372       20.967933   1.1894680e-18   1.0169877e-19
       3.8618343       21.106250   1.1945478e-18   1.0090937e-19
       3.8629314       21.248392   1.1997558e-18   1.0010981e-19
       3.8640285       21.394550   1.2050980e-18   9.9299750e-20
       3.8651256       21.544929   1.2105809e-18   9.8478809e-20
       3.8662227       21.699749   1.2162115e-18   9.7646587e-20
       3.8673198       21.859248   1.2219973e-18   9.6802657e-20
       3.8684170       22.023682   1.2279464e-18   9.5946571e-20
       3.8695141       22.193329   1.2340675e-18   9.5077847e-20
       3.8706112       22.368487   1.2403699e-18   9.4195976e-20
       3.8717083       22.549482   1.2468638e-18   9.3300411e-20
       3.8728054       22.736666   1.2535601e-18   9.2390571e-20
       3.8739025       22.930424   1.2604709e-18   9.1465831e-20
       3.8749996       23.131177   1.2676089e-18   9.0525524e-20
       3.8760967       23.339382   1.2749885e-18   8.9568932e-20
       3.8771939       23.555543   1.2826251e-18   8.8595280e-20
       3.8782910       23.780216   1.2905356e-18   8.7603735e-20
       3.8793881       24.014009   1.2987386e-18   8.6593396e-20
       3.8804852       24.257600   1.3072547e-18   8.5563284e-20
       3.8815823       24.511737   1.3161065e-18   8.4512340e-20
       3.8826794       24.777255   1.3253191e-18   8.3439405e-20
       3.8837765       25.055086   1.3349205e-18   8.2343218e-20
       3.8848736       25.346277   1.3449419e-18   8.1222394e-20
       3.8859707       25.652005   1.3554183e-18   8.0075412e-20
       3.8870679       25.973603   1.3663891e-18   7.8900594e-20
       3.8881650       26.312584   1.3778988e-18   7.7696084e-20
       3.8892621       26.670679   1.3899978e-18   7.6459815e-20
       3.8903592       27.049872   1.4027440e-18   7.5189482e-20
       3.8914563       27.452461   1.4162036e-18   7.3882501e-20
       3.8925534       27.881115   1.4304532e-18   7.2535956e-20
       3.8936505       28.338960   1.4455819e-18   7.1146541e-20
       3.8947476       28.829689   1.4616940e-18   6.9710487e-20
       3.8958448       29.357700   1.4789128e-18   6.8223464e-20
       3.8969419       29.928276   1.4973851e-18   6.6680464e-20
       3.8969419       30.927851   1.4984455e-18   6.2827242e-20
       3.8980390       31.469283   1.5362606e-18   6.2395596e-20
       3.8991361       32.053797   1.5732258e-18   6.1777014e-20
       3.9002332       32.684015   1.6091836e-18   6.0973193e-20
       3.9013303       33.362529   1.6439807e-18   5.9988804e-20
       3.9024274       34.091855   1.6774704e-18   5.8831551e-20
       3.9035245       34.874368   1.7095143e-18   5.7512117e-20
       3.9046217       35.712230   1.7399839e-18   5.6043990e-20
       3.9057188       36.607306   1.7687616e-18   5.4443159e-20
       3.9068159       37.561066   1.7957400e-18   5.2727705e-20
       3.9079130       38.574481   1.8208203e-18   5.0917276e-20
       3.9090101       39.647904   1.8439089e-18   4.9032490e-20
       3.9101072       40.780955   1.8649126e-18   4.7094281e-20
       3.9112043       41.972400   1.8837314e-18   4.5123238e-20
       3.9123014       43.220041   1.9002507e-18   4.3138958e-20
       3.9133985       44.520620   1.9143310e-18   4.1159467e-20
       3.9144957       45.869749   1.9257990e-18   3.9200735e-20
       3.9155928       47.261874   1.9344377e-18   3.7276312e-20
       3.9166899       48.690286   1.9399800e-18   3.5397119e-20
       3.9177870       50.147180   1.9421061e-18   3.3571386e-20
       3.9188841       51.623776   1.9404469e-18   3.1804759e-20
       3.9199812       53.110495   1.9345954e-18   3.0100549e-20
       3.9210783       54.597189   1.9241272e-18   2.8460106e-20
       3.9221754       56.073419   1.9086308e-18   2.6883282e-20
       3.9232726       57.528756   1.8877442e-18   2.5368937e-20
       3.9243697       58.953101   1.8611968e-18   2.3915439e-20
       3.9254668       60.336989   1.8288488e-18   2.2521089e-20
       3.9265639       61.671863   1.7907234e-18   2.1184447e-20
       3.9276610       62.950303   1.7470261e-18   1.9904517e-20
       3.9287581       64.166191   1.6981457e-18   1.8680783e-20
       3.9298552       65.314811   1.6446379e-18   1.7513131e-20
       3.9309523       66.392872   1.5871921e-18   1.6401682e-20
       3.9320495       67.398479   1.5265886e-18   1.5346585e-20
       3.9331466       68.331036   1.4636508e-18   1.4347824e-20
       3.9342437       69.191118   1.3991994e-18   1.3405064e-20
       3.9353408       69.980305   1.3340140e-18   1.2517558e-20
       3.9364379       70.701013   1.2688040e-18   1.1684114e-20
       3.9375350       71.356311   1.2041905e-18   1.0903118e-20
       3.9386321       71.949749   1.1406973e-18   1.0172593e-20
       3.9397292       72.485203   1.0787506e-18   9.4902748e-21
       3.9408263       72.966735   1.0186831e-18   8.8537046e-21
       3.9419235       73.398474   9.6074374e-19   8.2603082e-21
       3.9430206       73.784521   9.0510712e-19   7.7074714e-21
       3.9441177       74.128870   8.5188532e-19   7.1925990e-21
       3.9452148       74.435357   8.0113837e-19   6.7131617e-21
       3.9463119       74.707613   7.5288425e-19   6.2667285e-21
       3.9474090       74.949041   7.0710766e-19   5.8509893e-21
       3.9485061       75.162802   6.6376753e-19   5.4637669e-21
       3.9496032       75.351806   6.2280340e-19   5.1030227e-21
       3.9507004       75.518718   5.8414056e-19   4.7668575e-21
       3.9517975       75.665961   5.4769440e-19   4.4535077e-21
       3.9528946       75.795729   5.1337368e-19   4.1613396e-21
       3.9539917       75.910002   4.8108332e-19   3.8888427e-21
       3.9550888       76.010554   4.5072643e-19   3.6346210e-21
       3.9561859       76.098975   4.2220595e-19   3.3973852e-21
       3.9572830       76.176684   3.9542591e-19   3.1759446e-21
       3.9583801       76.244945   3.7029229e-19   2.9691990e-21
       3.9594773       76.304880   3.4671373e-19   2.7761316e-21
       3.9605744       76.357483   3.2460200e-19   2.5958017e-21
       3.9616715       76.403636   3.0387233e-19   2.4273386e-21
       3.9627686       76.444117   2.8444358e-19   2.2699359e-21
       3.9638657       76.479615   2.6623837e-19   2.1228459e-21
       3.9649628       76.510734   2.4918312e-19   1.9853749e-21
       3.9660599       76.538011   2.3320800e-19   1.8568788e-21
       3.9671570       76.561915   2.1824690e-19   1.7367590e-21
       3.9682541       76.582860   2.0423733e-19   1.6244592e-21
       3.9693513       76.601209   1.9112028e-19   1.5194615e-21
       3.9704484       76.617283   1.7884014e-19   1.4212841e-21
       3.9715455       76.631362   1.6734453e-19   1.3294778e-21
       3.9726426       76.643692   1.5658414e-19   1.2436245e-21
       3.9737397       76.654491   1.4651264e-19   1.1633340e-21
       3.9748368       76.663947   1.3708647e-19   1.0882425e-21
       3.9759339       76.672227   1.2826473e-19   1.0180108e-21
       3.9770310       76.679476   1.2000903e-19   9.5232190e-22
       3.9781282       76.685824   1.1228336e-19   8.9088024e-22
       3.9792253       76.691381   1.0505393e-19   8.3340963e-22
       3.9803224       76.696246   9.8289059e-20   7.7965218e-22
       3.9814195       76.700505   9.1959070e-20   7.2936695e-22
       3.9825166       76.704233   8.6036137e-20   6.8232881e-22
       3.9836137       76.707497   8.0494195e-20   6.3832740e-22
       3.9847108       76.710354   7.5308827e-20   5.9716611e-22
       3.9858079       76.712855   7.0457163e-20   5.5866114e-22
       3.9869051       76.715045   6.5917789e-20   5.2264070e-22
       3.9880022       76.716961   6.1670653e-20   4.8894414e-22
       3.9890993       76.718638   5.7696980e-20   4.5742129e-22
       3.9901964       76.720106   5.3979198e-20   4.2793172e-22
       3.9912935       76.721392   5.0500853e-20   4.0034410e-22
       3.9923906       76.722517   4.7246548e-20   3.7453562e-22
       3.9934877       76.723501   4.4201871e-20   3.5039143e-22
       3.9945848       76.724363   4.1353332e-20   3.2780411e-22
       3.9956819       76.725117   3.8688310e-20   3.0667319e-22
       3.9967791       76.725778   3.6194990e-20   2.8690470e-22
       3.9978762       76.726355   3.3862319e-20   2.6841075e-22
       3.9989733       76.726861   3.1679952e-20   2.5110911e-22
       4.0000704       76.727304   2.9638211e-20   2.3492289e-22
       4.0011675       76.727692   2.7728037e-20   2.1978015e-22
       4.0022646       76.728031   2.5940957e-20   2.0561359e-22
       4.0033617       76.728328   2.4269041e-20   1.9236026e-22
       4.0044588       76.728587   2.2704871e-20   1.7996128e-22
       4.0055560       76.728815   2.1241504e-20   1.6836156e-22
       4.0066531       76.729014   1.9872446e-20   1.5750957e-22
       4.0077502       76.729188   1.8591621e-20   1.4735710e-22
       4.0088473       76.729341   1.7393342e-20   1.3785905e-22
       4.0099444       76.729474   1.6272292e-20   1.2897323e-22
       4.0110415       76.729591   1.5223494e-20   1.2066018e-22
       4.0121386       76.729693   1.4242290e-20   1.1288297e-22
       4.0132357       76.729783   1.3324327e-20   1.0560705e-22
       4.0143329       76.729861   1.2465527e-20   9.8800122e-23
       4.0154300       76.729929   1.1662079e-20   9.2431944e-23
       4.0165271       76.729989   1.0910414e-20   8.6474236e-23
       4.0176242       76.730042   1.0207196e-20   8.0900539e-23
       4.0187213       76.730088   9.5493025e-21   7.5686100e-23
       4.0198184       76.730128   8.9338120e-21   7.0807762e-23
       4.0209155       76.730163   8.3579917e-21   6.6243860e-23
       4.0220126       76.730194   7.8192849e-21   6.1974126e-23
       4.0231097       76.730221   7.3152996e-21   5.7979599e-23
       4.0242069       76.730245   6.8437979e-21   5.4242541e-23
       4.0253040       76.730265   6.4026863e-21   5.0746355e-23
       4.0264011       76.730283   5.9900059e-21   4.7475516e-23
       4.0274982       76.730299   5.6039244e-21   4.4415499e-23
       4.0285953       76.730313   5.2427274e-21   4.1552716e-23
       4.0296924       76.730325   4.9048109e-21   3.8874452e-23
