    0.0012561488       5.0038854   4.7950345e-19   5.5420865e-19
     0.013817637       5.0098392   4.7987519e-19   5.5343045e-19
     0.026379124       5.0158200   4.8024844e-19   5.5265075e-19
     0.038940612       5.0218281   4.8062324e-19   5.5186955e-19
     0.051502100       5.0278635   4.8099958e-19   5.5108682e-19
     0.064063588       5.0339265   4.8137748e-19   5.5030257e-19
     0.076625075       5.0400175   4.8175696e-19   5.4951678e-19
     0.089186563       5.0461364   4.8213802e-19   5.4872945e-19
      0.10174805       5.0522837   4.8252067e-19   5.4794057e-19
      0.11430954       5.0584595   4.8290494e-19   5.4715013e-19
      0.12687103       5.0646641   4.8329082e-19   5.4635812e-19
      0.13943251       5.0708976   4.8367834e-19   5.4556454e-19
      0.15199400       5.0771605   4.8406751e-19   5.4476936e-19
      0.16455549       5.0834527   4.8445833e-19   5.4397260e-19
      0.17711698       5.0897747   4.8485083e-19   5.4317423e-19
      0.18967847       5.0961267   4.8524501e-19   5.4237424e-19
      0.20223995       5.1025089   4.8564089e-19   5.4157264e-19
      0.21480144       5.1089215   4.8603849e-19   5.4076940e-19
      0.22736293       5.1153648   4.8643780e-19   5.3996453e-19
      0.23992442       5.1218392   4.8683886e-19   5.3915800e-19
      0.25248590       5.1283448   4.8724167e-19   5.3834982e-19
      0.26504739       5.1348818   4.8764625e-19   5.3753996e-19
      0.27760888       5.1414507   4.8805260e-19   5.3672843e-19
      0.29017037       5.1480516   4.8846076e-19   5.3591521e-19
      0.30273186       5.1546848   4.8887072e-19   5.3510029e-19
      0.31529334       5.1613506   4.8928251e-19   5.3428367e-19
      0.32785483       5.1680493   4.8969614e-19   5.3346532e-19
      0.34041632       5.1747812   4.9011162e-19   5.3264525e-19
      0.35297781       5.1815465   4.9052898e-19   5.3182344e-19
      0.36553929       5.1883455   4.9094822e-19   5.3099988e-19
      0.37810078       5.1951786   4.9136936e-19   5.3017457e-19
      0.39066227       5.2020460   4.9179242e-19   5.2934748e-19
      0.40322376       5.2089481   4.9221741e-19   5.2851862e-19
      0.41578525       5.2158851   4.9264435e-19   5.2768796e-19
      0.42834673       5.2228573   4.9307325e-19   5.2685550e-19
      0.44090822       5.2298651   4.9350414e-19   5.2602123e-19
      0.45346971       5.2369088   4.9393703e-19   5.2518514e-19
      0.46603120       5.2439888   4.9437193e-19   5.2434721e-19
      0.47859268       5.2511052   4.9480886e-19   5.2350744e-19
      0.49115417       5.2582585   4.9524785e-19   5.2266581e-19
      0.50371566       5.2654491   4.9568891e-19   5.2182231e-19
      0.51627715       5.2726771   4.9613205e-19   5.2097693e-19
      0.52883864       5.2799431   4.9657729e-19   5.2012966e-19
      0.54140012       5.2872473   4.9702466e-19   5.1928048e-19
      0.55396161       5.2945901   4.9747417e-19   5.1842939e-19
      0.56652310       5.3019718   4.9792584e-19   5.1757637e-19
      0.57908459       5.3093929   4.9837969e-19   5.1672142e-19
      0.59164607       5.3168536   4.9883574e-19   5.1586451e-19
      0.60420756       5.3243543   4.9929400e-19   5.1500563e-19
      0.61676905       5.3318955   4.9975450e-19   5.1414478e-19
      0.62933054       5.3394776   5.0021727e-19   5.1328193e-19
      0.64189203       5.3471008   5.0068230e-19   5.1241709e-19
      0.65445351       5.3547656   5.0114964e-19   5.1155023e-19
      0.66701500       5.3624724   5.0161930e-19   5.1068133e-19
      0.67957649       5.3702215   5.0209129e-19   5.0981040e-19
      0.69213798       5.3780135   5.0256565e-19   5.0893741e-19
      0.70469946       5.3858487   5.0304240e-19   5.0806235e-19
      0.71726095       5.3937276   5.0352155e-19   5.0718521e-19
      0.72982244       5.4016505   5.0400312e-19   5.0630597e-19
      0.74238393       5.4096179   5.0448715e-19   5.0542462e-19
      0.75494542       5.4176303   5.0497365e-19   5.0454115e-19
      0.76750690       5.4256880   5.0546265e-19   5.0365553e-19
      0.78006839       5.4337916   5.0595417e-19   5.0276776e-19
      0.79262988       5.4419414   5.0644823e-19   5.0187783e-19
      0.80519137       5.4501381   5.0694486e-19   5.0098571e-19
      0.81775285       5.4583819   5.0744408e-19   5.0009139e-19
      0.83031434       5.4666735   5.0794592e-19   4.9919485e-19
      0.84287583       5.4750132   5.0845040e-19   4.9829609e-19
      0.85543732       5.4834017   5.0895755e-19   4.9739509e-19
      0.86799881       5.4918393   5.0946740e-19   4.9649182e-19
      0.88056029       5.5003266   5.0997997e-19   4.9558628e-19
      0.89312178       5.5088642   5.1049528e-19   4.9467844e-19
      0.90568327       5.5174524   5.1101337e-19   4.9376830e-19
      0.91824476       5.5260919   5.1153426e-19   4.9285583e-19
      0.93080624       5.5347832   5.1205797e-19   4.9194103e-19
      0.94336773       5.5435269   5.1258455e-19   4.9102386e-19
      0.95592922       5.5523234   5.1311401e-19   4.9010432e-19
      0.96849071       5.5611734   5.1364639e-19   4.8918238e-19
      0.98105220       5.5700774   5.1418172e-19   4.8825804e-19
      0.99361368       5.5790361   5.1472001e-19   4.8733127e-19
       1.0061752       5.5880499   5.1526132e-19   4.8640206e-19
       1.0187367       5.5971195   5.1580566e-19   4.8547038e-19
       1.0312981       5.6062456   5.1635306e-19   4.8453622e-19
       1.0438596       5.6154286   5.1690357e-19   4.8359956e-19
       1.0564211       5.6246693   5.1745721e-19   4.8266038e-19
       1.0689826       5.6339683   5.1801401e-19   4.8171867e-19
       1.0815441       5.6433262   5.1857400e-19   4.8077439e-19
       1.0941056       5.6527437   5.1913723e-19   4.7982755e-19
       1.1066671       5.6622214   5.1970373e-19   4.7887810e-19
       1.1192286       5.6717601   5.2027352e-19   4.7792604e-19
       1.1317900       5.6813604   5.2084665e-19   4.7697135e-19
       1.1443515       5.6910230   5.2142315e-19   4.7601400e-19
       1.1569130       5.7007487   5.2200306e-19   4.7505397e-19
       1.1694745       5.7105381   5.2258642e-19   4.7409124e-19
       1.1820360       5.7203920   5.2317325e-19   4.7312580e-19
       1.1945975       5.7303111   5.2376361e-19   4.7215761e-19
       1.2071590       5.7402962   5.2435753e-19   4.7118666e-19
       1.2197205       5.7503481   5.2495504e-19   4.7021293e-19
       1.2322820       5.7604675   5.2555619e-19   4.6923639e-19
       1.2448434       5.7706553   5.2616103e-19   4.6825703e-19
       1.2574049       5.7809123   5.2676958e-19   4.6727481e-19
       1.2699664       5.7912392   5.2738190e-19   4.6628971e-19
       1.2825279       5.8016370   5.2799802e-19   4.6530172e-19
       1.2950894       5.8121065   5.2861800e-19   4.6431080e-19
       1.3076509       5.8226485   5.2924187e-19   4.6331694e-19
       1.3202124       5.8332640   5.2986967e-19   4.6232010e-19
       1.3327739       5.8439538   5.3050146e-19   4.6132027e-19
       1.3453353       5.8547189   5.3113728e-19   4.6031742e-19
       1.3578968       5.8655601   5.3177718e-19   4.5931152e-19
       1.3704583       5.8764785   5.3242121e-19   4.5830254e-19
       1.3830198       5.8874750   5.3306941e-19   4.5729047e-19
       1.3955813       5.8985506   5.3372184e-19   4.5627527e-19
       1.4081428       5.9097063   5.3437854e-19   4.5525692e-19
       1.4207043       5.9209432   5.3503957e-19   4.5423539e-19
       1.4332658       5.9322621   5.3570498e-19   4.5321065e-19
       1.4458272       5.9436643   5.3637482e-19   4.5218268e-19
       1.4583887       5.9551507   5.3704915e-19   4.5115144e-19
       1.4709502       5.9667226   5.3772802e-19   4.5011691e-19
       1.4835117       5.9783809   5.3841150e-19   4.4907905e-19
       1.4960732       5.9901269   5.3909962e-19   4.4803784e-19
       1.5086347       6.0019617   5.3979247e-19   4.4699325e-19
       1.5211962       6.0138864   5.4049009e-19   4.4594524e-19
       1.5337577       6.0259024   5.4119254e-19   4.4489379e-19
       1.5463191       6.0380107   5.4189989e-19   4.4383886e-19
       1.5588806       6.0502128   5.4261220e-19   4.4278042e-19
       1.5714421       6.0625097   5.4332953e-19   4.4171844e-19
       1.5840036       6.0749030   5.4405196e-19   4.4065288e-19
       1.5965651       6.0873938   5.4477953e-19   4.3958372e-19
       1.6091266       6.0999835   5.4551233e-19   4.3851091e-19
       1.6216881       6.1126735   5.4625043e-19   4.3743443e-19
       1.6342496       6.1254653   5.4699388e-19   4.3635423e-19
       1.6468110       6.1383602   5.4774277e-19   4.3527028e-19
       1.6593725       6.1513597   5.4849717e-19   4.3418255e-19
       1.6719340       6.1644654   5.4925715e-19   4.3309100e-19
       1.6844955       6.1776787   5.5002278e-19   4.3199558e-19
       1.6970570       6.1910012   5.5079416e-19   4.3089627e-19
       1.7096185       6.2044345   5.5157134e-19   4.2979303e-19
       1.7221800       6.2179802   5.5235443e-19   4.2868580e-19
       1.7347415       6.2316400   5.5314349e-19   4.2757456e-19
       1.7473030       6.2454155   5.5393861e-19   4.2645927e-19
       1.7598644       6.2593086   5.5473988e-19   4.2533987e-19
       1.7724259       6.2733209   5.5554739e-19   4.2421634e-19
       1.7849874       6.2874543   5.5636122e-19   4.2308862e-19
       1.7975489       6.3017107   5.5718147e-19   4.2195667e-19
       1.8101104       6.3160918   5.5800823e-19   4.2082046e-19
       1.8226719       6.3305997   5.5884159e-19   4.1967992e-19
       1.8352334       6.3452363   5.5968166e-19   4.1853503e-19
       1.8477949       6.3600036   5.6052852e-19   4.1738572e-19
       1.8603563       6.3749037   5.6138229e-19   4.1623196e-19
       1.8729178       6.3899387   5.6224307e-19   4.1507370e-19
       1.8854793       6.4051107   5.6311096e-19   4.1391088e-19
       1.8980408       6.4204220   5.6398607e-19   4.1274345e-19
       1.9106023       6.4358748   5.6486851e-19   4.1157137e-19
       1.9231638       6.4514714   5.6575840e-19   4.1039459e-19
       1.9357253       6.4672142   5.6665585e-19   4.0921304e-19
       1.9482868       6.4831056   5.6756098e-19   4.0802668e-19
       1.9608482       6.4991480   5.6847391e-19   4.0683545e-19
       1.9734097       6.5153441   5.6939477e-19   4.0563930e-19
       1.9859712       6.5316964   5.7032368e-19   4.0443816e-19
       1.9985327       6.5482075   5.7126077e-19   4.0323199e-19
       2.0110942       6.5648802   5.7220617e-19   4.0202071e-19
       2.0236557       6.5817173   5.7316003e-19   4.0080428e-19
       2.0362172       6.5987217   5.7412248e-19   3.9958263e-19
       2.0487787       6.6158963   5.7509366e-19   3.9835569e-19
       2.0613401       6.6332440   5.7607372e-19   3.9712341e-19
       2.0739016       6.6507681   5.7706282e-19   3.9588571e-19
       2.0864631       6.6684716   5.7806109e-19   3.9464253e-19
       2.0990246       6.6863578   5.7906871e-19   3.9339381e-19
       2.1115861       6.7044300   5.8008583e-19   3.9213947e-19
       2.1241476       6.7226916   5.8111262e-19   3.9087944e-19
       2.1367091       6.7411463   5.8214924e-19   3.8961365e-19
       2.1492706       6.7597975   5.8319588e-19   3.8834203e-19
       2.1618320       6.7786490   5.8425271e-19   3.8706450e-19
       2.1743935       6.7977045   5.8531991e-19   3.8578099e-19
       2.1869550       6.8169680   5.8639768e-19   3.8449141e-19
       2.1995165       6.8364436   5.8748620e-19   3.8319569e-19
       2.2120780       6.8561352   5.8858567e-19   3.8189374e-19
       2.2246395       6.8760472   5.8969631e-19   3.8058548e-19
       2.2372010       6.8961840   5.9081831e-19   3.7927083e-19
       2.2497625       6.9165500   5.9195189e-19   3.7794969e-19
       2.2623239       6.9371498   5.9309728e-19   3.7662199e-19
       2.2748854       6.9579882   5.9425469e-19   3.7528761e-19
       2.2874469       6.9790701   5.9542437e-19   3.7394648e-19
       2.3000084       7.0004005   5.9660656e-19   3.7259850e-19
       2.3125699       7.0219846   5.9780150e-19   3.7124357e-19
       2.3251314       7.0438278   5.9900945e-19   3.6988158e-19
       2.3376929       7.0659355   6.0023066e-19   3.6851244e-19
       2.3502544       7.0883135   6.0146541e-19   3.6713604e-19
       2.3628159       7.1109676   6.0271399e-19   3.6575227e-19
       2.3753773       7.1339037   6.0397666e-19   3.6436102e-19
       2.3879388       7.1571283   6.0525373e-19   3.6296218e-19
       2.4005003       7.1806476   6.0654550e-19   3.6155564e-19
       2.4130618       7.2044683   6.0785229e-19   3.6014126e-19
       2.4231110       7.2237465   6.0890875e-19   3.5900405e-19
       2.4243671       7.2261703   6.0904150e-19   3.5886153e-19
       2.4256233       7.2285973   6.0917442e-19   3.5871894e-19
       2.4268794       7.2310274   6.0930749e-19   3.5857627e-19
       2.4281356       7.2334607   6.0944071e-19   3.5843351e-19
       2.4293917       7.2358971   6.0957410e-19   3.5829068e-19
       2.4306479       7.2383367   6.0970764e-19   3.5814776e-19
       2.4319040       7.2407795   6.0984134e-19   3.5800476e-19
       2.4331602       7.2432255   6.0997519e-19   3.5786168e-19
       2.4344163       7.2456747   6.1010921e-19   3.5771852e-19
       2.4356725       7.2481271   6.1024339e-19   3.5757528e-19
       2.4369286       7.2505827   6.1037772e-19   3.5743195e-19
       2.4381848       7.2530416   6.1051222e-19   3.5728854e-19
       2.4394409       7.2555036   6.1064687e-19   3.5714506e-19
       2.4406971       7.2579689   6.1078169e-19   3.5700149e-19
       2.4419532       7.2604374   6.1091666e-19   3.5685783e-19
       2.4432094       7.2629092   6.1105180e-19   3.5671410e-19
       2.4444655       7.2653842   6.1118710e-19   3.5657028e-19
       2.4457217       7.2678625   6.1132256e-19   3.5642638e-19
       2.4469778       7.2703441   6.1145818e-19   3.5628240e-19
       2.4482340       7.2728289   6.1159397e-19   3.5613833e-19
       2.4494901       7.2753171   6.1172992e-19   3.5599418e-19
       2.4507463       7.2778085   6.1186603e-19   3.5584995e-19
       2.4520024       7.2803032   6.1200231e-19   3.5570563e-19
       2.4532586       7.2828013   6.1213875e-19   3.5556123e-19
       2.4545147       7.2853026   6.1227535e-19   3.5541675e-19
       2.4557709       7.2878073   6.1241212e-19   3.5527218e-19
       2.4570270       7.2903153   6.1254906e-19   3.5512753e-19
       2.4582832       7.2928267   6.1268616e-19   3.5498280e-19
       2.4595393       7.2953414   6.1282342e-19   3.5483798e-19
       2.4607955       7.2978594   6.1296085e-19   3.5469307e-19
       2.4620516       7.3003808   6.1309845e-19   3.5454809e-19
       2.4633078       7.3029056   6.1323622e-19   3.5440301e-19
       2.4645639       7.3054338   6.1337415e-19   3.5425786e-19
       2.4658201       7.3079653   6.1351225e-19   3.5411262e-19
       2.4670762       7.3105003   6.1365052e-19   3.5396729e-19
       2.4683323       7.3130387   6.1378896e-19   3.5382188e-19
       2.4695885       7.3155804   6.1392757e-19   3.5367638e-19
       2.4708446       7.3181256   6.1406634e-19   3.5353080e-19
       2.4721008       7.3206742   6.1420529e-19   3.5338513e-19
       2.4733569       7.3232263   6.1434440e-19   3.5323938e-19
       2.4746131       7.3257818   6.1448369e-19   3.5309354e-19
       2.4758692       7.3283407   6.1462315e-19   3.5294761e-19
       2.4771254       7.3309031   6.1476277e-19   3.5280160e-19
       2.4783815       7.3334690   6.1490257e-19   3.5265550e-19
       2.4796377       7.3360384   6.1504254e-19   3.5250932e-19
       2.4808938       7.3386112   6.1518269e-19   3.5236305e-19
       2.4821500       7.3411876   6.1532300e-19   3.5221669e-19
       2.4834061       7.3437674   6.1546349e-19   3.5207025e-19
       2.4846623       7.3463507   6.1560416e-19   3.5192372e-19
       2.4859184       7.3489376   6.1574499e-19   3.5177710e-19
       2.4871746       7.3515280   6.1588600e-19   3.5163040e-19
       2.4884307       7.3541219   6.1602719e-19   3.5148360e-19
       2.4896869       7.3567194   6.1616855e-19   3.5133672e-19
       2.4909430       7.3593204   6.1631009e-19   3.5118976e-19
       2.4921992       7.3619250   6.1645180e-19   3.5104270e-19
       2.4934553       7.3645332   6.1659369e-19   3.5089556e-19
       2.4947115       7.3671449   6.1673575e-19   3.5074833e-19
       2.4959676       7.3697602   6.1687799e-19   3.5060101e-19
       2.4972238       7.3723791   6.1702041e-19   3.5045360e-19
       2.4984799       7.3750017   6.1716301e-19   3.5030610e-19
       2.4997361       7.3776278   6.1730579e-19   3.5015852e-19
       2.5009922       7.3802576   6.1744874e-19   3.5001084e-19
       2.5022484       7.3828909   6.1759188e-19   3.4986308e-19
       2.5035045       7.3855280   6.1773519e-19   3.4971523e-19
       2.5047607       7.3881686   6.1787868e-19   3.4956729e-19
       2.5060168       7.3908130   6.1802236e-19   3.4941926e-19
       2.5072730       7.3934610   6.1816621e-19   3.4927114e-19
       2.5085291       7.3961126   6.1831025e-19   3.4912293e-19
       2.5097853       7.3987680   6.1845446e-19   3.4897463e-19
       2.5110414       7.4014270   6.1859886e-19   3.4882624e-19
       2.5122976       7.4040898   6.1874345e-19   3.4867776e-19
       2.5135537       7.4067562   6.1888821e-19   3.4852919e-19
       2.5148099       7.4094264   6.1903316e-19   3.4838052e-19
       2.5160660       7.4121003   6.1917829e-19   3.4823177e-19
       2.5173222       7.4147780   6.1932361e-19   3.4808293e-19
       2.5185783       7.4174594   6.1946911e-19   3.4793400e-19
       2.5198344       7.4201445   6.1961479e-19   3.4778497e-19
       2.5210906       7.4228335   6.1976066e-19   3.4763586e-19
       2.5223467       7.4255261   6.1990672e-19   3.4748665e-19
       2.5236029       7.4282226   6.2005296e-19   3.4733735e-19
       2.5248590       7.4309229   6.2019939e-19   3.4718796e-19
       2.5261152       7.4336270   6.2034601e-19   3.4703848e-19
       2.5273713       7.4363349   6.2049282e-19   3.4688891e-19
       2.5286275       7.4390466   6.2063981e-19   3.4673924e-19
       2.5298836       7.4417621   6.2078699e-19   3.4658948e-19
       2.5311398       7.4444815   6.2093436e-19   3.4643963e-19
       2.5323959       7.4472047   6.2108192e-19   3.4628968e-19
       2.5336521       7.4499318   6.2122967e-19   3.4613965e-19
       2.5349082       7.4526628   6.2137761e-19   3.4598952e-19
       2.5361644       7.4553976   6.2152574e-19   3.4583930e-19
       2.5374205       7.4581364   6.2167406e-19   3.4568898e-19
       2.5386767       7.4608790   6.2182258e-19   3.4553857e-19
       2.5399328       7.4636255   6.2197128e-19   3.4538807e-19
       2.5411890       7.4663760   6.2212018e-19   3.4523747e-19
       2.5424451       7.4691304   6.2226927e-19   3.4508678e-19
       2.5437013       7.4718887   6.2241856e-19   3.4493599e-19
       2.5449574       7.4746510   6.2256804e-19   3.4478511e-19
       2.5462136       7.4774172   6.2271771e-19   3.4463414e-19
       2.5474697       7.4801874   6.2286758e-19   3.4448307e-19
       2.5487259       7.4829616   6.2301764e-19   3.4433191e-19
       2.5499820       7.4857398   6.2316790e-19   3.4418065e-19
       2.5512382       7.4885219   6.2331836e-19   3.4402930e-19
       2.5524943       7.4913081   6.2346901e-19   3.4387785e-19
       2.5537505       7.4940983   6.2361986e-19   3.4372631e-19
       2.5550066       7.4968925   6.2377091e-19   3.4357467e-19
       2.5562628       7.4996908   6.2392216e-19   3.4342293e-19
       2.5575189       7.5024931   6.2407360e-19   3.4327110e-19
       2.5587751       7.5052994   6.2422524e-19   3.4311917e-19
       2.5600312       7.5081099   6.2437709e-19   3.4296715e-19
       2.5612874       7.5109244   6.2452913e-19   3.4281503e-19
       2.5625435       7.5137430   6.2468137e-19   3.4266281e-19
       2.5637997       7.5165657   6.2483382e-19   3.4251050e-19
       2.5650558       7.5193925   6.2498647e-19   3.4235809e-19
       2.5663120       7.5222235   6.2513931e-19   3.4220558e-19
       2.5675681       7.5250586   6.2529237e-19   3.4205298e-19
       2.5688243       7.5278978   6.2544562e-19   3.4190028e-19
       2.5700804       7.5307411   6.2559908e-19   3.4174748e-19
       2.5713365       7.5335887   6.2575274e-19   3.4159458e-19
       2.5725927       7.5364404   6.2590661e-19   3.4144158e-19
       2.5738488       7.5392963   6.2606068e-19   3.4128849e-19
       2.5751050       7.5421564   6.2621495e-19   3.4113530e-19
       2.5763611       7.5450207   6.2636944e-19   3.4098201e-19
       2.5776173       7.5478892   6.2652413e-19   3.4082862e-19
       2.5788734       7.5507620   6.2667902e-19   3.4067513e-19
       2.5801296       7.5536390   6.2683413e-19   3.4052155e-19
       2.5813857       7.5565202   6.2698944e-19   3.4036786e-19
       2.5826419       7.5594057   6.2714496e-19   3.4021407e-19
       2.5838980       7.5622955   6.2730069e-19   3.4006019e-19
       2.5851542       7.5651896   6.2745663e-19   3.3990620e-19
       2.5864103       7.5680879   6.2761278e-19   3.3975212e-19
       2.5876665       7.5709906   6.2776914e-19   3.3959793e-19
       2.5889226       7.5738976   6.2792571e-19   3.3944365e-19
       2.5901788       7.5768089   6.2808250e-19   3.3928926e-19
       2.5914349       7.5797246   6.2823949e-19   3.3913478e-19
       2.5926911       7.5826446   6.2839670e-19   3.3898019e-19
       2.5939472       7.5855689   6.2855412e-19   3.3882550e-19
       2.5952034       7.5884977   6.2871176e-19   3.3867071e-19
       2.5964595       7.5914308   6.2886961e-19   3.3851582e-19
       2.5977157       7.5943684   6.2902767e-19   3.3836083e-19
       2.5989718       7.5973103   6.2918595e-19   3.3820574e-19
       2.6002280       7.6002567   6.2934445e-19   3.3805054e-19
       2.6014841       7.6032075   6.2950316e-19   3.3789524e-19
       2.6027403       7.6061627   6.2966209e-19   3.3773984e-19
       2.6039964       7.6091224   6.2982124e-19   3.3758434e-19
       2.6052526       7.6120866   6.2998060e-19   3.3742873e-19
       2.6065087       7.6150553   6.3014019e-19   3.3727302e-19
       2.6077649       7.6180284   6.3029999e-19   3.3711721e-19
       2.6090210       7.6210060   6.3046001e-19   3.3696130e-19
       2.6102772       7.6239882   6.3062026e-19   3.3680528e-19
       2.6115333       7.6269749   6.3078072e-19   3.3664916e-19
       2.6127895       7.6299661   6.3094141e-19   3.3649293e-19
       2.6140456       7.6329619   6.3110231e-19   3.3633660e-19
       2.6153018       7.6359623   6.3126344e-19   3.3618017e-19
       2.6165579       7.6389672   6.3142480e-19   3.3602363e-19
       2.6178141       7.6419767   6.3158638e-19   3.3586699e-19
       2.6190702       7.6449909   6.3174818e-19   3.3571024e-19
       2.6203264       7.6480096   6.3191020e-19   3.3555339e-19
       2.6215825       7.6510329   6.3207246e-19   3.3539643e-19
       2.6228386       7.6540610   6.3223493e-19   3.3523937e-19
       2.6240948       7.6570936   6.3239764e-19   3.3508220e-19
       2.6253509       7.6601309   6.3256057e-19   3.3492493e-19
       2.6266071       7.6631729   6.3272373e-19   3.3476755e-19
       2.6278632       7.6662196   6.3288712e-19   3.3461006e-19
       2.6291194       7.6692710   6.3305074e-19   3.3445247e-19
       2.6303755       7.6723271   6.3321458e-19   3.3429477e-19
       2.6316317       7.6753879   6.3337866e-19   3.3413696e-19
       2.6328878       7.6784535   6.3354297e-19   3.3397905e-19
       2.6341440       7.6815238   6.3370750e-19   3.3382103e-19
       2.6354001       7.6845989   6.3387227e-19   3.3366290e-19
       2.6366563       7.6876788   6.3403728e-19   3.3350467e-19
       2.6379124       7.6907634   6.3420251e-19   3.3334632e-19
       2.6391686       7.6938529   6.3436798e-19   3.3318787e-19
       2.6404247       7.6969472   6.3453369e-19   3.3302931e-19
       2.6416809       7.7000463   6.3469963e-19   3.3287065e-19
       2.6429370       7.7031503   6.3486580e-19   3.3271187e-19
       2.6441932       7.7062591   6.3503221e-19   3.3255298e-19
       2.6454493       7.7093728   6.3519886e-19   3.3239399e-19
       2.6467055       7.7124914   6.3536575e-19   3.3223489e-19
       2.6479616       7.7156148   6.3553287e-19   3.3207568e-19
       2.6492178       7.7187432   6.3570023e-19   3.3191635e-19
       2.6504739       7.7218765   6.3586783e-19   3.3175692e-19
       2.6517301       7.7250148   6.3603567e-19   3.3159738e-19
       2.6529862       7.7281580   6.3620375e-19   3.3143773e-19
       2.6542424       7.7313062   6.3637208e-19   3.3127797e-19
       2.6554985       7.7344594   6.3654064e-19   3.3111809e-19
       2.6567547       7.7376175   6.3670945e-19   3.3095811e-19
       2.6580108       7.7407807   6.3687850e-19   3.3079801e-19
       2.6592670       7.7439489   6.3704779e-19   3.3063781e-19
       2.6605231       7.7471221   6.3721733e-19   3.3047749e-19
       2.6617793       7.7503004   6.3738711e-19   3.3031706e-19
       2.6630354       7.7534837   6.3755714e-19   3.3015652e-19
       2.6642916       7.7566721   6.3772742e-19   3.2999586e-19
       2.6655477       7.7598656   6.3789794e-19   3.2983510e-19
       2.6668039       7.7630642   6.3806871e-19   3.2967422e-19
       2.6680600       7.7662680   6.3823973e-19   3.2951323e-19
       2.6693162       7.7694769   6.3841099e-19   3.2935212e-19
       2.6705723       7.7726909   6.3858251e-19   3.2919091e-19
       2.6718285       7.7759101   6.3875428e-19   3.2902957e-19
       2.6730846       7.7791345   6.3892630e-19   3.2886813e-19
       2.6743407       7.7823640   6.3909856e-19   3.2870657e-19
       2.6755969       7.7855988   6.3927109e-19   3.2854490e-19
       2.6768530       7.7888388   6.3944386e-19   3.2838311e-19
       2.6781092       7.7920841   6.3961689e-19   3.2822121e-19
       2.6793653       7.7953346   6.3979017e-19   3.2805919e-19
       2.6806215       7.7985904   6.3996371e-19   3.2789706e-19
       2.6818776       7.8018514   6.4013751e-19   3.2773481e-19
       2.6831338       7.8051178   6.4031156e-19   3.2757245e-19
       2.6843899       7.8083894   6.4048586e-19   3.2740997e-19
       2.6856461       7.8116664   6.4066043e-19   3.2724738e-19
       2.6869022       7.8149488   6.4083525e-19   3.2708467e-19
       2.6881584       7.8182365   6.4101033e-19   3.2692184e-19
       2.6894145       7.8215296   6.4118568e-19   3.2675889e-19
       2.6906707       7.8248280   6.4136128e-19   3.2659583e-19
       2.6919268       7.8281319   6.4153715e-19   3.2643266e-19
       2.6931830       7.8314412   6.4171327e-19   3.2626936e-19
       2.6944391       7.8347559   6.4188966e-19   3.2610595e-19
       2.6956953       7.8380761   6.4206632e-19   3.2594242e-19
       2.6969514       7.8414018   6.4224323e-19   3.2577877e-19
       2.6982076       7.8447329   6.4242042e-19   3.2561500e-19
       2.6994637       7.8480696   6.4259787e-19   3.2545112e-19
       2.7007199       7.8514117   6.4277558e-19   3.2528711e-19
       2.7019760       7.8547594   6.4295356e-19   3.2512299e-19
       2.7032322       7.8581127   6.4313181e-19   3.2495875e-19
       2.7044883       7.8614715   6.4331033e-19   3.2479439e-19
       2.7057445       7.8648359   6.4348912e-19   3.2462990e-19
       2.7070006       7.8682059   6.4366818e-19   3.2446530e-19
       2.7082568       7.8715815   6.4384751e-19   3.2430058e-19
       2.7095129       7.8749628   6.4402711e-19   3.2413574e-19
       2.7107691       7.8783496   6.4420698e-19   3.2397078e-19
       2.7120252       7.8817422   6.4438713e-19   3.2380569e-19
       2.7132814       7.8851404   6.4456755e-19   3.2364049e-19
       2.7145375       7.8885444   6.4474824e-19   3.2347516e-19
       2.7157937       7.8919540   6.4492921e-19   3.2330971e-19
       2.7170498       7.8953694   6.4511046e-19   3.2314414e-19
       2.7183060       7.8987905   6.4529198e-19   3.2297845e-19
       2.7195621       7.9022174   6.4547378e-19   3.2281264e-19
       2.7208183       7.9056501   6.4565586e-19   3.2264670e-19
       2.7220744       7.9090885   6.4583822e-19   3.2248064e-19
       2.7233306       7.9125328   6.4602086e-19   3.2231446e-19
       2.7245867       7.9159830   6.4620378e-19   3.2214815e-19
       2.7258428       7.9194389   6.4638698e-19   3.2198172e-19
       2.7270990       7.9229008   6.4657047e-19   3.2181516e-19
       2.7283551       7.9263685   6.4675424e-19   3.2164848e-19
       2.7296113       7.9298421   6.4693829e-19   3.2148168e-19
       2.7308674       7.9333217   6.4712262e-19   3.2131475e-19
       2.7321236       7.9368072   6.4730725e-19   3.2114770e-19
       2.7333797       7.9402987   6.4749216e-19   3.2098052e-19
       2.7346359       7.9437961   6.4767735e-19   3.2081322e-19
       2.7358920       7.9472995   6.4786284e-19   3.2064579e-19
       2.7371482       7.9508090   6.4804861e-19   3.2047823e-19
       2.7384043       7.9543244   6.4823468e-19   3.2031055e-19
       2.7396605       7.9578459   6.4842103e-19   3.2014274e-19
       2.7409166       7.9613735   6.4860768e-19   3.1997481e-19
       2.7421728       7.9649072   6.4879461e-19   3.1980675e-19
       2.7434289       7.9684469   6.4898185e-19   3.1963856e-19
       2.7446851       7.9719928   6.4916937e-19   3.1947024e-19
       2.7459412       7.9755449   6.4935719e-19   3.1930180e-19
       2.7471974       7.9791031   6.4954531e-19   3.1913322e-19
       2.7484535       7.9826674   6.4973372e-19   3.1896452e-19
       2.7497097       7.9862380   6.4992243e-19   3.1879569e-19
       2.7509658       7.9898148   6.5011144e-19   3.1862673e-19
       2.7522220       7.9933978   6.5030075e-19   3.1845764e-19
       2.7534781       7.9969871   6.5049036e-19   3.1828843e-19
       2.7547343       8.0005826   6.5068027e-19   3.1811908e-19
       2.7559904       8.0041844   6.5087048e-19   3.1794960e-19
       2.7572466       8.0077926   6.5106099e-19   3.1777999e-19
       2.7585027       8.0114071   6.5125181e-19   3.1761025e-19
       2.7597589       8.0150279   6.5144293e-19   3.1744038e-19
       2.7610150       8.0186551   6.5163436e-19   3.1727038e-19
       2.7622712       8.0222887   6.5182609e-19   3.1710025e-19
       2.7635273       8.0259287   6.5201813e-19   3.1692999e-19
       2.7647835       8.0295751   6.5221048e-19   3.1675959e-19
       2.7660396       8.0332280   6.5240314e-19   3.1658906e-19
       2.7672958       8.0368873   6.5259610e-19   3.1641840e-19
       2.7685519       8.0405532   6.5278938e-19   3.1624761e-19
       2.7698081       8.0442255   6.5298297e-19   3.1607668e-19
       2.7710642       8.0479044   6.5317687e-19   3.1590562e-19
       2.7723204       8.0515898   6.5337109e-19   3.1573443e-19
       2.7735765       8.0552818   6.5356562e-19   3.1556310e-19
       2.7748327       8.0589804   6.5376047e-19   3.1539164e-19
       2.7760888       8.0626856   6.5395563e-19   3.1522004e-19
       2.7773449       8.0663975   6.5415111e-19   3.1504831e-19
       2.7786011       8.0701160   6.5434691e-19   3.1487644e-19
       2.7798572       8.0738412   6.5454303e-19   3.1470444e-19
       2.7811134       8.0775730   6.5473947e-19   3.1453230e-19
       2.7823695       8.0813116   6.5493622e-19   3.1436003e-19
       2.7836257       8.0850570   6.5513331e-19   3.1418762e-19
       2.7848818       8.0888090   6.5533071e-19   3.1401507e-19
       2.7861380       8.0925679   6.5552844e-19   3.1384238e-19
       2.7873941       8.0963336   6.5572649e-19   3.1366956e-19
       2.7886503       8.1001061   6.5592487e-19   3.1349660e-19
       2.7899064       8.1038855   6.5612358e-19   3.1332351e-19
       2.7911626       8.1076717   6.5632261e-19   3.1315027e-19
       2.7924187       8.1114648   6.5652198e-19   3.1297690e-19
       2.7936749       8.1152648   6.5672167e-19   3.1280338e-19
       2.7949310       8.1190718   6.5692169e-19   3.1262973e-19
       2.7961872       8.1228857   6.5712205e-19   3.1245594e-19
       2.7974433       8.1267066   6.5732274e-19   3.1228201e-19
       2.7986995       8.1305345   6.5752377e-19   3.1210794e-19
       2.7999556       8.1343694   6.5772512e-19   3.1193373e-19
       2.8012118       8.1382114   6.5792682e-19   3.1175938e-19
       2.8024679       8.1420604   6.5812885e-19   3.1158488e-19
       2.8037241       8.1459166   6.5833122e-19   3.1141025e-19
       2.8049802       8.1497798   6.5853393e-19   3.1123547e-19
       2.8062364       8.1536502   6.5873698e-19   3.1106055e-19
       2.8074925       8.1575278   6.5894037e-19   3.1088549e-19
       2.8087487       8.1614125   6.5914411e-19   3.1071029e-19
       2.8100048       8.1653045   6.5934818e-19   3.1053495e-19
       2.8112610       8.1692037   6.5955261e-19   3.1035946e-19
       2.8125171       8.1731101   6.5975737e-19   3.1018382e-19
       2.8137733       8.1770239   6.5996249e-19   3.1000805e-19
       2.8150294       8.1809449   6.6016795e-19   3.0983213e-19
       2.8162856       8.1848733   6.6037376e-19   3.0965606e-19
       2.8175417       8.1888090   6.6057992e-19   3.0947985e-19
       2.8187979       8.1927521   6.6078643e-19   3.0930350e-19
       2.8200540       8.1967026   6.6099329e-19   3.0912700e-19
       2.8213102       8.2006605   6.6120051e-19   3.0895035e-19
       2.8225663       8.2046259   6.6140808e-19   3.0877356e-19
       2.8238225       8.2085987   6.6161601e-19   3.0859662e-19
       2.8250786       8.2125791   6.6182429e-19   3.0841953e-19
       2.8263348       8.2165669   6.6203293e-19   3.0824230e-19
       2.8275909       8.2205624   6.6224193e-19   3.0806492e-19
       2.8288470       8.2245654   6.6245129e-19   3.0788739e-19
       2.8301032       8.2285760   6.6266101e-19   3.0770971e-19
       2.8313593       8.2325942   6.6287110e-19   3.0753189e-19
       2.8326155       8.2366201   6.6308154e-19   3.0735391e-19
       2.8338716       8.2406536   6.6329235e-19   3.0717579e-19
       2.8351278       8.2446949   6.6350353e-19   3.0699752e-19
       2.8363839       8.2487439   6.6371507e-19   3.0681909e-19
       2.8376401       8.2528006   6.6392698e-19   3.0664052e-19
       2.8388962       8.2568651   6.6413926e-19   3.0646180e-19
       2.8401524       8.2609375   6.6435192e-19   3.0628292e-19
       2.8414085       8.2650176   6.6456494e-19   3.0610390e-19
       2.8426647       8.2691057   6.6477833e-19   3.0592472e-19
       2.8439208       8.2732016   6.6499210e-19   3.0574539e-19
       2.8451770       8.2773054   6.6520625e-19   3.0556591e-19
       2.8464331       8.2814172   6.6542077e-19   3.0538627e-19
       2.8476893       8.2855369   6.6563567e-19   3.0520648e-19
       2.8489454       8.2896646   6.6585094e-19   3.0502654e-19
       2.8502016       8.2938004   6.6606660e-19   3.0484644e-19
       2.8514577       8.2979442   6.6628264e-19   3.0466619e-19
       2.8527139       8.3020961   6.6649906e-19   3.0448579e-19
       2.8539700       8.3062561   6.6671587e-19   3.0430523e-19
       2.8552262       8.3104242   6.6693306e-19   3.0412452e-19
       2.8564823       8.3146005   6.6715063e-19   3.0394365e-19
       2.8577385       8.3187849   6.6736860e-19   3.0376262e-19
       2.8589946       8.3229776   6.6758695e-19   3.0358144e-19
       2.8602508       8.3271786   6.6780570e-19   3.0340010e-19
       2.8615069       8.3313878   6.6802483e-19   3.0321860e-19
       2.8627631       8.3356053   6.6824436e-19   3.0303694e-19
       2.8640192       8.3398311   6.6846428e-19   3.0285513e-19
       2.8652754       8.3440654   6.6868459e-19   3.0267316e-19
       2.8665315       8.3483080   6.6890531e-19   3.0249103e-19
       2.8677877       8.3525590   6.6912642e-19   3.0230874e-19
       2.8690438       8.3568184   6.6934793e-19   3.0212629e-19
       2.8703000       8.3610864   6.6956984e-19   3.0194369e-19
       2.8715561       8.3653628   6.6979215e-19   3.0176092e-19
       2.8728123       8.3696478   6.7001487e-19   3.0157799e-19
       2.8740684       8.3739414   6.7023799e-19   3.0139490e-19
       2.8753246       8.3782436   6.7046152e-19   3.0121165e-19
       2.8765807       8.3825543   6.7068545e-19   3.0102823e-19
       2.8778369       8.3868738   6.7090979e-19   3.0084466e-19
       2.8790930       8.3912019   6.7113455e-19   3.0066092e-19
       2.8803491       8.3955388   6.7135971e-19   3.0047702e-19
       2.8816053       8.3998844   6.7158529e-19   3.0029295e-19
       2.8828614       8.4042388   6.7181128e-19   3.0010873e-19
       2.8841176       8.4086020   6.7203768e-19   2.9992433e-19
       2.8853737       8.4129741   6.7226451e-19   2.9973978e-19
       2.8866299       8.4173550   6.7249175e-19   2.9955505e-19
       2.8878860       8.4217448   6.7271941e-19   2.9937017e-19
       2.8891422       8.4261436   6.7294749e-19   2.9918511e-19
       2.8903983       8.4305514   6.7317600e-19   2.9899989e-19
       2.8916545       8.4349681   6.7340493e-19   2.9881451e-19
       2.8929106       8.4393939   6.7363429e-19   2.9862895e-19
       2.8941668       8.4438288   6.7386407e-19   2.9844323e-19
       2.8954229       8.4482728   6.7409428e-19   2.9825734e-19
       2.8966791       8.4527259   6.7432492e-19   2.9807129e-19
       2.8979352       8.4571881   6.7455599e-19   2.9788506e-19
       2.8991914       8.4616596   6.7478750e-19   2.9769867e-19
       2.9004475       8.4661403   6.7501944e-19   2.9751210e-19
       2.9017037       8.4706303   6.7525181e-19   2.9732537e-19
       2.9029598       8.4751296   6.7548463e-19   2.9713846e-19
       2.9042160       8.4796382   6.7571788e-19   2.9695138e-19
       2.9054721       8.4841562   6.7595157e-19   2.9676414e-19
       2.9067283       8.4886836   6.7618571e-19   2.9657672e-19
       2.9079844       8.4932205   6.7642029e-19   2.9638912e-19
       2.9092406       8.4977668   6.7665531e-19   2.9620136e-19
       2.9104967       8.5023226   6.7689078e-19   2.9601342e-19
       2.9117529       8.5068880   6.7712670e-19   2.9582531e-19
       2.9130090       8.5114629   6.7736307e-19   2.9563703e-19
       2.9142652       8.5160475   6.7759988e-19   2.9544857e-19
       2.9155213       8.5206417   6.7783716e-19   2.9525993e-19
       2.9167775       8.5252456   6.7807488e-19   2.9507112e-19
       2.9180336       8.5298593   6.7831307e-19   2.9488214e-19
       2.9192898       8.5344826   6.7855171e-19   2.9469298e-19
       2.9205459       8.5391158   6.7879081e-19   2.9450364e-19
       2.9218021       8.5437588   6.7903037e-19   2.9431412e-19
       2.9230582       8.5484117   6.7927039e-19   2.9412443e-19
       2.9243144       8.5530745   6.7951088e-19   2.9393456e-19
       2.9255705       8.5577473   6.7975184e-19   2.9374451e-19
       2.9268267       8.5624300   6.7999326e-19   2.9355428e-19
       2.9280828       8.5671227   6.8023515e-19   2.9336387e-19
       2.9293390       8.5718255   6.8047751e-19   2.9317329e-19
       2.9305951       8.5765384   6.8072035e-19   2.9298252e-19
       2.9318512       8.5812614   6.8096365e-19   2.9279157e-19
       2.9331074       8.5859946   6.8120744e-19   2.9260044e-19
       2.9343635       8.5907379   6.8145170e-19   2.9240913e-19
       2.9356197       8.5954916   6.8169644e-19   2.9221763e-19
       2.9368758       8.6002555   6.8194167e-19   2.9202595e-19
       2.9381320       8.6050298   6.8218737e-19   2.9183409e-19
       2.9393881       8.6098144   6.8243357e-19   2.9164205e-19
       2.9406443       8.6146094   6.8268024e-19   2.9144982e-19
       2.9419004       8.6194149   6.8292741e-19   2.9125741e-19
       2.9431566       8.6242308   6.8317507e-19   2.9106481e-19
       2.9444127       8.6290573   6.8342321e-19   2.9087202e-19
       2.9456689       8.6338943   6.8367186e-19   2.9067905e-19
       2.9469250       8.6387420   6.8392099e-19   2.9048590e-19
       2.9481812       8.6436003   6.8417063e-19   2.9029255e-19
       2.9494373       8.6484693   6.8442076e-19   2.9009902e-19
       2.9506935       8.6533490   6.8467139e-19   2.8990530e-19
       2.9519496       8.6582395   6.8492253e-19   2.8971139e-19
       2.9532058       8.6631408   6.8517417e-19   2.8951729e-19
       2.9544619       8.6680529   6.8542632e-19   2.8932300e-19
       2.9557181       8.6729760   6.8567898e-19   2.8912853e-19
       2.9569742       8.6779100   6.8593214e-19   2.8893386e-19
       2.9582304       8.6828550   6.8618582e-19   2.8873900e-19
       2.9594865       8.6878110   6.8644002e-19   2.8854394e-19
       2.9607427       8.6927781   6.8669472e-19   2.8834870e-19
       2.9619988       8.6977563   6.8694995e-19   2.8815326e-19
       2.9632550       8.7027456   6.8720570e-19   2.8795763e-19
       2.9645111       8.7077462   6.8746197e-19   2.8776181e-19
       2.9657673       8.7127580   6.8771876e-19   2.8756579e-19
       2.9670234       8.7177811   6.8797608e-19   2.8736957e-19
       2.9682796       8.7228155   6.8823392e-19   2.8717317e-19
       2.9695357       8.7278613   6.8849230e-19   2.8697656e-19
       2.9707919       8.7329185   6.8875120e-19   2.8677976e-19
       2.9720480       8.7379872   6.8901064e-19   2.8658276e-19
       2.9733042       8.7430675   6.8927062e-19   2.8638556e-19
       2.9745603       8.7481592   6.8953114e-19   2.8618817e-19
       2.9758165       8.7532626   6.8979219e-19   2.8599057e-19
       2.9770726       8.7583777   6.9005379e-19   2.8579278e-19
       2.9783288       8.7635045   6.9031593e-19   2.8559479e-19
       2.9795849       8.7686430   6.9057861e-19   2.8539659e-19
       2.9808411       8.7737933   6.9084185e-19   2.8519820e-19
       2.9820972       8.7789554   6.9110563e-19   2.8499960e-19
       2.9833533       8.7841295   6.9136997e-19   2.8480080e-19
       2.9846095       8.7893155   6.9163486e-19   2.8460180e-19
       2.9858656       8.7945135   6.9190031e-19   2.8440260e-19
       2.9871218       8.7997235   6.9216631e-19   2.8420319e-19
       2.9883779       8.8049456   6.9243288e-19   2.8400358e-19
       2.9896341       8.8101799   6.9270001e-19   2.8380376e-19
       2.9908902       8.8154263   6.9296771e-19   2.8360374e-19
       2.9921464       8.8206850   6.9323597e-19   2.8340351e-19
       2.9934025       8.8259560   6.9350480e-19   2.8320307e-19
       2.9946587       8.8312393   6.9377421e-19   2.8300243e-19
       2.9959148       8.8365350   6.9404419e-19   2.8280158e-19
       2.9971710       8.8418431   6.9431475e-19   2.8260052e-19
       2.9984271       8.8471637   6.9458588e-19   2.8239925e-19
       2.9996833       8.8524969   6.9485760e-19   2.8219777e-19
       3.0009394       8.8578427   6.9512990e-19   2.8199608e-19
       3.0021956       8.8632011   6.9540278e-19   2.8179418e-19
       3.0034517       8.8685723   6.9567625e-19   2.8159207e-19
       3.0047079       8.8739562   6.9595032e-19   2.8138974e-19
       3.0059640       8.8793529   6.9622497e-19   2.8118721e-19
       3.0072202       8.8847624   6.9650022e-19   2.8098446e-19
       3.0084763       8.8901849   6.9677607e-19   2.8078149e-19
       3.0097325       8.8956204   6.9705252e-19   2.8057831e-19
       3.0109886       8.9010688   6.9732957e-19   2.8037492e-19
       3.0122448       8.9065304   6.9760722e-19   2.8017131e-19
       3.0135009       8.9120051   6.9788549e-19   2.7996748e-19
       3.0147571       8.9174930   6.9816436e-19   2.7976344e-19
       3.0160132       8.9229941   6.9844384e-19   2.7955918e-19
       3.0172694       8.9285086   6.9872394e-19   2.7935469e-19
       3.0185255       8.9340364   6.9900465e-19   2.7915000e-19
       3.0197817       8.9395776   6.9928599e-19   2.7894508e-19
       3.0210378       8.9451323   6.9956794e-19   2.7873994e-19
       3.0222940       8.9507005   6.9985052e-19   2.7853458e-19
       3.0235501       8.9562823   7.0013373e-19   2.7832899e-19
       3.0248063       8.9618778   7.0041756e-19   2.7812319e-19
       3.0260624       8.9674870   7.0070203e-19   2.7791716e-19
       3.0273186       8.9731100   7.0098714e-19   2.7771091e-19
       3.0285747       8.9787468   7.0127288e-19   2.7750443e-19
       3.0298309       8.9843974   7.0155926e-19   2.7729773e-19
       3.0310870       8.9900621   7.0184628e-19   2.7709080e-19
       3.0323432       8.9957407   7.0213395e-19   2.7688365e-19
       3.0335993       9.0014334   7.0242227e-19   2.7667627e-19
       3.0348554       9.0071402   7.0271123e-19   2.7646866e-19
       3.0361116       9.0128613   7.0300085e-19   2.7626082e-19
       3.0373677       9.0185965   7.0329113e-19   2.7605276e-19
       3.0386239       9.0243462   7.0358206e-19   2.7584446e-19
       3.0398800       9.0301101   7.0387366e-19   2.7563593e-19
       3.0411362       9.0358886   7.0416592e-19   2.7542717e-19
       3.0423923       9.0416815   7.0445885e-19   2.7521818e-19
       3.0436485       9.0474890   7.0475245e-19   2.7500896e-19
       3.0449046       9.0533112   7.0504672e-19   2.7479950e-19
       3.0461608       9.0591481   7.0534167e-19   2.7458981e-19
       3.0474169       9.0649997   7.0563729e-19   2.7437989e-19
       3.0486731       9.0708662   7.0593360e-19   2.7416973e-19
       3.0499292       9.0767475   7.0623059e-19   2.7395933e-19
       3.0511854       9.0826439   7.0652826e-19   2.7374869e-19
       3.0524415       9.0885552   7.0682663e-19   2.7353782e-19
       3.0536977       9.0944817   7.0712569e-19   2.7332671e-19
       3.0549538       9.1004234   7.0742545e-19   2.7311536e-19
       3.0562100       9.1063802   7.0772590e-19   2.7290377e-19
       3.0574661       9.1123524   7.0802706e-19   2.7269194e-19
       3.0587223       9.1183400   7.0832892e-19   2.7247986e-19
       3.0599784       9.1243430   7.0863149e-19   2.7226755e-19
       3.0612346       9.1303616   7.0893477e-19   2.7205499e-19
       3.0624907       9.1363957   7.0923877e-19   2.7184219e-19
       3.0637469       9.1424455   7.0954348e-19   2.7162914e-19
       3.0650030       9.1485110   7.0984891e-19   2.7141585e-19
       3.0662592       9.1545924   7.1015507e-19   2.7120231e-19
       3.0675153       9.1606896   7.1046195e-19   2.7098852e-19
       3.0687715       9.1668027   7.1076957e-19   2.7077449e-19
       3.0700276       9.1729319   7.1107791e-19   2.7056020e-19
       3.0712838       9.1790772   7.1138700e-19   2.7034567e-19
       3.0725399       9.1852386   7.1169682e-19   2.7013089e-19
       3.0737961       9.1914163   7.1200738e-19   2.6991586e-19
       3.0750522       9.1976103   7.1231869e-19   2.6970057e-19
       3.0763084       9.2038208   7.1263075e-19   2.6948503e-19
       3.0775645       9.2100477   7.1294356e-19   2.6926924e-19
       3.0788207       9.2162911   7.1325713e-19   2.6905320e-19
       3.0800768       9.2225512   7.1357146e-19   2.6883690e-19
       3.0813330       9.2288280   7.1388655e-19   2.6862034e-19
       3.0825891       9.2351216   7.1420241e-19   2.6840353e-19
       3.0838453       9.2414320   7.1451904e-19   2.6818646e-19
       3.0851014       9.2477594   7.1483644e-19   2.6796913e-19
       3.0863575       9.2541038   7.1515461e-19   2.6775154e-19
       3.0876137       9.2604654   7.1547357e-19   2.6753369e-19
       3.0888698       9.2668441   7.1579331e-19   2.6731558e-19
       3.0901260       9.2732401   7.1611383e-19   2.6709721e-19
       3.0913821       9.2796534   7.1643515e-19   2.6687857e-19
       3.0926383       9.2860842   7.1675726e-19   2.6665967e-19
       3.0938944       9.2925325   7.1708017e-19   2.6644051e-19
       3.0951506       9.2989984   7.1740389e-19   2.6622108e-19
       3.0964067       9.3054820   7.1772840e-19   2.6600139e-19
       3.0976629       9.3119834   7.1805373e-19   2.6578142e-19
       3.0989190       9.3185026   7.1837987e-19   2.6556119e-19
       3.1001752       9.3250398   7.1870682e-19   2.6534070e-19
       3.1014313       9.3315951   7.1903460e-19   2.6511993e-19
       3.1026875       9.3381684   7.1936320e-19   2.6489889e-19
       3.1039436       9.3447600   7.1969262e-19   2.6467758e-19
       3.1051998       9.3513698   7.2002288e-19   2.6445599e-19
       3.1064559       9.3579981   7.2035398e-19   2.6423413e-19
       3.1077121       9.3646448   7.2068591e-19   2.6401200e-19
       3.1089682       9.3713101   7.2101869e-19   2.6378959e-19
       3.1102244       9.3779941   7.2135231e-19   2.6356691e-19
       3.1114805       9.3846968   7.2168678e-19   2.6334395e-19
       3.1127367       9.3914183   7.2202212e-19   2.6312071e-19
       3.1139928       9.3981589   7.2235831e-19   2.6289719e-19
       3.1152490       9.4049184   7.2269536e-19   2.6267339e-19
       3.1165051       9.4116971   7.2303328e-19   2.6244931e-19
       3.1177613       9.4184950   7.2337207e-19   2.6222495e-19
       3.1190174       9.4253122   7.2371174e-19   2.6200030e-19
       3.1202736       9.4321489   7.2405229e-19   2.6177537e-19
       3.1215297       9.4390050   7.2439372e-19   2.6155015e-19
       3.1227859       9.4458808   7.2473604e-19   2.6132465e-19
       3.1240420       9.4527763   7.2507925e-19   2.6109886e-19
       3.1252982       9.4596916   7.2542336e-19   2.6087279e-19
       3.1265543       9.4666269   7.2576837e-19   2.6064642e-19
       3.1278105       9.4735821   7.2611429e-19   2.6041977e-19
       3.1290666       9.4805575   7.2646111e-19   2.6019282e-19
       3.1303228       9.4875531   7.2680885e-19   2.5996558e-19
       3.1315789       9.4945690   7.2715751e-19   2.5973804e-19
       3.1328351       9.5016053   7.2750710e-19   2.5951022e-19
       3.1340912       9.5086622   7.2785761e-19   2.5928209e-19
       3.1353474       9.5157397   7.2820905e-19   2.5905368e-19
       3.1366035       9.5228380   7.2856143e-19   2.5882496e-19
       3.1378596       9.5299571   7.2891475e-19   2.5859594e-19
       3.1391158       9.5370972   7.2926902e-19   2.5836663e-19
       3.1403719       9.5442584   7.2962424e-19   2.5813701e-19
       3.1416281       9.5514407   7.2998041e-19   2.5790709e-19
       3.1428842       9.5586444   7.3033754e-19   2.5767687e-19
       3.1441404       9.5658694   7.3069564e-19   2.5744635e-19
       3.1453965       9.5731159   7.3105471e-19   2.5721552e-19
       3.1466527       9.5803841   7.3141475e-19   2.5698438e-19
       3.1479088       9.5876741   7.3177578e-19   2.5675294e-19
       3.1491650       9.5949858   7.3213778e-19   2.5652119e-19
       3.1504211       9.6023196   7.3250078e-19   2.5628912e-19
       3.1516773       9.6096754   7.3286477e-19   2.5605675e-19
       3.1529334       9.6170535   7.3322976e-19   2.5582407e-19
       3.1541896       9.6244539   7.3359576e-19   2.5559107e-19
       3.1554457       9.6318767   7.3396276e-19   2.5535776e-19
       3.1567019       9.6393221   7.3433078e-19   2.5512413e-19
       3.1579580       9.6467902   7.3469982e-19   2.5489018e-19
       3.1592142       9.6542811   7.3506989e-19   2.5465592e-19
       3.1604703       9.6617949   7.3544098e-19   2.5442134e-19
       3.1617265       9.6693318   7.3581311e-19   2.5418644e-19
       3.1629826       9.6768919   7.3618629e-19   2.5395122e-19
       3.1642388       9.6844753   7.3656051e-19   2.5371567e-19
       3.1654949       9.6920821   7.3693578e-19   2.5347980e-19
       3.1667511       9.6997124   7.3731210e-19   2.5324361e-19
       3.1680072       9.7073665   7.3768949e-19   2.5300709e-19
       3.1692634       9.7150444   7.3806795e-19   2.5277024e-19
       3.1705195       9.7227462   7.3844748e-19   2.5253306e-19
       3.1717757       9.7304722   7.3882810e-19   2.5229555e-19
       3.1730318       9.7382223   7.3920979e-19   2.5205772e-19
       3.1742880       9.7459968   7.3959258e-19   2.5181954e-19
       3.1755441       9.7537958   7.3997647e-19   2.5158104e-19
       3.1768003       9.7616194   7.4036145e-19   2.5134220e-19
       3.1780564       9.7694677   7.4074755e-19   2.5110302e-19
       3.1793126       9.7773410   7.4113476e-19   2.5086351e-19
       3.1805687       9.7852393   7.4152309e-19   2.5062365e-19
       3.1818249       9.7931628   7.4191255e-19   2.5038346e-19
       3.1830810       9.8011116   7.4230313e-19   2.5014292e-19
       3.1843372       9.8090859   7.4269486e-19   2.4990204e-19
       3.1855933       9.8170857   7.4308773e-19   2.4966082e-19
       3.1868495       9.8251114   7.4348175e-19   2.4941925e-19
       3.1881056       9.8331629   7.4387693e-19   2.4917733e-19
       3.1893617       9.8412405   7.4427327e-19   2.4893507e-19
       3.1906179       9.8493443   7.4467078e-19   2.4869245e-19
       3.1918740       9.8574744   7.4506947e-19   2.4844948e-19
       3.1931302       9.8656310   7.4546933e-19   2.4820616e-19
       3.1943863       9.8738143   7.4587039e-19   2.4796249e-19
       3.1956425       9.8820243   7.4627264e-19   2.4771846e-19
       3.1968986       9.8902614   7.4667609e-19   2.4747407e-19
       3.1981548       9.8985255   7.4708076e-19   2.4722933e-19
       3.1994109       9.9068170   7.4748663e-19   2.4698422e-19
       3.2006671       9.9151358   7.4789373e-19   2.4673876e-19
       3.2019232       9.9234823   7.4830206e-19   2.4649293e-19
       3.2031794       9.9318565   7.4871162e-19   2.4624673e-19
       3.2044355       9.9402586   7.4912242e-19   2.4600017e-19
       3.2056917       9.9486888   7.4953447e-19   2.4575325e-19
       3.2069478       9.9571473   7.4994778e-19   2.4550595e-19
       3.2082040       9.9656342   7.5036236e-19   2.4525828e-19
       3.2094601       9.9741497   7.5077820e-19   2.4501024e-19
       3.2107163       9.9826939   7.5119532e-19   2.4476183e-19
       3.2119724       9.9912670   7.5161372e-19   2.4451304e-19
       3.2132286       9.9998693   7.5203342e-19   2.4426388e-19
       3.2144847       10.008501   7.5245442e-19   2.4401434e-19
       3.2157409       10.017162   7.5287672e-19   2.4376442e-19
       3.2169970       10.025852   7.5330034e-19   2.4351411e-19
       3.2182532       10.034573   7.5372528e-19   2.4326343e-19
       3.2195093       10.043323   7.5415155e-19   2.4301236e-19
       3.2207655       10.052104   7.5457915e-19   2.4276090e-19
       3.2220216       10.060915   7.5500811e-19   2.4250906e-19
       3.2232778       10.069756   7.5543841e-19   2.4225682e-19
       3.2245339       10.078628   7.5587008e-19   2.4200420e-19
       3.2257901       10.087531   7.5630311e-19   2.4175118e-19
       3.2270462       10.096466   7.5673752e-19   2.4149777e-19
       3.2283024       10.105431   7.5717331e-19   2.4124396e-19
       3.2295585       10.114428   7.5761050e-19   2.4098975e-19
       3.2308147       10.123457   7.5804909e-19   2.4073514e-19
       3.2320708       10.132518   7.5848909e-19   2.4048014e-19
       3.2333270       10.141610   7.5893051e-19   2.4022473e-19
       3.2345831       10.150735   7.5937335e-19   2.3996891e-19
       3.2358393       10.159893   7.5981763e-19   2.3971269e-19
       3.2370954       10.169083   7.6026335e-19   2.3945606e-19
       3.2383516       10.178306   7.6071052e-19   2.3919901e-19
       3.2396077       10.187562   7.6115915e-19   2.3894156e-19
       3.2408638       10.196851   7.6160925e-19   2.3868369e-19
       3.2421200       10.206174   7.6206083e-19   2.3842541e-19
       3.2433761       10.215531   7.6251390e-19   2.3816671e-19
       3.2446323       10.224922   7.6296847e-19   2.3790759e-19
       3.2458884       10.234347   7.6342454e-19   2.3764805e-19
       3.2471446       10.243806   7.6388212e-19   2.3738808e-19
       3.2484007       10.253300   7.6434123e-19   2.3712769e-19
       3.2496569       10.262829   7.6480187e-19   2.3686688e-19
       3.2509130       10.272392   7.6526406e-19   2.3660563e-19
       3.2521692       10.281992   7.6572779e-19   2.3634395e-19
       3.2534253       10.291626   7.6619309e-19   2.3608185e-19
       3.2546815       10.301297   7.6665996e-19   2.3581930e-19
       3.2559376       10.311003   7.6712842e-19   2.3555632e-19
       3.2571938       10.320746   7.6759846e-19   2.3529290e-19
       3.2584499       10.330525   7.6807010e-19   2.3502904e-19
       3.2597061       10.340341   7.6854336e-19   2.3476474e-19
       3.2609622       10.350193   7.6901824e-19   2.3449999e-19
       3.2622184       10.360083   7.6949475e-19   2.3423479e-19
       3.2634745       10.370011   7.6997290e-19   2.3396915e-19
       3.2647307       10.379976   7.7045271e-19   2.3370305e-19
       3.2659868       10.389979   7.7093418e-19   2.3343650e-19
       3.2672430       10.400020   7.7141732e-19   2.3316950e-19
       3.2684991       10.410100   7.7190215e-19   2.3290203e-19
       3.2697553       10.420219   7.7238867e-19   2.3263411e-19
       3.2710114       10.430376   7.7287690e-19   2.3236573e-19
       3.2722676       10.440573   7.7336685e-19   2.3209688e-19
       3.2735237       10.450809   7.7385852e-19   2.3182757e-19
       3.2747799       10.461086   7.7435194e-19   2.3155778e-19
       3.2760360       10.471402   7.7484711e-19   2.3128753e-19
       3.2772922       10.481758   7.7534404e-19   2.3101680e-19
       3.2785483       10.492155   7.7584274e-19   2.3074560e-19
       3.2798045       10.502594   7.7634323e-19   2.3047392e-19
       3.2810606       10.513073   7.7684552e-19   2.3020176e-19
       3.2823168       10.523594   7.7734962e-19   2.2992912e-19
       3.2835729       10.534156   7.7785554e-19   2.2965599e-19
       3.2848291       10.544761   7.7836330e-19   2.2938238e-19
       3.2860852       10.555408   7.7887290e-19   2.2910827e-19
       3.2873414       10.566097   7.7938436e-19   2.2883368e-19
       3.2885975       10.576830   7.7989769e-19   2.2855859e-19
       3.2898536       10.587606   7.8041291e-19   2.2828300e-19
       3.2911098       10.598425   7.8093002e-19   2.2800692e-19
       3.2923659       10.609289   7.8144904e-19   2.2773033e-19
       3.2936221       10.620196   7.8196999e-19   2.2745324e-19
       3.2948782       10.631148   7.8249287e-19   2.2717564e-19
       3.2961344       10.642145   7.8301770e-19   2.2689753e-19
       3.2973905       10.653188   7.8354449e-19   2.2661891e-19
       3.2986467       10.664275   7.8407326e-19   2.2633978e-19
       3.2999028       10.675409   7.8460402e-19   2.2606012e-19
       3.3011590       10.686588   7.8513679e-19   2.2577995e-19
       3.3024151       10.697815   7.8567157e-19   2.2549926e-19
       3.3036713       10.709088   7.8620838e-19   2.2521804e-19
       3.3049274       10.720408   7.8674724e-19   2.2493629e-19
       3.3061836       10.731776   7.8728816e-19   2.2465402e-19
       3.3074397       10.743191   7.8783115e-19   2.2437121e-19
       3.3086959       10.754655   7.8837624e-19   2.2408786e-19
       3.3099520       10.766168   7.8892343e-19   2.2380397e-19
       3.3112082       10.777729   7.8947274e-19   2.2351955e-19
       3.3124643       10.789340   7.9002418e-19   2.2323458e-19
       3.3137205       10.801001   7.9057777e-19   2.2294906e-19
       3.3149766       10.812712   7.9113353e-19   2.2266299e-19
       3.3162328       10.824473   7.9169148e-19   2.2237636e-19
       3.3174889       10.836285   7.9225161e-19   2.2208919e-19
       3.3187451       10.848148   7.9281397e-19   2.2180145e-19
       3.3200012       10.860063   7.9337855e-19   2.2151315e-19
       3.3212574       10.872030   7.9394538e-19   2.2122428e-19
       3.3225135       10.884050   7.9451447e-19   2.2093485e-19
       3.3237697       10.896122   7.9508583e-19   2.2064484e-19
       3.3250258       10.908248   7.9565950e-19   2.2035426e-19
       3.3262820       10.920427   7.9623548e-19   2.2006310e-19
       3.3275381       10.932661   7.9681378e-19   2.1977137e-19
       3.3287943       10.944949   7.9739444e-19   2.1947904e-19
       3.3300504       10.957292   7.9797746e-19   2.1918613e-19
       3.3313066       10.969690   7.9856286e-19   2.1889264e-19
       3.3325627       10.982144   7.9915067e-19   2.1859854e-19
       3.3338189       10.994655   7.9974089e-19   2.1830385e-19
       3.3350750       11.007222   8.0033355e-19   2.1800856e-19
       3.3363312       11.019847   8.0092867e-19   2.1771267e-19
       3.3375873       11.032529   8.0152627e-19   2.1741616e-19
       3.3388435       11.045269   8.0212635e-19   2.1711905e-19
       3.3400996       11.058068   8.0272895e-19   2.1682133e-19
       3.3413557       11.070926   8.0333409e-19   2.1652298e-19
       3.3426119       11.083843   8.0394177e-19   2.1622402e-19
       3.3438680       11.096821   8.0455203e-19   2.1592443e-19
       3.3451242       11.109859   8.0516489e-19   2.1562421e-19
       3.3463803       11.122958   8.0578035e-19   2.1532336e-19
       3.3476365       11.136119   8.0639845e-19   2.1502188e-19
       3.3488926       11.149342   8.0701920e-19   2.1471975e-19
       3.3501488       11.162627   8.0764263e-19   2.1441698e-19
       3.3514049       11.175975   8.0826876e-19   2.1411357e-19
       3.3526611       11.189387   8.0889760e-19   2.1380951e-19
       3.3539172       11.202864   8.0952919e-19   2.1350479e-19
       3.3551734       11.216405   8.1016353e-19   2.1319941e-19
       3.3564295       11.230011   8.1080066e-19   2.1289337e-19
       3.3576857       11.243683   8.1144060e-19   2.1258667e-19
       3.3589418       11.257421   8.1208337e-19   2.1227929e-19
       3.3601980       11.271227   8.1272900e-19   2.1197124e-19
       3.3614541       11.285100   8.1337750e-19   2.1166251e-19
       3.3627103       11.299041   8.1402890e-19   2.1135310e-19
       3.3639664       11.313051   8.1468322e-19   2.1104301e-19
       3.3652226       11.327130   8.1534050e-19   2.1073222e-19
       3.3664787       11.341279   8.1600075e-19   2.1042074e-19
       3.3677349       11.355498   8.1666399e-19   2.1010856e-19
       3.3689910       11.369789   8.1733026e-19   2.0979567e-19
       3.3702472       11.384152   8.1799958e-19   2.0948208e-19
       3.3715033       11.398587   8.1867197e-19   2.0916778e-19
       3.3727595       11.413095   8.1934747e-19   2.0885275e-19
       3.3740156       11.427677   8.2002609e-19   2.0853701e-19
       3.3752718       11.442333   8.2070787e-19   2.0822054e-19
       3.3765279       11.457064   8.2139283e-19   2.0790334e-19
       3.3777841       11.471871   8.2208100e-19   2.0758541e-19
       3.3790402       11.486755   8.2277240e-19   2.0726674e-19
       3.3802964       11.501716   8.2346707e-19   2.0694732e-19
       3.3815525       11.516754   8.2416504e-19   2.0662715e-19
       3.3828087       11.531871   8.2486632e-19   2.0630623e-19
       3.3840648       11.547068   8.2557096e-19   2.0598455e-19
       3.3853210       11.562344   8.2627898e-19   2.0566211e-19
       3.3865771       11.577701   8.2699041e-19   2.0533889e-19
       3.3878333       11.593140   8.2770528e-19   2.0501491e-19
       3.3890894       11.608661   8.2842363e-19   2.0469014e-19
       3.3903456       11.624266   8.2914548e-19   2.0436459e-19
       3.3916017       11.639954   8.2987086e-19   2.0403825e-19
       3.3928578       11.655726   8.3059981e-19   2.0371112e-19
       3.3941140       11.671585   8.3133237e-19   2.0338318e-19
       3.3953701       11.687529   8.3206855e-19   2.0305444e-19
       3.3966263       11.703561   8.3280840e-19   2.0272489e-19
       3.3978824       11.719681   8.3355196e-19   2.0239453e-19
       3.3991386       11.735890   8.3429924e-19   2.0206334e-19
       3.4003947       11.752188   8.3505030e-19   2.0173132e-19
       3.4016509       11.768577   8.3580516e-19   2.0139847e-19
       3.4029070       11.785057   8.3656386e-19   2.0106479e-19
       3.4041632       11.801630   8.3732644e-19   2.0073025e-19
       3.4054193       11.818296   8.3809293e-19   2.0039487e-19
       3.4066755       11.835057   8.3886337e-19   2.0005863e-19
       3.4079316       11.851913   8.3963780e-19   1.9972153e-19
       3.4091878       11.868864   8.4041625e-19   1.9938356e-19
       3.4104439       11.885913   8.4119877e-19   1.9904471e-19
       3.4117001       11.903060   8.4198540e-19   1.9870498e-19
       3.4129562       11.920307   8.4277617e-19   1.9836437e-19
       3.4142124       11.937653   8.4357112e-19   1.9802286e-19
       3.4154685       11.955101   8.4437030e-19   1.9768045e-19
       3.4167247       11.972650   8.4517374e-19   1.9733714e-19
       3.4179808       11.990303   8.4598150e-19   1.9699291e-19
       3.4192370       12.008061   8.4679360e-19   1.9664776e-19
       3.4204931       12.025924   8.4761011e-19   1.9630168e-19
       3.4217493       12.043893   8.4843105e-19   1.9595468e-19
       3.4230054       12.061970   8.4925648e-19   1.9560673e-19
       3.4242616       12.080156   8.5008643e-19   1.9525783e-19
       3.4255177       12.098452   8.5092097e-19   1.9490798e-19
       3.4267739       12.116859   8.5176012e-19   1.9455716e-19
       3.4280300       12.135379   8.5260395e-19   1.9420538e-19
       3.4292862       12.154012   8.5345249e-19   1.9385262e-19
       3.4305423       12.172760   8.5430580e-19   1.9349888e-19
       3.4317985       12.191624   8.5516393e-19   1.9314414e-19
       3.4330546       12.210606   8.5602693e-19   1.9278841e-19
       3.4343108       12.229706   8.5689484e-19   1.9243167e-19
       3.4355669       12.248926   8.5776773e-19   1.9207391e-19
       3.4368231       12.268268   8.5864563e-19   1.9171513e-19
       3.4380792       12.287732   8.5952862e-19   1.9135533e-19
       3.4393354       12.307320   8.6041673e-19   1.9099448e-19
       3.4405915       12.327034   8.6131004e-19   1.9063258e-19
       3.4418477       12.346875   8.6220858e-19   1.9026963e-19
       3.4431038       12.366844   8.6311242e-19   1.8990562e-19
       3.4443599       12.386942   8.6402162e-19   1.8954053e-19
       3.4456161       12.407173   8.6493624e-19   1.8917437e-19
       3.4468722       12.427536   8.6585634e-19   1.8880711e-19
       3.4481284       12.448033   8.6678197e-19   1.8843875e-19
       3.4493845       12.468667   8.6771320e-19   1.8806929e-19
       3.4506407       12.489438   8.6865009e-19   1.8769871e-19
       3.4518968       12.510348   8.6959271e-19   1.8732700e-19
       3.4531530       12.531399   8.7054111e-19   1.8695416e-19
       3.4544091       12.552593   8.7149538e-19   1.8658017e-19
       3.4556653       12.573931   8.7245556e-19   1.8620503e-19
       3.4569214       12.595415   8.7342174e-19   1.8582872e-19
       3.4581776       12.617047   8.7439398e-19   1.8545124e-19
       3.4594337       12.638828   8.7537235e-19   1.8507257e-19
       3.4606899       12.660761   8.7635693e-19   1.8469271e-19
       3.4619460       12.682847   8.7734778e-19   1.8431164e-19
       3.4632022       12.705089   8.7834498e-19   1.8392936e-19
       3.4644583       12.727487   8.7934860e-19   1.8354585e-19
       3.4657145       12.750045   8.8035873e-19   1.8316110e-19
       3.4669706       12.772764   8.8137544e-19   1.8277510e-19
       3.4682268       12.795646   8.8239881e-19   1.8238785e-19
       3.4694829       12.818693   8.8342892e-19   1.8199932e-19
       3.4707391       12.841908   8.8446586e-19   1.8160952e-19
       3.4719952       12.865292   8.8550970e-19   1.8121842e-19
       3.4732514       12.888848   8.8656053e-19   1.8082601e-19
       3.4745075       12.912578   8.8761845e-19   1.8043229e-19
       3.4757637       12.936485   8.8868353e-19   1.8003723e-19
       3.4770198       12.960570   8.8975587e-19   1.7964084e-19
       3.4782760       12.984836   8.9083556e-19   1.7924309e-19
       3.4795321       13.009285   8.9192270e-19   1.7884397e-19
       3.4807883       13.033920   8.9301737e-19   1.7844347e-19
       3.4820444       13.058744   8.9411968e-19   1.7804158e-19
       3.4833006       13.083759   8.9522973e-19   1.7763829e-19
       3.4845567       13.108967   8.9634761e-19   1.7723357e-19
       3.4858129       13.134371   8.9747343e-19   1.7682742e-19
       3.4870690       13.159975   8.9860729e-19   1.7641982e-19
       3.4883252       13.185780   8.9974930e-19   1.7601076e-19
       3.4895813       13.211789   9.0089957e-19   1.7560023e-19
       3.4908375       13.238006   9.0205821e-19   1.7518820e-19
       3.4920936       13.264434   9.0322533e-19   1.7477467e-19
       3.4933498       13.291075   9.0440105e-19   1.7435962e-19
       3.4946059       13.317932   9.0558549e-19   1.7394303e-19
       3.4958620       13.345009   9.0677876e-19   1.7352489e-19
       3.4971182       13.372309   9.0798099e-19   1.7310518e-19
       3.4983743       13.399835   9.0919230e-19   1.7268389e-19
       3.4996305       13.427590   9.1041282e-19   1.7226099e-19
       3.5008866       13.455578   9.1164268e-19   1.7183649e-19
       3.5021428       13.483802   9.1288201e-19   1.7141034e-19
       3.5033989       13.512266   9.1413095e-19   1.7098255e-19
       3.5046551       13.540973   9.1538964e-19   1.7055309e-19
       3.5059112       13.569928   9.1665821e-19   1.7012194e-19
       3.5071674       13.599133   9.1793682e-19   1.6968909e-19
       3.5084235       13.628593   9.1922561e-19   1.6925451e-19
       3.5096797       13.658313   9.2052473e-19   1.6881819e-19
       3.5109358       13.688294   9.2183433e-19   1.6838011e-19
       3.5121920       13.718543   9.2315457e-19   1.6794025e-19
       3.5134481       13.749063   9.2448562e-19   1.6749859e-19
       3.5147043       13.779859   9.2582763e-19   1.6705511e-19
       3.5159604       13.810934   9.2718077e-19   1.6660979e-19
       3.5172166       13.842294   9.2854523e-19   1.6616261e-19
       3.5184727       13.873943   9.2992116e-19   1.6571354e-19
       3.5197289       13.905886   9.3130875e-19   1.6526257e-19
       3.5209850       13.938128   9.3270819e-19   1.6480967e-19
       3.5222412       13.970673   9.3411967e-19   1.6435482e-19
       3.5234973       14.003527   9.3554336e-19   1.6389800e-19
       3.5247535       14.036695   9.3697948e-19   1.6343918e-19
       3.5260096       14.070183   9.3842823e-19   1.6297834e-19
       3.5272658       14.103995   9.3988980e-19   1.6251546e-19
       3.5285219       14.138138   9.4136441e-19   1.6205051e-19
       3.5297781       14.172618   9.4285228e-19   1.6158346e-19
       3.5310342       14.207439   9.4435363e-19   1.6111429e-19
       3.5322904       14.242608   9.4586869e-19   1.6064298e-19
       3.5335465       14.278132   9.4739769e-19   1.6016949e-19
       3.5348027       14.314017   9.4894086e-19   1.5969379e-19
       3.5360588       14.350269   9.5049846e-19   1.5921587e-19
       3.5373150       14.386895   9.5207073e-19   1.5873569e-19
       3.5385711       14.423902   9.5365793e-19   1.5825323e-19
       3.5398273       14.461297   9.5526032e-19   1.5776844e-19
       3.5410834       14.499088   9.5687818e-19   1.5728131e-19
       3.5423396       14.537281   9.5851178e-19   1.5679180e-19
       3.5435957       14.575884   9.6016141e-19   1.5629988e-19
       3.5448519       14.614905   9.6182736e-19   1.5580551e-19
       3.5461080       14.654353   9.6350993e-19   1.5530867e-19
       3.5473641       14.694236   9.6520942e-19   1.5480932e-19
       3.5486203       14.734561   9.6692617e-19   1.5430742e-19
       3.5498764       14.775339   9.6866049e-19   1.5380294e-19
       3.5511326       14.816577   9.7041271e-19   1.5329585e-19
       3.5523887       14.858286   9.7218319e-19   1.5278610e-19
       3.5536449       14.900475   9.7397227e-19   1.5227365e-19
       3.5549010       14.943153   9.7578032e-19   1.5175848e-19
       3.5561572       14.986332   9.7760772e-19   1.5124053e-19
       3.5574133       15.030020   9.7945484e-19   1.5071978e-19
       3.5586695       15.074230   9.8132210e-19   1.5019617e-19
       3.5599256       15.118973   9.8320988e-19   1.4966966e-19
       3.5611818       15.164258   9.8511863e-19   1.4914021e-19
       3.5624379       15.210100   9.8704876e-19   1.4860778e-19
       3.5636941       15.256509   9.8900073e-19   1.4807231e-19
       3.5649502       15.303498   9.9097500e-19   1.4753377e-19
       3.5662064       15.351081   9.9297203e-19   1.4699209e-19
       3.5674625       15.399270   9.9499233e-19   1.4644725e-19
       3.5687187       15.448079   9.9703639e-19   1.4589917e-19
       3.5699748       15.497524   9.9910475e-19   1.4534781e-19
       3.5712310       15.547617   1.0011979e-18   1.4479312e-19
       3.5724871       15.598376   1.0033165e-18   1.4423504e-19
       3.5737433       15.649815   1.0054610e-18   1.4367352e-19
       3.5749994       15.701951   1.0076320e-18   1.4310849e-19
       3.5762556       15.754800   1.0098303e-18   1.4253989e-19
       3.5775117       15.808381   1.0120563e-18   1.4196768e-19
       3.5787679       15.862711   1.0143107e-18   1.4139177e-19
       3.5800240       15.917810   1.0165943e-18   1.4081211e-19
       3.5812802       15.973695   1.0189078e-18   1.4022863e-19
       3.5825363       16.030389   1.0212517e-18   1.3964126e-19
       3.5837925       16.087911   1.0236270e-18   1.3904992e-19
       3.5850486       16.146283   1.0260344e-18   1.3845456e-19
       3.5863048       16.205528   1.0284747e-18   1.3785509e-19
       3.5875609       16.265670   1.0309487e-18   1.3725143e-19
       3.5888171       16.326731   1.0334574e-18   1.3664350e-19
       3.5900732       16.388739   1.0360015e-18   1.3603123e-19
       3.5913294       16.451718   1.0385821e-18   1.3541452e-19
       3.5925855       16.515697   1.0412002e-18   1.3479329e-19
       3.5938417       16.580703   1.0438567e-18   1.3416745e-19
       3.5950978       16.646767   1.0465527e-18   1.3353691e-19
       3.5963540       16.713919   1.0492893e-18   1.3290156e-19
       3.5976101       16.782191   1.0520676e-18   1.3226131e-19
       3.5988662       16.851617   1.0548889e-18   1.3161605e-19
       3.6001224       16.922231   1.0577543e-18   1.3096568e-19
       3.6013785       16.994071   1.0606652e-18   1.3031009e-19
       3.6026347       17.067175   1.0636229e-18   1.2964916e-19
       3.6038908       17.141582   1.0666288e-18   1.2898278e-19
       3.6051470       17.217334   1.0696845e-18   1.2831081e-19
       3.6064031       17.294475   1.0727913e-18   1.2763314e-19
       3.6076593       17.373050   1.0759510e-18   1.2694962e-19
       3.6089154       17.453108   1.0791652e-18   1.2626013e-19
       3.6101716       17.534698   1.0824357e-18   1.2556452e-19
       3.6114277       17.617874   1.0857644e-18   1.2486264e-19
       3.6126839       17.702691   1.0891530e-18   1.2415434e-19
       3.6139400       17.789207   1.0926038e-18   1.2343945e-19
       3.6151962       17.877484   1.0961188e-18   1.2271782e-19
       3.6164523       17.967585   1.0997003e-18   1.2198926e-19
       3.6177085       18.059579   1.1033505e-18   1.2125359e-19
       3.6189646       18.153537   1.1070721e-18   1.2051062e-19
       3.6202208       18.249534   1.1108676e-18   1.1976017e-19
       3.6214769       18.347652   1.1147397e-18   1.1900201e-19
       3.6227331       18.447973   1.1186914e-18   1.1823594e-19
       3.6239892       18.550587   1.1227257e-18   1.1746172e-19
       3.6252454       18.655588   1.1268459e-18   1.1667913e-19
       3.6265015       18.763077   1.1310554e-18   1.1588791e-19
       3.6277577       18.873160   1.1353578e-18   1.1508781e-19
       3.6290138       18.985950   1.1397571e-18   1.1427855e-19
       3.6302700       19.101567   1.1442572e-18   1.1345984e-19
       3.6315261       19.220139   1.1488625e-18   1.1263139e-19
       3.6327823       19.341802   1.1535777e-18   1.1179288e-19
       3.6340384       19.466703   1.1584077e-18   1.1094398e-19
       3.6352946       19.594996   1.1633577e-18   1.1008432e-19
       3.6365507       19.726848   1.1684333e-18   1.0921355e-19
       3.6378069       19.862438   1.1736406e-18   1.0833126e-19
       3.6390630       20.001958   1.1789860e-18   1.0743705e-19
       3.6403192       20.145614   1.1844764e-18   1.0653047e-19
       3.6415753       20.293628   1.1901191e-18   1.0561105e-19
       3.6428315       20.446239   1.1959222e-18   1.0467830e-19
       3.6440876       20.603707   1.2018943e-18   1.0373169e-19
       3.6453438       20.766312   1.2080446e-18   1.0277066e-19
       3.6465999       20.934358   1.2143832e-18   1.0179460e-19
       3.6478561       21.108176   1.2209209e-18   1.0080288e-19
       3.6491122       21.288126   1.2276696e-18   9.9794797e-20
       3.6503683       21.474602   1.2346421e-18   9.8769628e-20
       3.6516245       21.668033   1.2418526e-18   9.7726576e-20
       3.6528806       21.868893   1.2493163e-18   9.6664788e-20
       3.6541368       22.077701   1.2570500e-18   9.5583342e-20
       3.6553929       22.295031   1.2650724e-18   9.4481244e-20
       3.6566491       22.521518   1.2734038e-18   9.3357413e-20
       3.6579052       22.757866   1.2820668e-18   9.2210677e-20
       3.6591614       23.004861   1.2910865e-18   9.1039758e-20
       3.6604175       23.263380   1.3004908e-18   8.9843258e-20
       3.6616737       23.534409   1.3103109e-18   8.8619645e-20
       3.6629298       23.819058   1.3205817e-18   8.7367236e-20
       3.6641860       24.118583   1.3313427e-18   8.6084171e-20
       3.6654421       24.434414   1.3426386e-18   8.4768393e-20
       3.6666983       24.768187   1.3545200e-18   8.3417609e-20
       3.6679544       25.121780   1.3670451e-18   8.2029262e-20
       3.6692106       25.497368   1.3802806e-18   8.0600480e-20
       3.6704667       25.897482   1.3943038e-18   7.9128022e-20
       3.6717229       26.325092   1.4092048e-18   7.7608209e-20
       3.6729790       26.783709   1.4250892e-18   7.6036845e-20
       3.6742352       27.277521   1.4420822e-18   7.4409100e-20
       3.6754913       27.811572   1.4603333e-18   7.2719384e-20
       3.6767475       28.392004   1.4800229e-18   7.0961166e-20
       3.6780036       29.026385   1.5013714e-18   6.9126745e-20
       3.6780036       29.347631   2.2708924e-18   1.0246865e-19
       3.6792598       30.036040   2.3106379e-18   9.9922976e-20
       3.6805159       30.769703   2.3482737e-18   9.7155568e-20
       3.6817721       31.549617   2.3836696e-18   9.4196610e-20
       3.6830282       32.376376   2.4167046e-18   9.1078706e-20
       3.6842844       33.250089   2.4472627e-18   8.7835917e-20
       3.6855405       34.170293   2.4752263e-18   8.4502715e-20
       3.6867967       35.135866   2.5004678e-18   8.1112931e-20
       3.6880528       36.144952   2.5228396e-18   7.7698742e-20
       3.6893090       37.194895   2.5421624e-18   7.4289745e-20
       3.6905651       38.282196   2.5582135e-18   7.0912199e-20
       3.6918213       39.402486   2.5707159e-18   6.7588449e-20
       3.6930774       40.550548   2.5793302e-18   6.4336583e-20
       3.6943336       41.720360   2.5836516e-18   6.1170340e-20
       3.6955897       42.905191   2.5832134e-18   5.8099260e-20
       3.6968459       44.097729   2.5775002e-18   5.5129070e-20
       3.6981020       45.290248   2.5659718e-18   5.2262274e-20
       3.6993582       46.474813   2.5480977e-18   4.9498885e-20
       3.7006143       47.643495   2.5234006e-18   4.6837238e-20
       3.7018704       48.788599   2.4915057e-18   4.4274802e-20
       3.7031266       49.902885   2.4521897e-18   4.1808899e-20
       3.7043827       50.979769   2.4054214e-18   3.9437266e-20
       3.7056389       52.013487   2.3513894e-18   3.7158397e-20
       3.7068950       52.999225   2.2905090e-18   3.4971661e-20
       3.7081512       53.933192   2.2234089e-18   3.2877200e-20
       3.7094073       54.812651   2.1508970e-18   3.0875678e-20
       3.7106635       55.635905   2.0739121e-18   2.8967939e-20
       3.7119196       56.402237   1.9934682e-18   2.7154662e-20
       3.7131758       57.111821   1.9105976e-18   2.5436065e-20
       3.7144319       57.765617   1.8263018e-18   2.3811695e-20
       3.7156881       58.365241   1.7415106e-18   2.2280331e-20
       3.7169442       58.912843   1.6570557e-18   2.0839974e-20
       3.7182004       59.410974   1.5736539e-18   1.9487914e-20
       3.7194565       59.862477   1.4919026e-18   1.8220848e-20
       3.7207127       60.270373   1.4122820e-18   1.7035021e-20
       3.7219688       60.637776   1.3351633e-18   1.5926368e-20
       3.7232250       60.967813   1.2608201e-18   1.4890652e-20
       3.7244811       61.263560   1.1894414e-18   1.3923572e-20
       3.7257373       61.527999   1.1211447e-18   1.3020867e-20
       3.7269934       61.763979   1.0559883e-18   1.2178379e-20
       3.7282496       61.974190   9.9398317e-19   1.1392110e-20
       3.7295057       62.161152   9.3510232e-19   1.0658250e-20
       3.7307619       62.327203   8.7928972e-19   9.9732040e-21
       3.7320180       62.474496   8.2646731e-19   9.3335959e-21
       3.7332742       62.605005   7.7654093e-19   8.7362715e-21
       3.7345303       62.720528   7.2940511e-19   8.1782938e-21
       3.7357865       62.822697   6.8494696e-19   7.6569342e-21
       3.7370426       62.912986   6.4304918e-19   7.1696619e-21
       3.7382988       62.992720   6.0359249e-19   6.7141318e-21
       3.7395549       63.063092   5.6645749e-19   6.2881716e-21
       3.7408111       63.125167   5.3152610e-19   5.8897697e-21
       3.7420672       63.179897   4.9868256e-19   5.5170622e-21
       3.7433234       63.228131   4.6781432e-19   5.1683222e-21
       3.7445795       63.270625   4.3881252e-19   4.8419483e-21
       3.7458357       63.308050   4.1157240e-19   4.5364546e-21
       3.7470918       63.341000   3.8599356e-19   4.2504615e-21
       3.7483480       63.370004   3.6198008e-19   3.9826872e-21
       3.7496041       63.395529   3.3944057e-19   3.7319398e-21
       3.7508603       63.417987   3.1828816e-19   3.4971105e-21
       3.7521164       63.437743   2.9844043e-19   3.2771667e-21
       3.7533725       63.455121   2.7981932e-19   3.0711463e-21
       3.7546287       63.470403   2.6235101e-19   2.8781525e-21
       3.7558848       63.483842   2.4596575e-19   2.6973489e-21
       3.7571410       63.495659   2.3059772e-19   2.5279549e-21
       3.7583971       63.506048   2.1618486e-19   2.3692415e-21
       3.7596533       63.515181   2.0266870e-19   2.2205279e-21
       3.7609094       63.523209   1.8999418e-19   2.0811780e-21
       3.7621656       63.530266   1.7810951e-19   1.9505971e-21
       3.7634217       63.536469   1.6696596e-19   1.8282293e-21
       3.7646779       63.541921   1.5651772e-19   1.7135545e-21
       3.7659340       63.546712   1.4672174e-19   1.6060862e-21
       3.7671902       63.550923   1.3753758e-19   1.5053691e-21
       3.7684463       63.554623   1.2892726e-19   1.4109772e-21
       3.7697025       63.557875   1.2085510e-19   1.3225116e-21
       3.7709586       63.560733   1.1328763e-19   1.2395990e-21
       3.7722148       63.563244   1.0619341e-19   1.1618895e-21
       3.7734709       63.565451   9.9542960e-20   1.0890559e-21
       3.7747271       63.567390   9.3308601e-20   1.0207914e-21
       3.7759832       63.569094   8.7464370e-20   9.5680881e-22
       3.7772394       63.570591   8.1985912e-20   8.9683898e-22
       3.7784955       63.571907   7.6850383e-20   8.4062985e-22
       3.7797517       63.573063   7.2036356e-20   7.8794523e-22
       3.7810078       63.574078   6.7523737e-20   7.3856384e-22
       3.7822640       63.574971   6.3293680e-20   6.9227833e-22
       3.7835201       63.575755   5.9328515e-20   6.4889443e-22
       3.7847763       63.576444   5.5611671e-20   6.0823008e-22
       3.7860324       63.577049   5.2127613e-20   5.7011465e-22
       3.7872886       63.577581   4.8861773e-20   5.3438828e-22
       3.7885447       63.578049   4.5800494e-20   5.0090113e-22
       3.7898009       63.578459   4.2930971e-20   4.6951278e-22
       3.7910570       63.578820   4.0241199e-20   4.4009163e-22
       3.7923132       63.579137   3.7719925e-20   4.1251433e-22
       3.7935693       63.579415   3.5356597e-20   3.8666529e-22
       3.7948255       63.579660   3.3141324e-20   3.6243616e-22
       3.7960816       63.579875   3.1064835e-20   3.3972541e-22
       3.7973378       63.580064   2.9118438e-20   3.1843785e-22
       3.7985939       63.580230   2.7293984e-20   2.9848428e-22
       3.7998501       63.580376   2.5583835e-20   2.7978109e-22
       3.8011062       63.580504   2.3980832e-20   2.6224991e-22
       3.8023624       63.580617   2.2478262e-20   2.4581729e-22
       3.8036185       63.580716   2.1069835e-20   2.3041438e-22
       3.8048746       63.580802   1.9749652e-20   2.1597665e-22
       3.8061308       63.580879   1.8512185e-20   2.0244362e-22
       3.8073869       63.580946   1.7352252e-20   1.8975858e-22
       3.8086431       63.581005   1.6264997e-20   1.7786840e-22
       3.8098992       63.581057   1.5245864e-20   1.6672327e-22
       3.8111554       63.581102   1.4290587e-20   1.5627650e-22
       3.8124115       63.581142   1.3395165e-20   1.4648433e-22
       3.8136677       63.581177   1.2555847e-20   1.3730574e-22
       3.8149238       63.581208   1.1769119e-20   1.2870228e-22
       3.8161800       63.581235   1.1031685e-20   1.2063791e-22
       3.8174361       63.581259   1.0340457e-20   1.1307885e-22
       3.8186923       63.581280   9.6925395e-21   1.0599343e-22
       3.8199484       63.581298   9.0852194e-21   9.9351990e-23
       3.8212046       63.581314   8.5159527e-21   9.3126696e-23
       3.8224607       63.581329   7.9823553e-21   8.7291474e-23
