    0.0010924821       5.0037815   4.6674466e-19   5.5420865e-19
     0.012017303       5.0086917   4.6704369e-19   5.5356742e-19
     0.022942124       5.0136201   4.6734373e-19   5.5292518e-19
     0.033866945       5.0185669   4.6764479e-19   5.5228194e-19
     0.044791766       5.0235321   4.6794686e-19   5.5163768e-19
     0.055716587       5.0285160   4.6824995e-19   5.5099240e-19
     0.066641408       5.0335185   4.6855407e-19   5.5034609e-19
     0.077566229       5.0385398   4.6885923e-19   5.4969876e-19
     0.088491050       5.0435801   4.6916544e-19   5.4905039e-19
     0.099415871       5.0486395   4.6947269e-19   5.4840099e-19
      0.11034069       5.0537181   4.6978100e-19   5.4775055e-19
      0.12126551       5.0588160   4.7009037e-19   5.4709906e-19
      0.13219033       5.0639334   4.7040081e-19   5.4644651e-19
      0.14311516       5.0690703   4.7071233e-19   5.4579291e-19
      0.15403998       5.0742270   4.7102493e-19   5.4513825e-19
      0.16496480       5.0794035   4.7133862e-19   5.4448253e-19
      0.17588962       5.0846000   4.7165341e-19   5.4382573e-19
      0.18681444       5.0898166   4.7196930e-19   5.4316786e-19
      0.19773926       5.0950535   4.7228630e-19   5.4250891e-19
      0.20866408       5.1003108   4.7260442e-19   5.4184887e-19
      0.21958890       5.1055886   4.7292367e-19   5.4118774e-19
      0.23051372       5.1108870   4.7324404e-19   5.4052551e-19
      0.24143854       5.1162063   4.7356556e-19   5.3986219e-19
      0.25236337       5.1215466   4.7388823e-19   5.3919776e-19
      0.26328819       5.1269079   4.7421205e-19   5.3853222e-19
      0.27421301       5.1322905   4.7453703e-19   5.3786556e-19
      0.28513783       5.1376945   4.7486318e-19   5.3719778e-19
      0.29606265       5.1431201   4.7519051e-19   5.3652888e-19
      0.30698747       5.1485673   4.7551903e-19   5.3585884e-19
      0.31791229       5.1540364   4.7584874e-19   5.3518767e-19
      0.32883711       5.1595275   4.7617965e-19   5.3451535e-19
      0.33976193       5.1650407   4.7651177e-19   5.3384188e-19
      0.35068675       5.1705763   4.7684510e-19   5.3316727e-19
      0.36161158       5.1761343   4.7717966e-19   5.3249149e-19
      0.37253640       5.1817150   4.7751546e-19   5.3181455e-19
      0.38346122       5.1873184   4.7785250e-19   5.3113643e-19
      0.39438604       5.1929448   4.7819079e-19   5.3045714e-19
      0.40531086       5.1985943   4.7853033e-19   5.2977667e-19
      0.41623568       5.2042671   4.7887115e-19   5.2909502e-19
      0.42716050       5.2099634   4.7921324e-19   5.2841217e-19
      0.43808532       5.2156832   4.7955662e-19   5.2772812e-19
      0.44901014       5.2214269   4.7990129e-19   5.2704286e-19
      0.45993497       5.2271945   4.8024726e-19   5.2635640e-19
      0.47085979       5.2329863   4.8059454e-19   5.2566871e-19
      0.48178461       5.2388024   4.8094315e-19   5.2497981e-19
      0.49270943       5.2446430   4.8129308e-19   5.2428967e-19
      0.50363425       5.2505083   4.8164436e-19   5.2359830e-19
      0.51455907       5.2563984   4.8199698e-19   5.2290569e-19
      0.52548389       5.2623136   4.8235096e-19   5.2221183e-19
      0.53640871       5.2682540   4.8270631e-19   5.2151672e-19
      0.54733353       5.2742199   4.8306304e-19   5.2082035e-19
      0.55825835       5.2802113   4.8342115e-19   5.2012271e-19
      0.56918318       5.2862286   4.8378066e-19   5.1942380e-19
      0.58010800       5.2922718   4.8414158e-19   5.1872361e-19
      0.59103282       5.2983413   4.8450391e-19   5.1802213e-19
      0.60195764       5.3044371   4.8486767e-19   5.1731936e-19
      0.61288246       5.3105596   4.8523287e-19   5.1661529e-19
      0.62380728       5.3167088   4.8559952e-19   5.1590991e-19
      0.63473210       5.3228850   4.8596762e-19   5.1520322e-19
      0.64565692       5.3290885   4.8633720e-19   5.1449522e-19
      0.65658174       5.3353194   4.8670825e-19   5.1378588e-19
      0.66750656       5.3415779   4.8708080e-19   5.1307521e-19
      0.67843139       5.3478642   4.8745484e-19   5.1236320e-19
      0.68935621       5.3541787   4.8783040e-19   5.1164985e-19
      0.70028103       5.3605214   4.8820748e-19   5.1093513e-19
      0.71120585       5.3668926   4.8858610e-19   5.1021906e-19
      0.72213067       5.3732925   4.8896627e-19   5.0950162e-19
      0.73305549       5.3797215   4.8934799e-19   5.0878280e-19
      0.74398031       5.3861796   4.8973128e-19   5.0806260e-19
      0.75490513       5.3926671   4.9011616e-19   5.0734100e-19
      0.76582995       5.3991843   4.9050262e-19   5.0661801e-19
      0.77675477       5.4057313   4.9089070e-19   5.0589361e-19
      0.78767960       5.4123085   4.9128039e-19   5.0516779e-19
      0.79860442       5.4189161   4.9167171e-19   5.0444056e-19
      0.80952924       5.4255543   4.9206468e-19   5.0371189e-19
      0.82045406       5.4322234   4.9245930e-19   5.0298179e-19
      0.83137888       5.4389236   4.9285558e-19   5.0225024e-19
      0.84230370       5.4456552   4.9325355e-19   5.0151724e-19
      0.85322852       5.4524184   4.9365322e-19   5.0078277e-19
      0.86415334       5.4592135   4.9405459e-19   5.0004684e-19
      0.87507816       5.4660408   4.9445768e-19   4.9930943e-19
      0.88600298       5.4729005   4.9486251e-19   4.9857053e-19
      0.89692781       5.4797928   4.9526908e-19   4.9783014e-19
      0.90785263       5.4867182   4.9567741e-19   4.9708824e-19
      0.91877745       5.4936768   4.9608753e-19   4.9634483e-19
      0.92970227       5.5006689   4.9649943e-19   4.9559991e-19
      0.94062709       5.5076949   4.9691313e-19   4.9485345e-19
      0.95155191       5.5147549   4.9732866e-19   4.9410545e-19
      0.96247673       5.5218493   4.9774601e-19   4.9335591e-19
      0.97340155       5.5289784   4.9816522e-19   4.9260482e-19
      0.98432637       5.5361425   4.9858628e-19   4.9185216e-19
      0.99525120       5.5433418   4.9900923e-19   4.9109792e-19
       1.0061760       5.5505768   4.9943407e-19   4.9034210e-19
       1.0171008       5.5578476   4.9986082e-19   4.8958469e-19
       1.0280257       5.5651546   5.0028949e-19   4.8882568e-19
       1.0389505       5.5724981   5.0072011e-19   4.8806506e-19
       1.0498753       5.5798785   5.0115268e-19   4.8730281e-19
       1.0608001       5.5872961   5.0158722e-19   4.8653894e-19
       1.0717249       5.5947511   5.0202376e-19   4.8577342e-19
       1.0826498       5.6022439   5.0246230e-19   4.8500626e-19
       1.0935746       5.6097750   5.0290286e-19   4.8423743e-19
       1.1044994       5.6173445   5.0334546e-19   4.8346694e-19
       1.1154242       5.6249528   5.0379012e-19   4.8269477e-19
       1.1263490       5.6326004   5.0423686e-19   4.8192090e-19
       1.1372739       5.6402875   5.0468569e-19   4.8114533e-19
       1.1481987       5.6480145   5.0513663e-19   4.8036806e-19
       1.1591235       5.6557817   5.0558970e-19   4.7958906e-19
       1.1700483       5.6635897   5.0604491e-19   4.7880833e-19
       1.1809732       5.6714386   5.0650230e-19   4.7802585e-19
       1.1918980       5.6793289   5.0696186e-19   4.7724162e-19
       1.2028228       5.6872610   5.0742364e-19   4.7645563e-19
       1.2137476       5.6952352   5.0788763e-19   4.7566786e-19
       1.2246724       5.7032520   5.0835387e-19   4.7487830e-19
       1.2355973       5.7113118   5.0882237e-19   4.7408695e-19
       1.2465221       5.7194149   5.0929315e-19   4.7329378e-19
       1.2574469       5.7275617   5.0976624e-19   4.7249879e-19
       1.2683717       5.7357528   5.1024165e-19   4.7170197e-19
       1.2792965       5.7439884   5.1071941e-19   4.7090330e-19
       1.2902214       5.7522691   5.1119953e-19   4.7010278e-19
       1.3011462       5.7605953   5.1168205e-19   4.6930038e-19
       1.3120710       5.7689673   5.1216697e-19   4.6849611e-19
       1.3229958       5.7773857   5.1265432e-19   4.6768993e-19
       1.3339206       5.7858508   5.1314413e-19   4.6688186e-19
       1.3448455       5.7943632   5.1363641e-19   4.6607186e-19
       1.3557703       5.8029233   5.1413119e-19   4.6525993e-19
       1.3666951       5.8115316   5.1462850e-19   4.6444606e-19
       1.3776199       5.8201886   5.1512835e-19   4.6363023e-19
       1.3885448       5.8288947   5.1563077e-19   4.6281243e-19
       1.3994696       5.8376504   5.1613579e-19   4.6199264e-19
       1.4103944       5.8464562   5.1664343e-19   4.6117085e-19
       1.4213192       5.8553127   5.1715371e-19   4.6034706e-19
       1.4322440       5.8642203   5.1766666e-19   4.5952124e-19
       1.4431689       5.8731795   5.1818231e-19   4.5869338e-19
       1.4540937       5.8821910   5.1870067e-19   4.5786346e-19
       1.4650185       5.8912551   5.1922179e-19   4.5703148e-19
       1.4759433       5.9003725   5.1974567e-19   4.5619742e-19
       1.4868681       5.9095437   5.2027236e-19   4.5536125e-19
       1.4977930       5.9187693   5.2080188e-19   4.5452298e-19
       1.5087178       5.9280498   5.2133426e-19   4.5368258e-19
       1.5196426       5.9373858   5.2186951e-19   4.5284004e-19
       1.5305674       5.9467779   5.2240769e-19   4.5199535e-19
       1.5414922       5.9562267   5.2294880e-19   4.5114848e-19
       1.5524171       5.9657327   5.2349289e-19   4.5029942e-19
       1.5633419       5.9752967   5.2403998e-19   4.4944816e-19
       1.5742667       5.9849191   5.2459010e-19   4.4859468e-19
       1.5851915       5.9946007   5.2514328e-19   4.4773897e-19
       1.5961164       6.0043421   5.2569956e-19   4.4688100e-19
       1.6070412       6.0141439   5.2625897e-19   4.4602076e-19
       1.6179660       6.0240068   5.2682153e-19   4.4515824e-19
       1.6288908       6.0339314   5.2738729e-19   4.4429342e-19
       1.6398156       6.0439184   5.2795627e-19   4.4342627e-19
       1.6507405       6.0539686   5.2852851e-19   4.4255679e-19
       1.6616653       6.0640826   5.2910404e-19   4.4168495e-19
       1.6725901       6.0742611   5.2968290e-19   4.4081074e-19
       1.6835149       6.0845049   5.3026512e-19   4.3993414e-19
       1.6944397       6.0948147   5.3085074e-19   4.3905513e-19
       1.7053646       6.1051912   5.3143980e-19   4.3817370e-19
       1.7162894       6.1156352   5.3203232e-19   4.3728981e-19
       1.7272142       6.1261475   5.3262836e-19   4.3640346e-19
       1.7381390       6.1367288   5.3322794e-19   4.3551463e-19
       1.7490638       6.1473800   5.3383111e-19   4.3462329e-19
       1.7599887       6.1581019   5.3443791e-19   4.3372943e-19
       1.7709135       6.1688952   5.3504837e-19   4.3283302e-19
       1.7818383       6.1797608   5.3566254e-19   4.3193405e-19
       1.7927631       6.1906997   5.3628046e-19   4.3103250e-19
       1.8036880       6.2017125   5.3690216e-19   4.3012834e-19
       1.8146128       6.2128003   5.3752770e-19   4.2922155e-19
       1.8255376       6.2239639   5.3815712e-19   4.2831212e-19
       1.8364624       6.2352043   5.3879045e-19   4.2740001e-19
       1.8473872       6.2465223   5.3942775e-19   4.2648521e-19
       1.8583121       6.2579189   5.4006907e-19   4.2556770e-19
       1.8692369       6.2693950   5.4071443e-19   4.2464745e-19
       1.8801617       6.2809517   5.4136391e-19   4.2372445e-19
       1.8910865       6.2925900   5.4201753e-19   4.2279866e-19
       1.9020113       6.3043107   5.4267536e-19   4.2187006e-19
       1.9129362       6.3161151   5.4333743e-19   4.2093864e-19
       1.9238610       6.3280040   5.4400381e-19   4.2000436e-19
       1.9347858       6.3399787   5.4467454e-19   4.1906720e-19
       1.9457106       6.3520401   5.4534967e-19   4.1812714e-19
       1.9566354       6.3641894   5.4602926e-19   4.1718415e-19
       1.9675603       6.3764277   5.4671337e-19   4.1623821e-19
       1.9784851       6.3887562   5.4740204e-19   4.1528928e-19
       1.9894099       6.4011760   5.4809533e-19   4.1433735e-19
       2.0003347       6.4136883   5.4879330e-19   4.1338239e-19
       2.0112596       6.4262943   5.4949601e-19   4.1242437e-19
       2.0221844       6.4389953   5.5020352e-19   4.1146326e-19
       2.0331092       6.4517925   5.5091589e-19   4.1049903e-19
       2.0440340       6.4646872   5.5163317e-19   4.0953166e-19
       2.0549588       6.4776808   5.5235544e-19   4.0856112e-19
       2.0658837       6.4907744   5.5308275e-19   4.0758738e-19
       2.0768085       6.5039696   5.5381517e-19   4.0661040e-19
       2.0877333       6.5172676   5.5455277e-19   4.0563017e-19
       2.0986581       6.5306700   5.5529561e-19   4.0464664e-19
       2.1095829       6.5441781   5.5604376e-19   4.0365979e-19
       2.1205078       6.5577934   5.5679729e-19   4.0266959e-19
       2.1314326       6.5715174   5.5755628e-19   4.0167600e-19
       2.1423574       6.5853517   5.5832079e-19   4.0067899e-19
       2.1532822       6.5992977   5.5909090e-19   3.9967854e-19
       2.1642070       6.6133571   5.5986668e-19   3.9867459e-19
       2.1751319       6.6275316   5.6064822e-19   3.9766713e-19
       2.1860567       6.6418227   5.6143558e-19   3.9665612e-19
       2.1969815       6.6562321   5.6222886e-19   3.9564151e-19
       2.2079063       6.6707617   5.6302813e-19   3.9462328e-19
       2.2188311       6.6854131   5.6383347e-19   3.9360140e-19
       2.2297560       6.7001881   5.6464497e-19   3.9257581e-19
       2.2406808       6.7150886   5.6546272e-19   3.9154649e-19
       2.2516056       6.7301165   5.6628681e-19   3.9051340e-19
       2.2625304       6.7452737   5.6711732e-19   3.8947649e-19
       2.2734553       6.7605621   5.6795435e-19   3.8843574e-19
       2.2843801       6.7759838   5.6879799e-19   3.8739109e-19
       2.2953049       6.7915407   5.6964834e-19   3.8634251e-19
       2.3062297       6.8072351   5.7050550e-19   3.8528996e-19
       2.3171545       6.8230689   5.7136957e-19   3.8423339e-19
       2.3280794       6.8390445   5.7224064e-19   3.8317277e-19
       2.3390042       6.8551641   5.7311883e-19   3.8210804e-19
       2.3499290       6.8714298   5.7400424e-19   3.8103916e-19
       2.3608538       6.8878441   5.7489698e-19   3.7996610e-19
       2.3717786       6.9044094   5.7579716e-19   3.7888879e-19
       2.3827035       6.9211282   5.7670490e-19   3.7780721e-19
       2.3936283       6.9380028   5.7762032e-19   3.7672128e-19
       2.4045531       6.9550359   5.7854353e-19   3.7563098e-19
       2.4154779       6.9722302   5.7947465e-19   3.7453625e-19
       2.4264027       6.9895882   5.8041382e-19   3.7343704e-19
       2.4373276       7.0071128   5.8136115e-19   3.7233329e-19
       2.4482524       7.0248068   5.8231678e-19   3.7122496e-19
       2.4591772       7.0426730   5.8328085e-19   3.7011199e-19
       2.4701020       7.0607145   5.8425349e-19   3.6899433e-19
       2.4810269       7.0789342   5.8523484e-19   3.6787191e-19
       2.4919517       7.0973353   5.8622505e-19   3.6674470e-19
       2.5028765       7.1159209   5.8722426e-19   3.6561262e-19
       2.5138013       7.1346943   5.8823262e-19   3.6447562e-19
       2.5247261       7.1536590   5.8925030e-19   3.6333364e-19
       2.5356510       7.1728182   5.9027744e-19   3.6218662e-19
       2.5465758       7.1921756   5.9131421e-19   3.6103449e-19
       2.5575006       7.2117347   5.9236078e-19   3.5987720e-19
       2.5684254       7.2314993   5.9341731e-19   3.5871467e-19
       2.5793502       7.2514732   5.9448399e-19   3.5754684e-19
       2.5902751       7.2716602   5.9556099e-19   3.5637364e-19
       2.6011999       7.2920645   5.9664849e-19   3.5519501e-19
       2.6121247       7.3126902   5.9774670e-19   3.5401087e-19
       2.6230495       7.3335414   5.9885579e-19   3.5282115e-19
       2.6339743       7.3546226   5.9997597e-19   3.5162577e-19
       2.6448992       7.3759382   6.0110745e-19   3.5042467e-19
       2.6558240       7.3974929   6.0225043e-19   3.4921776e-19
       2.6667488       7.4192913   6.0340513e-19   3.4800497e-19
       2.6776736       7.4413384   6.0457177e-19   3.4678621e-19
       2.6885985       7.4636392   6.0575059e-19   3.4556141e-19
       2.6995233       7.4861988   6.0694181e-19   3.4433047e-19
       2.7104481       7.5090226   6.0814568e-19   3.4309332e-19
       2.7213729       7.5321160   6.0936244e-19   3.4184987e-19
       2.7322977       7.5554846   6.1059236e-19   3.4060001e-19
       2.7432226       7.5791343   6.1183569e-19   3.3934367e-19
       2.7541474       7.6030711   6.1309270e-19   3.3808075e-19
       2.7650722       7.6273011   6.1436367e-19   3.3681115e-19
       2.7759970       7.6518306   6.1564889e-19   3.3553477e-19
       2.7869218       7.6766663   6.1694866e-19   3.3425151e-19
       2.7978467       7.7018148   6.1826328e-19   3.3296127e-19
       2.8087715       7.7272832   6.1959306e-19   3.3166393e-19
       2.8196963       7.7530787   6.2093832e-19   3.3035940e-19
       2.8229738       7.7608823   6.2134497e-19   3.2996662e-19
       2.8240662       7.7634902   6.2148084e-19   3.2983555e-19
       2.8251587       7.7661014   6.2161687e-19   3.2970440e-19
       2.8262512       7.7687161   6.2175305e-19   3.2957318e-19
       2.8273437       7.7713342   6.2188940e-19   3.2944188e-19
       2.8284362       7.7739556   6.2202591e-19   3.2931052e-19
       2.8295286       7.7765805   6.2216258e-19   3.2917907e-19
       2.8306211       7.7792087   6.2229941e-19   3.2904756e-19
       2.8317136       7.7818404   6.2243640e-19   3.2891596e-19
       2.8328061       7.7844756   6.2257355e-19   3.2878430e-19
       2.8338986       7.7871141   6.2271087e-19   3.2865256e-19
       2.8349911       7.7897561   6.2284835e-19   3.2852075e-19
       2.8360835       7.7924016   6.2298599e-19   3.2838886e-19
       2.8371760       7.7950505   6.2312380e-19   3.2825689e-19
       2.8382685       7.7977029   6.2326177e-19   3.2812485e-19
       2.8393610       7.8003588   6.2339990e-19   3.2799274e-19
       2.8404535       7.8030181   6.2353820e-19   3.2786055e-19
       2.8415459       7.8056809   6.2367666e-19   3.2772828e-19
       2.8426384       7.8083473   6.2381529e-19   3.2759594e-19
       2.8437309       7.8110171   6.2395408e-19   3.2746353e-19
       2.8448234       7.8136905   6.2409304e-19   3.2733104e-19
       2.8459159       7.8163674   6.2423216e-19   3.2719847e-19
       2.8470084       7.8190479   6.2437146e-19   3.2706583e-19
       2.8481008       7.8217318   6.2451092e-19   3.2693311e-19
       2.8491933       7.8244193   6.2465054e-19   3.2680031e-19
       2.8502858       7.8271104   6.2479034e-19   3.2666744e-19
       2.8513783       7.8298051   6.2493030e-19   3.2653449e-19
       2.8524708       7.8325033   6.2507043e-19   3.2640147e-19
       2.8535633       7.8352051   6.2521073e-19   3.2626837e-19
       2.8546557       7.8379105   6.2535120e-19   3.2613519e-19
       2.8557482       7.8406195   6.2549184e-19   3.2600194e-19
       2.8568407       7.8433321   6.2563264e-19   3.2586860e-19
       2.8579332       7.8460483   6.2577362e-19   3.2573519e-19
       2.8590257       7.8487682   6.2591477e-19   3.2560171e-19
       2.8601181       7.8514917   6.2605609e-19   3.2546814e-19
       2.8612106       7.8542188   6.2619759e-19   3.2533450e-19
       2.8623031       7.8569496   6.2633925e-19   3.2520078e-19
       2.8633956       7.8596840   6.2648109e-19   3.2506699e-19
       2.8644881       7.8624221   6.2662310e-19   3.2493311e-19
       2.8655806       7.8651639   6.2676528e-19   3.2479916e-19
       2.8666730       7.8679094   6.2690763e-19   3.2466513e-19
       2.8677655       7.8706585   6.2705016e-19   3.2453102e-19
       2.8688580       7.8734114   6.2719287e-19   3.2439683e-19
       2.8699505       7.8761680   6.2733574e-19   3.2426257e-19
       2.8710430       7.8789282   6.2747880e-19   3.2412822e-19
       2.8721354       7.8816923   6.2762202e-19   3.2399380e-19
       2.8732279       7.8844600   6.2776543e-19   3.2385930e-19
       2.8743204       7.8872315   6.2790901e-19   3.2372472e-19
       2.8754129       7.8900068   6.2805277e-19   3.2359006e-19
       2.8765054       7.8927858   6.2819670e-19   3.2345532e-19
       2.8775979       7.8955686   6.2834081e-19   3.2332050e-19
       2.8786903       7.8983552   6.2848510e-19   3.2318560e-19
       2.8797828       7.9011456   6.2862957e-19   3.2305062e-19
       2.8808753       7.9039398   6.2877421e-19   3.2291556e-19
       2.8819678       7.9067378   6.2891904e-19   3.2278042e-19
       2.8830603       7.9095396   6.2906404e-19   3.2264520e-19
       2.8841527       7.9123452   6.2920923e-19   3.2250991e-19
       2.8852452       7.9151547   6.2935459e-19   3.2237453e-19
       2.8863377       7.9179680   6.2950013e-19   3.2223907e-19
       2.8874302       7.9207852   6.2964586e-19   3.2210353e-19
       2.8885227       7.9236062   6.2979177e-19   3.2196791e-19
       2.8896152       7.9264311   6.2993786e-19   3.2183221e-19
       2.8907076       7.9292599   6.3008413e-19   3.2169642e-19
       2.8918001       7.9320926   6.3023058e-19   3.2156056e-19
       2.8928926       7.9349292   6.3037722e-19   3.2142461e-19
       2.8939851       7.9377697   6.3052404e-19   3.2128859e-19
       2.8950776       7.9406142   6.3067104e-19   3.2115248e-19
       2.8961701       7.9434625   6.3081823e-19   3.2101629e-19
       2.8972625       7.9463148   6.3096560e-19   3.2088002e-19
       2.8983550       7.9491711   6.3111316e-19   3.2074366e-19
       2.8994475       7.9520313   6.3126091e-19   3.2060723e-19
       2.9005400       7.9548955   6.3140884e-19   3.2047071e-19
       2.9016325       7.9577636   6.3155695e-19   3.2033411e-19
       2.9027249       7.9606358   6.3170526e-19   3.2019743e-19
       2.9038174       7.9635119   6.3185375e-19   3.2006066e-19
       2.9049099       7.9663921   6.3200243e-19   3.1992381e-19
       2.9060024       7.9692762   6.3215130e-19   3.1978688e-19
       2.9070949       7.9721644   6.3230035e-19   3.1964987e-19
       2.9081874       7.9750567   6.3244960e-19   3.1951277e-19
       2.9092798       7.9779530   6.3259903e-19   3.1937559e-19
       2.9103723       7.9808533   6.3274866e-19   3.1923832e-19
       2.9114648       7.9837577   6.3289847e-19   3.1910098e-19
       2.9125573       7.9866662   6.3304848e-19   3.1896354e-19
       2.9136498       7.9895788   6.3319867e-19   3.1882603e-19
       2.9147422       7.9924955   6.3334906e-19   3.1868843e-19
       2.9158347       7.9954162   6.3349964e-19   3.1855075e-19
       2.9169272       7.9983411   6.3365042e-19   3.1841298e-19
       2.9180197       8.0012702   6.3380138e-19   3.1827512e-19
       2.9191122       8.0042033   6.3395254e-19   3.1813719e-19
       2.9202047       8.0071407   6.3410390e-19   3.1799916e-19
       2.9212971       8.0100821   6.3425545e-19   3.1786106e-19
       2.9223896       8.0130278   6.3440719e-19   3.1772286e-19
       2.9234821       8.0159776   6.3455913e-19   3.1758459e-19
       2.9245746       8.0189316   6.3471127e-19   3.1744622e-19
       2.9256671       8.0218898   6.3486360e-19   3.1730778e-19
       2.9267596       8.0248523   6.3501613e-19   3.1716924e-19
       2.9278520       8.0278189   6.3516885e-19   3.1703062e-19
       2.9289445       8.0307898   6.3532178e-19   3.1689192e-19
       2.9300370       8.0337649   6.3547490e-19   3.1675312e-19
       2.9311295       8.0367443   6.3562822e-19   3.1661425e-19
       2.9322220       8.0397279   6.3578174e-19   3.1647528e-19
       2.9333144       8.0427159   6.3593546e-19   3.1633623e-19
       2.9344069       8.0457081   6.3608938e-19   3.1619709e-19
       2.9354994       8.0487046   6.3624350e-19   3.1605787e-19
       2.9365919       8.0517054   6.3639782e-19   3.1591856e-19
       2.9376844       8.0547105   6.3655234e-19   3.1577916e-19
       2.9387769       8.0577200   6.3670706e-19   3.1563967e-19
       2.9398693       8.0607338   6.3686199e-19   3.1550010e-19
       2.9409618       8.0637519   6.3701712e-19   3.1536044e-19
       2.9420543       8.0667744   6.3717245e-19   3.1522069e-19
       2.9431468       8.0698013   6.3732799e-19   3.1508085e-19
       2.9442393       8.0728326   6.3748373e-19   3.1494093e-19
       2.9453317       8.0758682   6.3763968e-19   3.1480091e-19
       2.9464242       8.0789083   6.3779583e-19   3.1466081e-19
       2.9475167       8.0819528   6.3795219e-19   3.1452062e-19
       2.9486092       8.0850017   6.3810875e-19   3.1438034e-19
       2.9497017       8.0880551   6.3826553e-19   3.1423998e-19
       2.9507942       8.0911129   6.3842250e-19   3.1409952e-19
       2.9518866       8.0941751   6.3857969e-19   3.1395897e-19
       2.9529791       8.0972419   6.3873709e-19   3.1381834e-19
       2.9540716       8.1003131   6.3889469e-19   3.1367761e-19
       2.9551641       8.1033889   6.3905250e-19   3.1353680e-19
       2.9562566       8.1064691   6.3921053e-19   3.1339590e-19
       2.9573491       8.1095539   6.3936876e-19   3.1325490e-19
       2.9584415       8.1126432   6.3952721e-19   3.1311382e-19
       2.9595340       8.1157370   6.3968587e-19   3.1297264e-19
       2.9606265       8.1188354   6.3984473e-19   3.1283138e-19
       2.9617190       8.1219384   6.4000382e-19   3.1269002e-19
       2.9628115       8.1250459   6.4016311e-19   3.1254858e-19
       2.9639039       8.1281580   6.4032262e-19   3.1240704e-19
       2.9649964       8.1312748   6.4048234e-19   3.1226541e-19
       2.9660889       8.1343961   6.4064228e-19   3.1212369e-19
       2.9671814       8.1375221   6.4080243e-19   3.1198188e-19
       2.9682739       8.1406527   6.4096280e-19   3.1183998e-19
       2.9693664       8.1437880   6.4112338e-19   3.1169799e-19
       2.9704588       8.1469280   6.4128418e-19   3.1155590e-19
       2.9715513       8.1500726   6.4144520e-19   3.1141372e-19
       2.9726438       8.1532219   6.4160644e-19   3.1127145e-19
       2.9737363       8.1563759   6.4176789e-19   3.1112909e-19
       2.9748288       8.1595346   6.4192957e-19   3.1098664e-19
       2.9759212       8.1626980   6.4209146e-19   3.1084409e-19
       2.9770137       8.1658662   6.4225357e-19   3.1070145e-19
       2.9781062       8.1690391   6.4241591e-19   3.1055871e-19
       2.9791987       8.1722168   6.4257846e-19   3.1041589e-19
       2.9802912       8.1753993   6.4274124e-19   3.1027297e-19
       2.9813837       8.1785866   6.4290424e-19   3.1012995e-19
       2.9824761       8.1817786   6.4306746e-19   3.0998685e-19
       2.9835686       8.1849755   6.4323090e-19   3.0984364e-19
       2.9846611       8.1881772   6.4339457e-19   3.0970035e-19
       2.9857536       8.1913837   6.4355847e-19   3.0955696e-19
       2.9868461       8.1945951   6.4372259e-19   3.0941347e-19
       2.9879385       8.1978114   6.4388693e-19   3.0926990e-19
       2.9890310       8.2010325   6.4405150e-19   3.0912622e-19
       2.9901235       8.2042585   6.4421630e-19   3.0898245e-19
       2.9912160       8.2074894   6.4438132e-19   3.0883859e-19
       2.9923085       8.2107253   6.4454657e-19   3.0869463e-19
       2.9934010       8.2139660   6.4471206e-19   3.0855058e-19
       2.9944934       8.2172118   6.4487777e-19   3.0840643e-19
       2.9955859       8.2204624   6.4504371e-19   3.0826218e-19
       2.9966784       8.2237181   6.4520988e-19   3.0811784e-19
       2.9977709       8.2269787   6.4537628e-19   3.0797340e-19
       2.9988634       8.2302443   6.4554291e-19   3.0782887e-19
       2.9999559       8.2335149   6.4570977e-19   3.0768424e-19
       3.0010483       8.2367906   6.4587687e-19   3.0753951e-19
       3.0021408       8.2400713   6.4604420e-19   3.0739468e-19
       3.0032333       8.2433570   6.4621176e-19   3.0724976e-19
       3.0043258       8.2466478   6.4637956e-19   3.0710474e-19
       3.0054183       8.2499437   6.4654760e-19   3.0695963e-19
       3.0065107       8.2532447   6.4671586e-19   3.0681441e-19
       3.0076032       8.2565507   6.4688437e-19   3.0666910e-19
       3.0086957       8.2598619   6.4705311e-19   3.0652369e-19
       3.0097882       8.2631783   6.4722209e-19   3.0637818e-19
       3.0108807       8.2664997   6.4739131e-19   3.0623258e-19
       3.0119732       8.2698264   6.4756077e-19   3.0608687e-19
       3.0130656       8.2731582   6.4773046e-19   3.0594107e-19
       3.0141581       8.2764952   6.4790040e-19   3.0579517e-19
       3.0152506       8.2798374   6.4807057e-19   3.0564916e-19
       3.0163431       8.2831848   6.4824099e-19   3.0550306e-19
       3.0174356       8.2865375   6.4841165e-19   3.0535686e-19
       3.0185280       8.2898954   6.4858255e-19   3.0521056e-19
       3.0196205       8.2932586   6.4875369e-19   3.0506416e-19
       3.0207130       8.2966270   6.4892508e-19   3.0491766e-19
       3.0218055       8.3000007   6.4909671e-19   3.0477106e-19
       3.0228980       8.3033798   6.4926859e-19   3.0462436e-19
       3.0239905       8.3067641   6.4944071e-19   3.0447756e-19
       3.0250829       8.3101538   6.4961308e-19   3.0433066e-19
       3.0261754       8.3135488   6.4978570e-19   3.0418366e-19
       3.0272679       8.3169492   6.4995856e-19   3.0403655e-19
       3.0283604       8.3203550   6.5013167e-19   3.0388935e-19
       3.0294529       8.3237662   6.5030504e-19   3.0374204e-19
       3.0305454       8.3271828   6.5047865e-19   3.0359463e-19
       3.0316378       8.3306048   6.5065251e-19   3.0344712e-19
       3.0327303       8.3340322   6.5082662e-19   3.0329951e-19
       3.0338228       8.3374651   6.5100098e-19   3.0315180e-19
       3.0349153       8.3409035   6.5117559e-19   3.0300398e-19
       3.0360078       8.3443474   6.5135046e-19   3.0285606e-19
       3.0371002       8.3477967   6.5152558e-19   3.0270803e-19
       3.0381927       8.3512516   6.5170096e-19   3.0255991e-19
       3.0392852       8.3547120   6.5187659e-19   3.0241168e-19
       3.0403777       8.3581779   6.5205247e-19   3.0226334e-19
       3.0414702       8.3616495   6.5222862e-19   3.0211491e-19
       3.0425627       8.3651265   6.5240501e-19   3.0196637e-19
       3.0436551       8.3686092   6.5258167e-19   3.0181772e-19
       3.0447476       8.3720975   6.5275858e-19   3.0166897e-19
       3.0458401       8.3755914   6.5293576e-19   3.0152012e-19
       3.0469326       8.3790910   6.5311319e-19   3.0137116e-19
       3.0480251       8.3825962   6.5329089e-19   3.0122209e-19
       3.0491175       8.3861071   6.5346884e-19   3.0107293e-19
       3.0502100       8.3896237   6.5364706e-19   3.0092365e-19
       3.0513025       8.3931460   6.5382554e-19   3.0077427e-19
       3.0523950       8.3966740   6.5400428e-19   3.0062479e-19
       3.0534875       8.4002077   6.5418328e-19   3.0047519e-19
       3.0545800       8.4037472   6.5436255e-19   3.0032550e-19
       3.0556724       8.4072925   6.5454209e-19   3.0017569e-19
       3.0567649       8.4108435   6.5472189e-19   3.0002578e-19
       3.0578574       8.4144004   6.5490196e-19   2.9987576e-19
       3.0589499       8.4179631   6.5508230e-19   2.9972564e-19
       3.0600424       8.4215316   6.5526290e-19   2.9957541e-19
       3.0611349       8.4251060   6.5544378e-19   2.9942507e-19
       3.0622273       8.4286862   6.5562492e-19   2.9927462e-19
       3.0633198       8.4322724   6.5580633e-19   2.9912406e-19
       3.0644123       8.4358644   6.5598802e-19   2.9897340e-19
       3.0655048       8.4394624   6.5616997e-19   2.9882263e-19
       3.0665973       8.4430663   6.5635220e-19   2.9867175e-19
       3.0676897       8.4466761   6.5653471e-19   2.9852076e-19
       3.0687822       8.4502920   6.5671748e-19   2.9836966e-19
       3.0698747       8.4539138   6.5690054e-19   2.9821846e-19
       3.0709672       8.4575416   6.5708386e-19   2.9806714e-19
       3.0720597       8.4611755   6.5726747e-19   2.9791571e-19
       3.0731522       8.4648154   6.5745135e-19   2.9776418e-19
       3.0742446       8.4684614   6.5763551e-19   2.9761253e-19
       3.0753371       8.4721134   6.5781995e-19   2.9746077e-19
       3.0764296       8.4757716   6.5800467e-19   2.9730891e-19
       3.0775221       8.4794358   6.5818966e-19   2.9715693e-19
       3.0786146       8.4831062   6.5837494e-19   2.9700484e-19
       3.0797070       8.4867828   6.5856050e-19   2.9685264e-19
       3.0807995       8.4904655   6.5874635e-19   2.9670033e-19
       3.0818920       8.4941544   6.5893247e-19   2.9654791e-19
       3.0829845       8.4978495   6.5911889e-19   2.9639537e-19
       3.0840770       8.5015508   6.5930558e-19   2.9624272e-19
       3.0851695       8.5052584   6.5949257e-19   2.9608997e-19
       3.0862619       8.5089723   6.5967983e-19   2.9593709e-19
       3.0873544       8.5126924   6.5986739e-19   2.9578411e-19
       3.0884469       8.5164188   6.6005524e-19   2.9563101e-19
       3.0895394       8.5201515   6.6024337e-19   2.9547780e-19
       3.0906319       8.5238906   6.6043179e-19   2.9532448e-19
       3.0917243       8.5276360   6.6062051e-19   2.9517104e-19
       3.0928168       8.5313878   6.6080951e-19   2.9501749e-19
       3.0939093       8.5351460   6.6099881e-19   2.9486382e-19
       3.0950018       8.5389106   6.6118841e-19   2.9471004e-19
       3.0960943       8.5426817   6.6137829e-19   2.9455614e-19
       3.0971868       8.5464592   6.6156847e-19   2.9440213e-19
       3.0982792       8.5502431   6.6175895e-19   2.9424801e-19
       3.0993717       8.5540336   6.6194972e-19   2.9409377e-19
       3.1004642       8.5578306   6.6214079e-19   2.9393941e-19
       3.1015567       8.5616340   6.6233216e-19   2.9378494e-19
       3.1026492       8.5654441   6.6252383e-19   2.9363035e-19
       3.1037417       8.5692607   6.6271580e-19   2.9347564e-19
       3.1048341       8.5730839   6.6290807e-19   2.9332082e-19
       3.1059266       8.5769137   6.6310064e-19   2.9316589e-19
       3.1070191       8.5807501   6.6329351e-19   2.9301083e-19
       3.1081116       8.5845932   6.6348669e-19   2.9285566e-19
       3.1092041       8.5884430   6.6368017e-19   2.9270037e-19
       3.1102965       8.5922994   6.6387395e-19   2.9254496e-19
       3.1113890       8.5961626   6.6406805e-19   2.9238943e-19
       3.1124815       8.6000324   6.6426245e-19   2.9223379e-19
       3.1135740       8.6039091   6.6445715e-19   2.9207803e-19
       3.1146665       8.6077925   6.6465217e-19   2.9192214e-19
       3.1157590       8.6116827   6.6484749e-19   2.9176614e-19
       3.1168514       8.6155797   6.6504313e-19   2.9161002e-19
       3.1179439       8.6194835   6.6523908e-19   2.9145378e-19
       3.1190364       8.6233943   6.6543534e-19   2.9129742e-19
       3.1201289       8.6273118   6.6563191e-19   2.9114094e-19
       3.1212214       8.6312363   6.6582880e-19   2.9098434e-19
       3.1223138       8.6351677   6.6602600e-19   2.9082762e-19
       3.1234063       8.6391060   6.6622352e-19   2.9067078e-19
       3.1244988       8.6430513   6.6642136e-19   2.9051382e-19
       3.1255913       8.6470036   6.6661951e-19   2.9035674e-19
       3.1266838       8.6509629   6.6681798e-19   2.9019953e-19
       3.1277763       8.6549292   6.6701678e-19   2.9004220e-19
       3.1288687       8.6589026   6.6721589e-19   2.8988475e-19
       3.1299612       8.6628831   6.6741533e-19   2.8972718e-19
       3.1310537       8.6668706   6.6761508e-19   2.8956949e-19
       3.1321462       8.6708652   6.6781517e-19   2.8941167e-19
       3.1332387       8.6748670   6.6801557e-19   2.8925373e-19
       3.1343312       8.6788760   6.6821630e-19   2.8909566e-19
       3.1354236       8.6828921   6.6841736e-19   2.8893748e-19
       3.1365161       8.6869155   6.6861875e-19   2.8877916e-19
       3.1376086       8.6909460   6.6882046e-19   2.8862073e-19
       3.1387011       8.6949838   6.6902251e-19   2.8846217e-19
       3.1397936       8.6990289   6.6922488e-19   2.8830348e-19
       3.1408860       8.7030813   6.6942759e-19   2.8814467e-19
       3.1419785       8.7071410   6.6963063e-19   2.8798573e-19
       3.1430710       8.7112081   6.6983400e-19   2.8782667e-19
       3.1441635       8.7152825   6.7003770e-19   2.8766748e-19
       3.1452560       8.7193643   6.7024175e-19   2.8750817e-19
       3.1463485       8.7234536   6.7044613e-19   2.8734873e-19
       3.1474409       8.7275502   6.7065084e-19   2.8718916e-19
       3.1485334       8.7316544   6.7085590e-19   2.8702947e-19
       3.1496259       8.7357660   6.7106129e-19   2.8686964e-19
       3.1507184       8.7398851   6.7126703e-19   2.8670970e-19
       3.1518109       8.7440118   6.7147310e-19   2.8654962e-19
       3.1529033       8.7481460   6.7167952e-19   2.8638941e-19
       3.1539958       8.7522878   6.7188628e-19   2.8622908e-19
       3.1550883       8.7564372   6.7209339e-19   2.8606862e-19
       3.1561808       8.7605943   6.7230085e-19   2.8590802e-19
       3.1572733       8.7647590   6.7250865e-19   2.8574730e-19
       3.1583658       8.7689313   6.7271679e-19   2.8558645e-19
       3.1594582       8.7731114   6.7292529e-19   2.8542547e-19
       3.1605507       8.7772993   6.7313414e-19   2.8526436e-19
       3.1616432       8.7814948   6.7334334e-19   2.8510312e-19
       3.1627357       8.7856982   6.7355289e-19   2.8494175e-19
       3.1638282       8.7899093   6.7376279e-19   2.8478025e-19
       3.1649207       8.7941283   6.7397305e-19   2.8461861e-19
       3.1660131       8.7983552   6.7418367e-19   2.8445684e-19
       3.1671056       8.8025899   6.7439464e-19   2.8429495e-19
       3.1681981       8.8068326   6.7460597e-19   2.8413292e-19
       3.1692906       8.8110832   6.7481766e-19   2.8397075e-19
       3.1703831       8.8153417   6.7502971e-19   2.8380846e-19
       3.1714755       8.8196083   6.7524212e-19   2.8364603e-19
       3.1725680       8.8238828   6.7545489e-19   2.8348347e-19
       3.1736605       8.8281654   6.7566802e-19   2.8332077e-19
       3.1747530       8.8324560   6.7588152e-19   2.8315794e-19
       3.1758455       8.8367548   6.7609539e-19   2.8299498e-19
       3.1769380       8.8410617   6.7630962e-19   2.8283188e-19
       3.1780304       8.8453767   6.7652422e-19   2.8266864e-19
       3.1791229       8.8496999   6.7673919e-19   2.8250527e-19
       3.1802154       8.8540313   6.7695453e-19   2.8234177e-19
       3.1813079       8.8583709   6.7717024e-19   2.8217813e-19
       3.1824004       8.8627188   6.7738633e-19   2.8201435e-19
       3.1834928       8.8670750   6.7760278e-19   2.8185043e-19
       3.1845853       8.8714395   6.7781962e-19   2.8168638e-19
       3.1856778       8.8758123   6.7803683e-19   2.8152220e-19
       3.1867703       8.8801935   6.7825441e-19   2.8135787e-19
       3.1878628       8.8845831   6.7847238e-19   2.8119341e-19
       3.1889553       8.8889811   6.7869073e-19   2.8102881e-19
       3.1900477       8.8933876   6.7890945e-19   2.8086407e-19
       3.1911402       8.8978026   6.7912856e-19   2.8069919e-19
       3.1922327       8.9022260   6.7934805e-19   2.8053417e-19
       3.1933252       8.9066580   6.7956793e-19   2.8036901e-19
       3.1944177       8.9110986   6.7978820e-19   2.8020371e-19
       3.1955101       8.9155478   6.8000885e-19   2.8003828e-19
       3.1966026       8.9200056   6.8022989e-19   2.7987270e-19
       3.1976951       8.9244721   6.8045131e-19   2.7970698e-19
       3.1987876       8.9289472   6.8067313e-19   2.7954112e-19
       3.1998801       8.9334311   6.8089535e-19   2.7937512e-19
       3.2009726       8.9379237   6.8111795e-19   2.7920898e-19
       3.2020650       8.9424251   6.8134095e-19   2.7904269e-19
       3.2031575       8.9469353   6.8156435e-19   2.7887626e-19
       3.2042500       8.9514543   6.8178815e-19   2.7870969e-19
       3.2053425       8.9559822   6.8201234e-19   2.7854298e-19
       3.2064350       8.9605190   6.8223693e-19   2.7837612e-19
       3.2075275       8.9650647   6.8246193e-19   2.7820912e-19
       3.2086199       8.9696194   6.8268733e-19   2.7804198e-19
       3.2097124       8.9741831   6.8291313e-19   2.7787469e-19
       3.2108049       8.9787558   6.8313934e-19   2.7770726e-19
       3.2118974       8.9833375   6.8336595e-19   2.7753968e-19
       3.2129899       8.9879284   6.8359297e-19   2.7737195e-19
       3.2140823       8.9925283   6.8382040e-19   2.7720408e-19
       3.2151748       8.9971374   6.8404824e-19   2.7703606e-19
       3.2162673       9.0017557   6.8427650e-19   2.7686790e-19
       3.2173598       9.0063832   6.8450517e-19   2.7669959e-19
       3.2184523       9.0110200   6.8473425e-19   2.7653113e-19
       3.2195448       9.0156660   6.8496375e-19   2.7636253e-19
       3.2206372       9.0203213   6.8519366e-19   2.7619377e-19
       3.2217297       9.0249860   6.8542400e-19   2.7602487e-19
       3.2228222       9.0296600   6.8565476e-19   2.7585582e-19
       3.2239147       9.0343435   6.8588593e-19   2.7568662e-19
       3.2250072       9.0390364   6.8611754e-19   2.7551727e-19
       3.2260996       9.0437388   6.8634956e-19   2.7534777e-19
       3.2271921       9.0484507   6.8658201e-19   2.7517812e-19
       3.2282846       9.0531721   6.8681489e-19   2.7500832e-19
       3.2293771       9.0579031   6.8704820e-19   2.7483837e-19
       3.2304696       9.0626437   6.8728194e-19   2.7466827e-19
       3.2315621       9.0673940   6.8751611e-19   2.7449802e-19
       3.2326545       9.0721540   6.8775072e-19   2.7432761e-19
       3.2337470       9.0769236   6.8798576e-19   2.7415705e-19
       3.2348395       9.0817031   6.8822123e-19   2.7398634e-19
       3.2359320       9.0864923   6.8845715e-19   2.7381548e-19
       3.2370245       9.0912913   6.8869350e-19   2.7364446e-19
       3.2381170       9.0961002   6.8893029e-19   2.7347329e-19
       3.2392094       9.1009189   6.8916753e-19   2.7330196e-19
       3.2403019       9.1057476   6.8940521e-19   2.7313048e-19
       3.2413944       9.1105863   6.8964333e-19   2.7295884e-19
       3.2424869       9.1154350   6.8988191e-19   2.7278705e-19
       3.2435794       9.1202937   6.9012093e-19   2.7261511e-19
       3.2446718       9.1251624   6.9036040e-19   2.7244300e-19
       3.2457643       9.1300413   6.9060032e-19   2.7227074e-19
       3.2468568       9.1349304   6.9084070e-19   2.7209832e-19
       3.2479493       9.1398296   6.9108153e-19   2.7192575e-19
       3.2490418       9.1447390   6.9132281e-19   2.7175302e-19
       3.2501343       9.1496587   6.9156456e-19   2.7158012e-19
       3.2512267       9.1545887   6.9180676e-19   2.7140707e-19
       3.2523192       9.1595290   6.9204943e-19   2.7123386e-19
       3.2534117       9.1644797   6.9229256e-19   2.7106050e-19
       3.2545042       9.1694408   6.9253615e-19   2.7088697e-19
       3.2555967       9.1744124   6.9278021e-19   2.7071328e-19
       3.2566891       9.1793945   6.9302474e-19   2.7053943e-19
       3.2577816       9.1843870   6.9326973e-19   2.7036542e-19
       3.2588741       9.1893902   6.9351520e-19   2.7019125e-19
       3.2599666       9.1944039   6.9376114e-19   2.7001691e-19
       3.2610591       9.1994283   6.9400755e-19   2.6984242e-19
       3.2621516       9.2044634   6.9425444e-19   2.6966776e-19
       3.2632440       9.2095092   6.9450181e-19   2.6949293e-19
       3.2643365       9.2145658   6.9474965e-19   2.6931795e-19
       3.2654290       9.2196332   6.9499798e-19   2.6914280e-19
       3.2665215       9.2247114   6.9524679e-19   2.6896748e-19
       3.2676140       9.2298005   6.9549609e-19   2.6879200e-19
       3.2687064       9.2349005   6.9574587e-19   2.6861636e-19
       3.2697989       9.2400116   6.9599614e-19   2.6844054e-19
       3.2708914       9.2451336   6.9624689e-19   2.6826457e-19
       3.2719839       9.2502667   6.9649814e-19   2.6808842e-19
       3.2730764       9.2554108   6.9674989e-19   2.6791211e-19
       3.2741689       9.2605661   6.9700213e-19   2.6773563e-19
       3.2752613       9.2657326   6.9725486e-19   2.6755899e-19
       3.2763538       9.2709104   6.9750810e-19   2.6738217e-19
       3.2774463       9.2760993   6.9776183e-19   2.6720519e-19
       3.2785388       9.2812996   6.9801607e-19   2.6702803e-19
       3.2796313       9.2865113   6.9827081e-19   2.6685071e-19
       3.2807238       9.2917343   6.9852606e-19   2.6667322e-19
       3.2818162       9.2969688   6.9878181e-19   2.6649555e-19
       3.2829087       9.3022147   6.9903807e-19   2.6631772e-19
       3.2840012       9.3074722   6.9929485e-19   2.6613971e-19
       3.2850937       9.3127413   6.9955214e-19   2.6596153e-19
       3.2861862       9.3180220   6.9980994e-19   2.6578318e-19
       3.2872786       9.3233143   7.0006827e-19   2.6560466e-19
       3.2883711       9.3286184   7.0032711e-19   2.6542596e-19
       3.2894636       9.3339342   7.0058647e-19   2.6524709e-19
       3.2905561       9.3392618   7.0084635e-19   2.6506804e-19
       3.2916486       9.3446012   7.0110676e-19   2.6488882e-19
       3.2927411       9.3499526   7.0136770e-19   2.6470943e-19
       3.2938335       9.3553159   7.0162917e-19   2.6452985e-19
       3.2949260       9.3606911   7.0189116e-19   2.6435011e-19
       3.2960185       9.3660784   7.0215369e-19   2.6417018e-19
       3.2971110       9.3714778   7.0241675e-19   2.6399008e-19
       3.2982035       9.3768893   7.0268036e-19   2.6380980e-19
       3.2992959       9.3823130   7.0294449e-19   2.6362934e-19
       3.3003884       9.3877489   7.0320917e-19   2.6344870e-19
       3.3014809       9.3931971   7.0347440e-19   2.6326789e-19
       3.3025734       9.3986576   7.0374017e-19   2.6308689e-19
       3.3036659       9.4041305   7.0400648e-19   2.6290572e-19
       3.3047584       9.4096158   7.0427334e-19   2.6272436e-19
       3.3058508       9.4151136   7.0454076e-19   2.6254282e-19
       3.3069433       9.4206239   7.0480873e-19   2.6236110e-19
       3.3080358       9.4261467   7.0507725e-19   2.6217920e-19
       3.3091283       9.4316822   7.0534633e-19   2.6199712e-19
       3.3102208       9.4372304   7.0561597e-19   2.6181485e-19
       3.3113133       9.4427913   7.0588617e-19   2.6163240e-19
       3.3124057       9.4483649   7.0615694e-19   2.6144976e-19
       3.3134982       9.4539514   7.0642827e-19   2.6126694e-19
       3.3145907       9.4595508   7.0670017e-19   2.6108394e-19
       3.3156832       9.4651630   7.0697264e-19   2.6090075e-19
       3.3167757       9.4707883   7.0724568e-19   2.6071737e-19
       3.3178681       9.4764266   7.0751930e-19   2.6053380e-19
       3.3189606       9.4820780   7.0779350e-19   2.6035005e-19
       3.3200531       9.4877425   7.0806827e-19   2.6016611e-19
       3.3211456       9.4934203   7.0834363e-19   2.5998198e-19
       3.3222381       9.4991113   7.0861957e-19   2.5979767e-19
       3.3233306       9.5048155   7.0889609e-19   2.5961316e-19
       3.3244230       9.5105332   7.0917321e-19   2.5942846e-19
       3.3255155       9.5162643   7.0945091e-19   2.5924358e-19
       3.3266080       9.5220088   7.0972921e-19   2.5905850e-19
       3.3277005       9.5277669   7.1000810e-19   2.5887323e-19
       3.3287930       9.5335385   7.1028759e-19   2.5868777e-19
       3.3298854       9.5393238   7.1056768e-19   2.5850211e-19
       3.3309779       9.5451228   7.1084837e-19   2.5831626e-19
       3.3320704       9.5509355   7.1112967e-19   2.5813022e-19
       3.3331629       9.5567620   7.1141158e-19   2.5794399e-19
       3.3342554       9.5626024   7.1169409e-19   2.5775755e-19
       3.3353479       9.5684568   7.1197722e-19   2.5757093e-19
       3.3364403       9.5743251   7.1226096e-19   2.5738410e-19
       3.3375328       9.5802075   7.1254531e-19   2.5719708e-19
       3.3386253       9.5861039   7.1283029e-19   2.5700987e-19
       3.3397178       9.5920145   7.1311589e-19   2.5682245e-19
       3.3408103       9.5979394   7.1340211e-19   2.5663484e-19
       3.3419028       9.6038785   7.1368896e-19   2.5644703e-19
       3.3429952       9.6098320   7.1397644e-19   2.5625901e-19
       3.3440877       9.6157999   7.1426455e-19   2.5607080e-19
       3.3451802       9.6217822   7.1455330e-19   2.5588239e-19
       3.3462727       9.6277791   7.1484268e-19   2.5569377e-19
       3.3473652       9.6337906   7.1513270e-19   2.5550496e-19
       3.3484576       9.6398167   7.1542337e-19   2.5531594e-19
       3.3495501       9.6458575   7.1571468e-19   2.5512672e-19
       3.3506426       9.6519131   7.1600663e-19   2.5493729e-19
       3.3517351       9.6579836   7.1629924e-19   2.5474766e-19
       3.3528276       9.6640690   7.1659250e-19   2.5455782e-19
       3.3539201       9.6701693   7.1688642e-19   2.5436778e-19
       3.3550125       9.6762847   7.1718099e-19   2.5417754e-19
       3.3561050       9.6824151   7.1747623e-19   2.5398708e-19
       3.3571975       9.6885608   7.1777212e-19   2.5379642e-19
       3.3582900       9.6947216   7.1806869e-19   2.5360555e-19
       3.3593825       9.7008978   7.1836592e-19   2.5341447e-19
       3.3604749       9.7070893   7.1866383e-19   2.5322318e-19
       3.3615674       9.7132963   7.1896241e-19   2.5303169e-19
       3.3626599       9.7195188   7.1926166e-19   2.5283998e-19
       3.3637524       9.7257568   7.1956160e-19   2.5264806e-19
       3.3648449       9.7320105   7.1986222e-19   2.5245593e-19
       3.3659374       9.7382799   7.2016353e-19   2.5226358e-19
       3.3670298       9.7445650   7.2046553e-19   2.5207102e-19
       3.3681223       9.7508661   7.2076822e-19   2.5187825e-19
       3.3692148       9.7571830   7.2107160e-19   2.5168527e-19
       3.3703073       9.7635159   7.2137568e-19   2.5149206e-19
       3.3713998       9.7698649   7.2168046e-19   2.5129865e-19
       3.3724922       9.7762300   7.2198595e-19   2.5110501e-19
       3.3735847       9.7826113   7.2229214e-19   2.5091116e-19
       3.3746772       9.7890089   7.2259904e-19   2.5071709e-19
       3.3757697       9.7954229   7.2290665e-19   2.5052281e-19
       3.3768622       9.8018532   7.2321498e-19   2.5032830e-19
       3.3779547       9.8083001   7.2352403e-19   2.5013357e-19
       3.3790471       9.8147635   7.2383380e-19   2.4993863e-19
       3.3801396       9.8212436   7.2414430e-19   2.4974346e-19
       3.3812321       9.8277404   7.2445552e-19   2.4954807e-19
       3.3823246       9.8342540   7.2476748e-19   2.4935245e-19
       3.3834171       9.8407845   7.2508016e-19   2.4915662e-19
       3.3845096       9.8473320   7.2539359e-19   2.4896056e-19
       3.3856020       9.8538964   7.2570776e-19   2.4876427e-19
       3.3866945       9.8604780   7.2602267e-19   2.4856776e-19
       3.3877870       9.8670768   7.2633833e-19   2.4837102e-19
       3.3888795       9.8736928   7.2665474e-19   2.4817406e-19
       3.3899720       9.8803262   7.2697190e-19   2.4797687e-19
       3.3910644       9.8869770   7.2728982e-19   2.4777944e-19
       3.3921569       9.8936453   7.2760850e-19   2.4758179e-19
       3.3932494       9.9003312   7.2792795e-19   2.4738392e-19
       3.3943419       9.9070348   7.2824816e-19   2.4718580e-19
       3.3954344       9.9137561   7.2856914e-19   2.4698746e-19
       3.3965269       9.9204953   7.2889090e-19   2.4678889e-19
       3.3976193       9.9272524   7.2921343e-19   2.4659008e-19
       3.3987118       9.9340274   7.2953675e-19   2.4639104e-19
       3.3998043       9.9408206   7.2986084e-19   2.4619177e-19
       3.4008968       9.9476320   7.3018573e-19   2.4599226e-19
       3.4019893       9.9544616   7.3051141e-19   2.4579251e-19
       3.4030817       9.9613095   7.3083788e-19   2.4559253e-19
       3.4041742       9.9681759   7.3116515e-19   2.4539231e-19
       3.4052667       9.9750608   7.3149323e-19   2.4519185e-19
       3.4063592       9.9819643   7.3182211e-19   2.4499115e-19
       3.4074517       9.9888865   7.3215180e-19   2.4479021e-19
       3.4085442       9.9958275   7.3248230e-19   2.4458903e-19
       3.4096366       10.002787   7.3281362e-19   2.4438761e-19
       3.4107291       10.009766   7.3314576e-19   2.4418595e-19
       3.4118216       10.016764   7.3347872e-19   2.4398405e-19
       3.4129141       10.023781   7.3381251e-19   2.4378190e-19
       3.4140066       10.030817   7.3414714e-19   2.4357950e-19
       3.4150991       10.037873   7.3448259e-19   2.4337687e-19
       3.4161915       10.044948   7.3481889e-19   2.4317398e-19
       3.4172840       10.052043   7.3515603e-19   2.4297085e-19
       3.4183765       10.059157   7.3549402e-19   2.4276747e-19
       3.4194690       10.066291   7.3583286e-19   2.4256384e-19
       3.4205615       10.073444   7.3617256e-19   2.4235996e-19
       3.4216539       10.080618   7.3651311e-19   2.4215583e-19
       3.4227464       10.087812   7.3685453e-19   2.4195145e-19
       3.4238389       10.095025   7.3719681e-19   2.4174681e-19
       3.4249314       10.102259   7.3753997e-19   2.4154193e-19
       3.4260239       10.109513   7.3788400e-19   2.4133679e-19
       3.4271164       10.116788   7.3822891e-19   2.4113139e-19
       3.4282088       10.124083   7.3857470e-19   2.4092574e-19
       3.4293013       10.131399   7.3892138e-19   2.4071983e-19
       3.4303938       10.138735   7.3926896e-19   2.4051367e-19
       3.4314863       10.146093   7.3961743e-19   2.4030724e-19
       3.4325788       10.153471   7.3996680e-19   2.4010056e-19
       3.4336712       10.160870   7.4031707e-19   2.3989362e-19
       3.4347637       10.168290   7.4066825e-19   2.3968641e-19
       3.4358562       10.175732   7.4102035e-19   2.3947895e-19
       3.4369487       10.183195   7.4137336e-19   2.3927122e-19
       3.4380412       10.190679   7.4172730e-19   2.3906322e-19
       3.4391337       10.198185   7.4208216e-19   2.3885497e-19
       3.4402261       10.205712   7.4243795e-19   2.3864644e-19
       3.4413186       10.213262   7.4279468e-19   2.3843765e-19
       3.4424111       10.220833   7.4315235e-19   2.3822859e-19
       3.4435036       10.228426   7.4351097e-19   2.3801927e-19
       3.4445961       10.236041   7.4387053e-19   2.3780967e-19
       3.4456886       10.243679   7.4423105e-19   2.3759981e-19
       3.4467810       10.251339   7.4459252e-19   2.3738967e-19
       3.4478735       10.259021   7.4495496e-19   2.3717926e-19
       3.4489660       10.266726   7.4531837e-19   2.3696857e-19
       3.4500585       10.274454   7.4568274e-19   2.3675762e-19
       3.4511510       10.282204   7.4604810e-19   2.3654638e-19
       3.4522434       10.289978   7.4641444e-19   2.3633487e-19
       3.4533359       10.297774   7.4678176e-19   2.3612309e-19
       3.4544284       10.305593   7.4715008e-19   2.3591102e-19
       3.4555209       10.313436   7.4751940e-19   2.3569868e-19
       3.4566134       10.321303   7.4788971e-19   2.3548605e-19
       3.4577059       10.329192   7.4826104e-19   2.3527314e-19
       3.4587983       10.337106   7.4863337e-19   2.3505996e-19
       3.4598908       10.345043   7.4900673e-19   2.3484648e-19
       3.4609833       10.353004   7.4938110e-19   2.3463273e-19
       3.4620758       10.360989   7.4975650e-19   2.3441868e-19
       3.4631683       10.368999   7.5013294e-19   2.3420436e-19
       3.4642607       10.377032   7.5051041e-19   2.3398974e-19
       3.4653532       10.385090   7.5088893e-19   2.3377483e-19
       3.4664457       10.393173   7.5126849e-19   2.3355964e-19
       3.4675382       10.401280   7.5164911e-19   2.3334415e-19
       3.4686307       10.409412   7.5203079e-19   2.3312837e-19
       3.4697232       10.417569   7.5241353e-19   2.3291230e-19
       3.4708156       10.425751   7.5279734e-19   2.3269594e-19
       3.4719081       10.433959   7.5318223e-19   2.3247927e-19
       3.4730006       10.442192   7.5356820e-19   2.3226232e-19
       3.4740931       10.450450   7.5395525e-19   2.3204506e-19
       3.4751856       10.458734   7.5434340e-19   2.3182751e-19
       3.4762780       10.467043   7.5473265e-19   2.3160966e-19
       3.4773705       10.475379   7.5512300e-19   2.3139150e-19
       3.4784630       10.483740   7.5551446e-19   2.3117304e-19
       3.4795555       10.492128   7.5590703e-19   2.3095428e-19
       3.4806480       10.500543   7.5630073e-19   2.3073522e-19
       3.4817405       10.508983   7.5669555e-19   2.3051585e-19
       3.4828329       10.517451   7.5709151e-19   2.3029617e-19
       3.4839254       10.525945   7.5748860e-19   2.3007619e-19
       3.4850179       10.534466   7.5788685e-19   2.2985590e-19
       3.4861104       10.543014   7.5828624e-19   2.2963529e-19
       3.4872029       10.551589   7.5868679e-19   2.2941438e-19
       3.4882954       10.560192   7.5908850e-19   2.2919315e-19
       3.4893878       10.568823   7.5949138e-19   2.2897160e-19
       3.4904803       10.577481   7.5989544e-19   2.2874975e-19
       3.4915728       10.586167   7.6030068e-19   2.2852757e-19
       3.4926653       10.594881   7.6070711e-19   2.2830508e-19
       3.4937578       10.603623   7.6111474e-19   2.2808227e-19
       3.4948502       10.612393   7.6152356e-19   2.2785914e-19
       3.4959427       10.621192   7.6193360e-19   2.2763568e-19
       3.4970352       10.630020   7.6234485e-19   2.2741191e-19
       3.4981277       10.638877   7.6275732e-19   2.2718781e-19
       3.4992202       10.647762   7.6317102e-19   2.2696338e-19
       3.5003127       10.656677   7.6358595e-19   2.2673863e-19
       3.5014051       10.665621   7.6400213e-19   2.2651355e-19
       3.5024976       10.674595   7.6441955e-19   2.2628814e-19
       3.5035901       10.683598   7.6483823e-19   2.2606240e-19
       3.5046826       10.692631   7.6525818e-19   2.2583633e-19
       3.5057751       10.701694   7.6567939e-19   2.2560992e-19
       3.5068675       10.710788   7.6610188e-19   2.2538318e-19
       3.5079600       10.719911   7.6652565e-19   2.2515611e-19
       3.5090525       10.729066   7.6695071e-19   2.2492869e-19
       3.5101450       10.738251   7.6737707e-19   2.2470094e-19
       3.5112375       10.747467   7.6780474e-19   2.2447285e-19
       3.5123300       10.756714   7.6823372e-19   2.2424441e-19
       3.5134224       10.765992   7.6866402e-19   2.2401563e-19
       3.5145149       10.775302   7.6909564e-19   2.2378651e-19
       3.5156074       10.784644   7.6952860e-19   2.2355704e-19
       3.5166999       10.794017   7.6996291e-19   2.2332722e-19
       3.5177924       10.803423   7.7039857e-19   2.2309706e-19
       3.5188849       10.812861   7.7083558e-19   2.2286654e-19
       3.5199773       10.822331   7.7127396e-19   2.2263568e-19
       3.5210698       10.831834   7.7171371e-19   2.2240446e-19
       3.5221623       10.841369   7.7215485e-19   2.2217288e-19
       3.5232548       10.850938   7.7259738e-19   2.2194095e-19
       3.5243473       10.860540   7.7304130e-19   2.2170866e-19
       3.5254397       10.870175   7.7348663e-19   2.2147601e-19
       3.5265322       10.879844   7.7393338e-19   2.2124300e-19
       3.5276247       10.889547   7.7438154e-19   2.2100963e-19
       3.5287172       10.899284   7.7483114e-19   2.2077589e-19
       3.5298097       10.909056   7.7528218e-19   2.2054179e-19
       3.5309022       10.918862   7.7573466e-19   2.2030732e-19
       3.5319946       10.928702   7.7618861e-19   2.2007248e-19
       3.5330871       10.938578   7.7664402e-19   2.1983728e-19
       3.5341796       10.948488   7.7710090e-19   2.1960170e-19
       3.5352721       10.958434   7.7755926e-19   2.1936574e-19
       3.5363646       10.968416   7.7801912e-19   2.1912941e-19
       3.5374570       10.978433   7.7848047e-19   2.1889271e-19
       3.5385495       10.988486   7.7894334e-19   2.1865562e-19
       3.5396420       10.998576   7.7940773e-19   2.1841816e-19
       3.5407345       11.008702   7.7987364e-19   2.1818031e-19
       3.5418270       11.018865   7.8034109e-19   2.1794208e-19
       3.5429195       11.029065   7.8081009e-19   2.1770347e-19
       3.5440119       11.039302   7.8128064e-19   2.1746447e-19
       3.5451044       11.049577   7.8175276e-19   2.1722507e-19
       3.5461969       11.059889   7.8222645e-19   2.1698529e-19
       3.5472894       11.070239   7.8270173e-19   2.1674512e-19
       3.5483819       11.080628   7.8317860e-19   2.1650455e-19
       3.5494744       11.091055   7.8365708e-19   2.1626359e-19
       3.5505668       11.101520   7.8413717e-19   2.1602223e-19
       3.5516593       11.112025   7.8461889e-19   2.1578046e-19
       3.5527518       11.122568   7.8510224e-19   2.1553830e-19
       3.5538443       11.133151   7.8558724e-19   2.1529574e-19
       3.5549368       11.143774   7.8607389e-19   2.1505277e-19
       3.5560292       11.154437   7.8656220e-19   2.1480939e-19
       3.5571217       11.165140   7.8705220e-19   2.1456560e-19
       3.5582142       11.175884   7.8754388e-19   2.1432141e-19
       3.5593067       11.186668   7.8803726e-19   2.1407680e-19
       3.5603992       11.197493   7.8853234e-19   2.1383177e-19
       3.5614917       11.208360   7.8902915e-19   2.1358633e-19
       3.5625841       11.219269   7.8952768e-19   2.1334047e-19
       3.5636766       11.230219   7.9002796e-19   2.1309420e-19
       3.5647691       11.241211   7.9052999e-19   2.1284749e-19
       3.5658616       11.252246   7.9103378e-19   2.1260037e-19
       3.5669541       11.263324   7.9153935e-19   2.1235282e-19
       3.5680465       11.274445   7.9204671e-19   2.1210484e-19
       3.5691390       11.285609   7.9255586e-19   2.1185643e-19
       3.5702315       11.296816   7.9306683e-19   2.1160758e-19
       3.5713240       11.308068   7.9357962e-19   2.1135830e-19
       3.5724165       11.319364   7.9409424e-19   2.1110859e-19
       3.5735090       11.330704   7.9461071e-19   2.1085844e-19
       3.5746014       11.342090   7.9512904e-19   2.1060784e-19
       3.5756939       11.353520   7.9564923e-19   2.1035681e-19
       3.5767864       11.364996   7.9617132e-19   2.1010532e-19
       3.5778789       11.376518   7.9669529e-19   2.0985339e-19
       3.5789714       11.388086   7.9722118e-19   2.0960101e-19
       3.5800638       11.399700   7.9774899e-19   2.0934818e-19
       3.5811563       11.411362   7.9827873e-19   2.0909490e-19
       3.5822488       11.423070   7.9881042e-19   2.0884115e-19
       3.5833413       11.434826   7.9934407e-19   2.0858695e-19
       3.5844338       11.446629   7.9987970e-19   2.0833229e-19
       3.5855263       11.458481   8.0041731e-19   2.0807717e-19
       3.5866187       11.470382   8.0095693e-19   2.0782158e-19
       3.5877112       11.482331   8.0149856e-19   2.0756552e-19
       3.5888037       11.494329   8.0204222e-19   2.0730899e-19
       3.5898962       11.506377   8.0258792e-19   2.0705199e-19
       3.5909887       11.518475   8.0313568e-19   2.0679451e-19
       3.5920812       11.530623   8.0368551e-19   2.0653656e-19
       3.5931736       11.542822   8.0423743e-19   2.0627813e-19
       3.5942661       11.555072   8.0479145e-19   2.0601921e-19
       3.5953586       11.567373   8.0534758e-19   2.0575981e-19
       3.5964511       11.579726   8.0590584e-19   2.0549992e-19
       3.5975436       11.592132   8.0646625e-19   2.0523954e-19
       3.5986360       11.604589   8.0702882e-19   2.0497867e-19
       3.5997285       11.617100   8.0759357e-19   2.0471731e-19
       3.6008210       11.629664   8.0816051e-19   2.0445545e-19
       3.6019135       11.642282   8.0872965e-19   2.0419308e-19
       3.6030060       11.654955   8.0930102e-19   2.0393022e-19
       3.6040985       11.667681   8.0987463e-19   2.0366684e-19
       3.6051909       11.680463   8.1045049e-19   2.0340296e-19
       3.6062834       11.693300   8.1102863e-19   2.0313857e-19
       3.6073759       11.706193   8.1160905e-19   2.0287367e-19
       3.6084684       11.719142   8.1219178e-19   2.0260825e-19
       3.6095609       11.732149   8.1277683e-19   2.0234231e-19
       3.6106533       11.745212   8.1336422e-19   2.0207584e-19
       3.6117458       11.758332   8.1395397e-19   2.0180886e-19
       3.6128383       11.771511   8.1454609e-19   2.0154134e-19
       3.6139308       11.784749   8.1514060e-19   2.0127330e-19
       3.6150233       11.798045   8.1573752e-19   2.0100472e-19
       3.6161158       11.811401   8.1633687e-19   2.0073560e-19
       3.6172082       11.824816   8.1693866e-19   2.0046595e-19
       3.6183007       11.838292   8.1754292e-19   2.0019575e-19
       3.6193932       11.851829   8.1814967e-19   1.9992501e-19
       3.6204857       11.865427   8.1875891e-19   1.9965372e-19
       3.6215782       11.879087   8.1937067e-19   1.9938187e-19
       3.6226707       11.892810   8.1998498e-19   1.9910948e-19
       3.6237631       11.906595   8.2060184e-19   1.9883652e-19
       3.6248556       11.920443   8.2122128e-19   1.9856301e-19
       3.6259481       11.934356   8.2184333e-19   1.9828893e-19
       3.6270406       11.948333   8.2246799e-19   1.9801428e-19
       3.6281331       11.962374   8.2309529e-19   1.9773906e-19
       3.6292255       11.976481   8.2372525e-19   1.9746327e-19
       3.6303180       11.990654   8.2435789e-19   1.9718690e-19
       3.6314105       12.004894   8.2499324e-19   1.9690995e-19
       3.6325030       12.019201   8.2563131e-19   1.9663242e-19
       3.6335955       12.033575   8.2627212e-19   1.9635430e-19
       3.6346880       12.048018   8.2691570e-19   1.9607559e-19
       3.6357804       12.062529   8.2756207e-19   1.9579629e-19
       3.6368729       12.077110   8.2821125e-19   1.9551639e-19
       3.6379654       12.091760   8.2886327e-19   1.9523588e-19
       3.6390579       12.106482   8.2951814e-19   1.9495477e-19
       3.6401504       12.121274   8.3017589e-19   1.9467306e-19
       3.6412428       12.136138   8.3083655e-19   1.9439073e-19
       3.6423353       12.151075   8.3150013e-19   1.9410779e-19
       3.6434278       12.166084   8.3216667e-19   1.9382422e-19
       3.6445203       12.181167   8.3283618e-19   1.9354004e-19
       3.6456128       12.196324   8.3350868e-19   1.9325523e-19
       3.6467053       12.211557   8.3418422e-19   1.9296978e-19
       3.6477977       12.226865   8.3486280e-19   1.9268371e-19
       3.6488902       12.242249   8.3554446e-19   1.9239699e-19
       3.6499827       12.257710   8.3622923e-19   1.9210963e-19
       3.6510752       12.273248   8.3691712e-19   1.9182163e-19
       3.6521677       12.288865   8.3760816e-19   1.9153297e-19
       3.6532601       12.304561   8.3830238e-19   1.9124366e-19
       3.6543526       12.320336   8.3899981e-19   1.9095370e-19
       3.6554451       12.336192   8.3970048e-19   1.9066307e-19
       3.6565376       12.352129   8.4040441e-19   1.9037177e-19
       3.6576301       12.368148   8.4111163e-19   1.9007980e-19
       3.6587226       12.384249   8.4182217e-19   1.8978716e-19
       3.6598150       12.400434   8.4253605e-19   1.8949384e-19
       3.6609075       12.416703   8.4325332e-19   1.8919983e-19
       3.6620000       12.433057   8.4397399e-19   1.8890514e-19
       3.6630925       12.449496   8.4469810e-19   1.8860975e-19
       3.6641850       12.466022   8.4542567e-19   1.8831367e-19
       3.6652775       12.482636   8.4615675e-19   1.8801688e-19
       3.6663699       12.499337   8.4689135e-19   1.8771939e-19
       3.6674624       12.516127   8.4762951e-19   1.8742118e-19
       3.6685549       12.533007   8.4837127e-19   1.8712227e-19
       3.6696474       12.549978   8.4911665e-19   1.8682263e-19
       3.6707399       12.567040   8.4986568e-19   1.8652226e-19
       3.6718323       12.584195   8.5061841e-19   1.8622117e-19
       3.6729248       12.601443   8.5137486e-19   1.8591934e-19
       3.6740173       12.618784   8.5213507e-19   1.8561677e-19
       3.6751098       12.636221   8.5289908e-19   1.8531346e-19
       3.6762023       12.653754   8.5366691e-19   1.8500939e-19
       3.6772948       12.671384   8.5443861e-19   1.8470457e-19
       3.6783872       12.689112   8.5521420e-19   1.8439899e-19
       3.6794797       12.706938   8.5599373e-19   1.8409265e-19
       3.6805722       12.724865   8.5677724e-19   1.8378553e-19
       3.6816647       12.742892   8.5756475e-19   1.8347764e-19
       3.6827572       12.761021   8.5835632e-19   1.8316897e-19
       3.6838496       12.779253   8.5915197e-19   1.8285951e-19
       3.6849421       12.797588   8.5995175e-19   1.8254926e-19
       3.6860346       12.816029   8.6075569e-19   1.8223821e-19
       3.6871271       12.834575   8.6156384e-19   1.8192635e-19
       3.6882196       12.853229   8.6237623e-19   1.8161369e-19
       3.6893121       12.871990   8.6319291e-19   1.8130021e-19
       3.6904045       12.890861   8.6401393e-19   1.8098591e-19
       3.6914970       12.909842   8.6483931e-19   1.8067078e-19
       3.6925895       12.928935   8.6566911e-19   1.8035482e-19
       3.6936820       12.948141   8.6650337e-19   1.8003803e-19
       3.6947745       12.967460   8.6734213e-19   1.7972038e-19
       3.6958670       12.986894   8.6818544e-19   1.7940189e-19
       3.6969594       13.006445   8.6903335e-19   1.7908253e-19
       3.6980519       13.026113   8.6988589e-19   1.7876232e-19
       3.6991444       13.045900   8.7074313e-19   1.7844123e-19
       3.7002369       13.065807   8.7160510e-19   1.7811926e-19
       3.7013294       13.085835   8.7247185e-19   1.7779641e-19
       3.7024218       13.105986   8.7334343e-19   1.7747267e-19
       3.7035143       13.126261   8.7421990e-19   1.7714804e-19
       3.7046068       13.146661   8.7510130e-19   1.7682250e-19
       3.7056993       13.167188   8.7598769e-19   1.7649605e-19
       3.7067918       13.187843   8.7687911e-19   1.7616868e-19
       3.7078843       13.208628   8.7777563e-19   1.7584038e-19
       3.7089767       13.229543   8.7867728e-19   1.7551116e-19
       3.7100692       13.250591   8.7958414e-19   1.7518099e-19
       3.7111617       13.271773   8.8049625e-19   1.7484988e-19
       3.7122542       13.293090   8.8141367e-19   1.7451781e-19
       3.7133467       13.314545   8.8233646e-19   1.7418478e-19
       3.7144391       13.336137   8.8326467e-19   1.7385078e-19
       3.7155316       13.357870   8.8419837e-19   1.7351580e-19
       3.7166241       13.379745   8.8513762e-19   1.7317984e-19
       3.7177166       13.401763   8.8608247e-19   1.7284289e-19
       3.7188091       13.423926   8.8703299e-19   1.7250493e-19
       3.7199016       13.446235   8.8798924e-19   1.7216596e-19
       3.7209940       13.468694   8.8895129e-19   1.7182598e-19
       3.7220865       13.491302   8.8991919e-19   1.7148497e-19
       3.7231790       13.514062   8.9089302e-19   1.7114292e-19
       3.7242715       13.536976   8.9187285e-19   1.7079983e-19
       3.7253640       13.560046   8.9285874e-19   1.7045569e-19
       3.7264565       13.583273   8.9385076e-19   1.7011049e-19
       3.7275489       13.606660   8.9484898e-19   1.6976422e-19
       3.7286414       13.630208   8.9585348e-19   1.6941686e-19
       3.7297339       13.653920   8.9686432e-19   1.6906842e-19
       3.7308264       13.677797   8.9788159e-19   1.6871889e-19
       3.7319189       13.701841   8.9890535e-19   1.6836824e-19
       3.7330113       13.726055   8.9993569e-19   1.6801648e-19
       3.7341038       13.750440   9.0097268e-19   1.6766358e-19
       3.7351963       13.774999   9.0201640e-19   1.6730956e-19
       3.7362888       13.799735   9.0306694e-19   1.6695438e-19
       3.7373813       13.824648   9.0412437e-19   1.6659805e-19
       3.7384738       13.849742   9.0518878e-19   1.6624055e-19
       3.7395662       13.875019   9.0626025e-19   1.6588187e-19
       3.7406587       13.900481   9.0733888e-19   1.6552201e-19
       3.7417512       13.926130   9.0842475e-19   1.6516094e-19
       3.7428437       13.951970   9.0951795e-19   1.6479867e-19
       3.7439362       13.978002   9.1061857e-19   1.6443517e-19
       3.7450286       14.004230   9.1172670e-19   1.6407044e-19
       3.7461211       14.030655   9.1284245e-19   1.6370446e-19
       3.7472136       14.057280   9.1396591e-19   1.6333723e-19
       3.7483061       14.084109   9.1509717e-19   1.6296872e-19
       3.7493986       14.111143   9.1623634e-19   1.6259894e-19
       3.7504911       14.138386   9.1738352e-19   1.6222787e-19
       3.7515835       14.165841   9.1853881e-19   1.6185549e-19
       3.7526760       14.193509   9.1970233e-19   1.6148179e-19
       3.7537685       14.221396   9.2087417e-19   1.6110676e-19
       3.7548610       14.249503   9.2205446e-19   1.6073039e-19
       3.7559535       14.277833   9.2324329e-19   1.6035267e-19
       3.7570459       14.306390   9.2444080e-19   1.5997357e-19
       3.7581384       14.335177   9.2564709e-19   1.5959309e-19
       3.7592309       14.364197   9.2686229e-19   1.5921121e-19
       3.7603234       14.393453   9.2808651e-19   1.5882792e-19
       3.7614159       14.422950   9.2931988e-19   1.5844320e-19
       3.7625084       14.452690   9.3056254e-19   1.5805704e-19
       3.7636008       14.482678   9.3181460e-19   1.5766943e-19
       3.7646933       14.512916   9.3307620e-19   1.5728034e-19
       3.7657858       14.543408   9.3434747e-19   1.5688977e-19
       3.7668783       14.574159   9.3562856e-19   1.5649770e-19
       3.7679708       14.605172   9.3691960e-19   1.5610411e-19
       3.7690633       14.636451   9.3822074e-19   1.5570898e-19
       3.7701557       14.668000   9.3953212e-19   1.5531231e-19
       3.7712482       14.699824   9.4085390e-19   1.5491406e-19
       3.7723407       14.731926   9.4218622e-19   1.5451424e-19
       3.7734332       14.764311   9.4352925e-19   1.5411281e-19
       3.7745257       14.796984   9.4488313e-19   1.5370977e-19
       3.7756181       14.829948   9.4624805e-19   1.5330508e-19
       3.7767106       14.863209   9.4762415e-19   1.5289875e-19
       3.7778031       14.896772   9.4901162e-19   1.5249073e-19
       3.7788956       14.930640   9.5041062e-19   1.5208103e-19
       3.7799881       14.964820   9.5182134e-19   1.5166961e-19
       3.7810806       14.999316   9.5324396e-19   1.5125647e-19
       3.7821730       15.034134   9.5467866e-19   1.5084157e-19
       3.7832655       15.069278   9.5612564e-19   1.5042489e-19
       3.7843580       15.104754   9.5758508e-19   1.5000643e-19
       3.7854505       15.140569   9.5905720e-19   1.4958615e-19
       3.7865430       15.176727   9.6054219e-19   1.4916404e-19
       3.7876354       15.213234   9.6204026e-19   1.4874006e-19
       3.7887279       15.250097   9.6355163e-19   1.4831421e-19
       3.7898204       15.287322   9.6507652e-19   1.4788646e-19
       3.7909129       15.324914   9.6661515e-19   1.4745677e-19
       3.7920054       15.362881   9.6816775e-19   1.4702514e-19
       3.7930979       15.401229   9.6973455e-19   1.4659153e-19
       3.7941903       15.439965   9.7131581e-19   1.4615593e-19
       3.7952828       15.479096   9.7291177e-19   1.4571830e-19
       3.7963753       15.518629   9.7452267e-19   1.4527861e-19
       3.7974678       15.558572   9.7614879e-19   1.4483685e-19
       3.7985603       15.598931   9.7779038e-19   1.4439299e-19
       3.7996528       15.639715   9.7944773e-19   1.4394700e-19
       3.8007452       15.680933   9.8112112e-19   1.4349884e-19
       3.8018377       15.722590   9.8281082e-19   1.4304850e-19
       3.8029302       15.764698   9.8451715e-19   1.4259594e-19
       3.8040227       15.807263   9.8624040e-19   1.4214113e-19
       3.8051152       15.850295   9.8798088e-19   1.4168404e-19
       3.8062076       15.893804   9.8973892e-19   1.4122465e-19
       3.8073001       15.937797   9.9151484e-19   1.4076291e-19
       3.8083926       15.982286   9.9330899e-19   1.4029880e-19
       3.8094851       16.027280   9.9512171e-19   1.3983228e-19
       3.8105776       16.072789   9.9695337e-19   1.3936331e-19
       3.8116701       16.118824   9.9880432e-19   1.3889187e-19
       3.8127625       16.165395   1.0006749e-18   1.3841792e-19
       3.8138550       16.212515   1.0025656e-18   1.3794142e-19
       3.8149475       16.260193   1.0044768e-18   1.3746232e-19
       3.8160400       16.308443   1.0064088e-18   1.3698061e-19
       3.8171325       16.357276   1.0083622e-18   1.3649622e-19
       3.8182249       16.406705   1.0103373e-18   1.3600913e-19
       3.8193174       16.456743   1.0123345e-18   1.3551930e-19
       3.8204099       16.507404   1.0143545e-18   1.3502667e-19
       3.8215024       16.558701   1.0163975e-18   1.3453121e-19
       3.8225949       16.610648   1.0184642e-18   1.3403287e-19
       3.8236874       16.663260   1.0205551e-18   1.3353160e-19
       3.8247798       16.716553   1.0226706e-18   1.3302736e-19
       3.8258723       16.770542   1.0248113e-18   1.3252011e-19
       3.8269648       16.825244   1.0269778e-18   1.3200978e-19
       3.8280573       16.880675   1.0291706e-18   1.3149633e-19
       3.8291498       16.936852   1.0313904e-18   1.3097971e-19
       3.8302423       16.993794   1.0336377e-18   1.3045987e-19
       3.8313347       17.051519   1.0359132e-18   1.2993674e-19
       3.8324272       17.110047   1.0382176e-18   1.2941027e-19
       3.8335197       17.169397   1.0405515e-18   1.2888041e-19
       3.8346122       17.229590   1.0429157e-18   1.2834708e-19
       3.8357047       17.290648   1.0453108e-18   1.2781024e-19
       3.8367971       17.352593   1.0477377e-18   1.2726982e-19
       3.8378896       17.415447   1.0501971e-18   1.2672575e-19
       3.8389821       17.479236   1.0526898e-18   1.2617796e-19
       3.8400746       17.543983   1.0552167e-18   1.2562639e-19
       3.8411671       17.609714   1.0577787e-18   1.2507096e-19
       3.8422596       17.676457   1.0603766e-18   1.2451160e-19
       3.8433520       17.744238   1.0630114e-18   1.2394823e-19
       3.8444445       17.813088   1.0656841e-18   1.2338077e-19
       3.8455370       17.883036   1.0683957e-18   1.2280915e-19
       3.8466295       17.954113   1.0711472e-18   1.2223328e-19
       3.8477220       18.026353   1.0739398e-18   1.2165307e-19
       3.8488144       18.099789   1.0767746e-18   1.2106843e-19
       3.8499069       18.174457   1.0796527e-18   1.2047927e-19
       3.8509994       18.250394   1.0825755e-18   1.1988550e-19
       3.8520919       18.327639   1.0855443e-18   1.1928701e-19
       3.8531844       18.406232   1.0885603e-18   1.1868370e-19
       3.8542769       18.486215   1.0916250e-18   1.1807547e-19
       3.8553693       18.567632   1.0947398e-18   1.1746221e-19
       3.8564618       18.650530   1.0979063e-18   1.1684380e-19
       3.8575543       18.734957   1.1011261e-18   1.1622012e-19
       3.8586468       18.820964   1.1044009e-18   1.1559106e-19
       3.8597393       18.908603   1.1077324e-18   1.1495648e-19
       3.8608317       18.997930   1.1111224e-18   1.1431625e-19
       3.8619242       19.089004   1.1145730e-18   1.1367023e-19
       3.8630167       19.181886   1.1180860e-18   1.1301828e-19
       3.8641092       19.276641   1.1216637e-18   1.1236026e-19
       3.8652017       19.373337   1.1253083e-18   1.1169600e-19
       3.8662942       19.472045   1.1290220e-18   1.1102534e-19
       3.8673866       19.572840   1.1328074e-18   1.1034812e-19
       3.8684791       19.675802   1.1366671e-18   1.0966416e-19
       3.8695716       19.781014   1.1406037e-18   1.0897328e-19
       3.8706641       19.888566   1.1446203e-18   1.0827527e-19
       3.8717566       19.998551   1.1487197e-18   1.0756996e-19
       3.8728491       20.111068   1.1529052e-18   1.0685711e-19
       3.8739415       20.226222   1.1571803e-18   1.0613652e-19
       3.8750340       20.344124   1.1615484e-18   1.0540795e-19
       3.8761265       20.464894   1.1660135e-18   1.0467116e-19
       3.8772190       20.588656   1.1705795e-18   1.0392590e-19
       3.8783115       20.715544   1.1752507e-18   1.0317190e-19
       3.8794039       20.845702   1.1800318e-18   1.0240888e-19
       3.8804964       20.979281   1.1849275e-18   1.0163655e-19
       3.8815889       21.116443   1.1899430e-18   1.0085458e-19
       3.8826814       21.257362   1.1950838e-18   1.0006266e-19
       3.8837739       21.402225   1.2003559e-18   9.9260442e-20
       3.8848664       21.551231   1.2057655e-18   9.8447550e-20
       3.8859588       21.704594   1.2113193e-18   9.7623600e-20
       3.8870513       21.862545   1.2170248e-18   9.6788179e-20
       3.8881438       22.025333   1.2228895e-18   9.5940851e-20
       3.8892363       22.193225   1.2289220e-18   9.5081149e-20
       3.8903288       22.366513   1.2351312e-18   9.4208581e-20
       3.8914212       22.545511   1.2415270e-18   9.3322617e-20
       3.8925137       22.730559   1.2481199e-18   9.2422695e-20
       3.8936062       22.922031   1.2549213e-18   9.1508212e-20
       3.8946987       23.120330   1.2619439e-18   9.0578523e-20
       3.8957912       23.325899   1.2692011e-18   8.9632934e-20
       3.8968837       23.539224   1.2767078e-18   8.8670700e-20
       3.8979761       23.760837   1.2844802e-18   8.7691018e-20
       3.8990686       23.991326   1.2925362e-18   8.6693021e-20
       3.9001611       24.231338   1.3008953e-18   8.5675770e-20
       3.9012536       24.481591   1.3095791e-18   8.4638244e-20
       3.9023461       24.742884   1.3186118e-18   8.3579337e-20
       3.9034386       25.016108   1.3280197e-18   8.2497837e-20
       3.9045310       25.302260   1.3378327e-18   8.1392422e-20
       3.9056235       25.602460   1.3480839e-18   8.0261639e-20
       3.9067160       25.917975   1.3588105e-18   7.9103888e-20
       3.9078085       26.250239   1.3700546e-18   7.7917400e-20
       3.9089010       26.600888   1.3818639e-18   7.6700215e-20
       3.9099934       26.971796   1.3942927e-18   7.5450146e-20
       3.9110859       27.365122   1.4074031e-18   7.4164745e-20
       3.9121784       27.783371   1.4212668e-18   7.2841262e-20
       3.9132709       28.229466   1.4359669e-18   7.1476582e-20
       3.9143634       28.706847   1.4516004e-18   7.0067167e-20
       3.9143634       29.678584   1.7388189e-18   7.8961630e-20
       3.9154559       30.108189   1.7884668e-18   7.9104271e-20
       3.9165483       30.573401   1.8376397e-18   7.9026190e-20
       3.9176408       31.076724   1.8861424e-18   7.8719824e-20
       3.9187333       31.620735   1.9337757e-18   7.8180489e-20
       3.9198258       32.208059   1.9803393e-18   7.7406748e-20
       3.9209183       32.841331   2.0256348e-18   7.6400701e-20
       3.9220107       33.523163   2.0694690e-18   7.5168178e-20
       3.9231032       34.256085   2.1116567e-18   7.3718819e-20
       3.9241957       35.042490   2.1520232e-18   7.2066001e-20
       3.9252882       35.884555   2.1904066e-18   7.0226619e-20
       3.9263807       36.784159   2.2266583e-18   6.8220719e-20
       3.9274732       37.742784   2.2606429e-18   6.6070965e-20
       3.9285656       38.761410   2.2922357e-18   6.3801999e-20
       3.9296581       39.840397   2.3213186e-18   6.1439679e-20
       3.9307506       40.979366   2.3477739e-18   5.9010266e-20
       3.9318431       42.177079   2.3714756e-18   5.6539590e-20
       3.9329356       43.431327   2.3922790e-18   5.4052241e-20
       3.9340281       44.738837   2.4100085e-18   5.1570839e-20
       3.9351205       46.095196   2.4244453e-18   4.9115423e-20
       3.9362130       47.494819   2.4353161e-18   4.6703002e-20
       3.9373055       48.930956   2.4422843e-18   4.4347280e-20
       3.9383980       50.395754   2.4449467e-18   4.2058590e-20
       3.9394905       51.880380   2.4428381e-18   3.9844020e-20
       3.9405829       53.375192   2.4354457e-18   3.7707727e-20
       3.9416754       54.869979   2.4222349e-18   3.5651409e-20
       3.9427679       56.354235   2.4026871e-18   3.3674882e-20
       3.9438604       57.817465   2.3763468e-18   3.1776724e-20
       3.9449529       59.249507   2.3428735e-18   2.9954889e-20
       3.9460454       60.640834   2.3020919e-18   2.8207250e-20
       3.9471378       61.982839   2.2540326e-18   2.6532005e-20
       3.9482303       63.268055   2.1989557e-18   2.4927908e-20
       3.9493228       64.490332   2.1373527e-18   2.3394313e-20
       3.9504153       65.644926   2.0699248e-18   2.1931078e-20
       3.9515078       66.728533   1.9975421e-18   2.0538353e-20
       3.9526002       67.739249   1.9211886e-18   1.9216319e-20
       3.9536927       68.676483   1.8419021e-18   1.7964951e-20
       3.9547852       69.540817   1.7607169e-18   1.6783820e-20
       3.9558777       70.333848   1.6786149e-18   1.5671983e-20
       3.9569702       71.058013   1.5964895e-18   1.4627935e-20
       3.9580627       71.716403   1.5151225e-18   1.3649646e-20
       3.9591551       72.312595   1.4351729e-18   1.2734626e-20
       3.9602476       72.850491   1.3571765e-18   1.1880034e-20
       3.9613401       73.334180   1.2815520e-18   1.1082779e-20
       3.9624326       73.767819   1.2086118e-18   1.0339630e-20
       3.9635251       74.155533   1.1385750e-18   9.6473054e-21
       3.9646175       74.501342   1.0715823e-18   9.0025508e-21
       3.9657100       74.809104   1.0077085e-18   8.4021929e-21
       3.9668025       75.082471   9.4697571e-19   7.8431836e-21
       3.9678950       75.324865   8.8936419e-19   7.3226263e-21
       3.9689875       75.539463   8.3482180e-19   6.8377917e-21
       3.9700800       75.729194   7.8327201e-19   6.3861246e-21
       3.9711724       75.896734   7.3462049e-19   5.9652448e-21
       3.9722649       76.044521   6.8876038e-19   5.5729420e-21
       3.9733574       76.174758   6.4557661e-19   5.2071692e-21
       3.9744499       76.289435   6.0494923e-19   4.8660335e-21
       3.9755424       76.390335   5.6675611e-19   4.5477859e-21
       3.9766349       76.479056   5.3087491e-19   4.2508111e-21
       3.9777273       76.557024   4.9718465e-19   3.9736172e-21
       3.9788198       76.625506   4.6556688e-19   3.7148261e-21
       3.9799123       76.685631   4.3590650e-19   3.4731637e-21
       3.9810048       76.738397   4.0809236e-19   3.2474517e-21
       3.9820973       76.784689   3.8201766e-19   3.0365994e-21
       3.9831897       76.825291   3.5758022e-19   2.8395967e-21
       3.9842822       76.860891   3.3468259e-19   2.6555068e-21
       3.9853747       76.892098   3.1323209e-19   2.4834609e-21
       3.9864672       76.919450   2.9314080e-19   2.3226522e-21
       3.9875597       76.943417   2.7432547e-19   2.1723310e-21
       3.9886522       76.964417   2.5670742e-19   2.0318003e-21
       3.9897446       76.982813   2.4021237e-19   1.9004116e-21
       3.9908371       76.998926   2.2477029e-19   1.7775613e-21
       3.9919296       77.013039   2.1031525e-19   1.6626870e-21
       3.9930221       77.025399   1.9678518e-19   1.5552649e-21
       3.9941146       77.036221   1.8412174e-19   1.4548064e-21
       3.9952070       77.045698   1.7227012e-19   1.3608559e-21
       3.9962995       77.053996   1.6117884e-19   1.2729884e-21
       3.9973920       77.061260   1.5079958e-19   1.1908073e-21
       3.9984845       77.067620   1.4108701e-19   1.1139423e-21
       3.9995770       77.073188   1.3199861e-19   1.0420474e-21
       4.0006695       77.078062   1.2349452e-19   9.7479990e-22
       4.0017619       77.082329   1.1553739e-19   9.1189798e-22
       4.0028544       77.086064   1.0809220e-19   8.5305981e-22
       4.0039469       77.089333   1.0112615e-19   7.9802197e-22
       4.0050394       77.092195   9.4608527e-20   7.4653830e-22
       4.0061319       77.094699   8.8510550e-20   6.9837869e-22
       4.0072244       77.096892   8.2805276e-20   6.5332805e-22
       4.0083168       77.098811   7.7467478e-20   6.1118530e-22
       4.0094093       77.100490   7.2473537e-20   5.7176240e-22
       4.0105018       77.101961   6.7801343e-20   5.3488356e-22
       4.0115943       77.103247   6.3430202e-20   5.0038440e-22
       4.0126868       77.104373   5.9340742e-20   4.6811118e-22
       4.0137792       77.105359   5.5514835e-20   4.3792013e-22
       4.0148717       77.106222   5.1935513e-20   4.0967681e-22
       4.0159642       77.106977   4.8586900e-20   3.8325546e-22
       4.0170567       77.107638   4.5454137e-20   3.5853846e-22
       4.0181492       77.108216   4.2523321e-20   3.3541581e-22
       4.0192417       77.108722   3.9781441e-20   3.1378462e-22
       4.0203341       77.109165   3.7216326e-20   2.9354863e-22
       4.0214266       77.109553   3.4816584e-20   2.7461782e-22
       4.0225191       77.109892   3.2571560e-20   2.5690799e-22
       4.0236116       77.110189   3.0471281e-20   2.4034035e-22
       4.0247041       77.110449   2.8506418e-20   2.2484123e-22
       4.0257965       77.110677   2.6668243e-20   2.1034169e-22
       4.0268890       77.110876   2.4948589e-20   1.9677725e-22
       4.0279815       77.111050   2.3339817e-20   1.8408760e-22
       4.0290740       77.111202   2.1834778e-20   1.7221632e-22
       4.0301665       77.111336   2.0426784e-20   1.6111061e-22
       4.0312590       77.111453   1.9109579e-20   1.5072110e-22
       4.0323514       77.111555   1.7877309e-20   1.4100160e-22
       4.0334439       77.111644   1.6724499e-20   1.3190890e-22
       4.0345364       77.111723   1.5646025e-20   1.2340256e-22
       4.0356289       77.111791   1.4637095e-20   1.1544479e-22
       4.0367214       77.111851   1.3693223e-20   1.0800019e-22
       4.0378138       77.111904   1.2810216e-20   1.0103567e-22
       4.0389063       77.111950   1.1984148e-20   9.4520273e-23
       4.0399988       77.111990   1.1211348e-20   8.8425035e-23
       4.0410913       77.112025   1.0488382e-20   8.2722859e-23
       4.0421838       77.112056   9.8120362e-21   7.7388397e-23
       4.0432763       77.112083   9.1793040e-21   7.2397936e-23
       4.0443687       77.112106   8.5873734e-21   6.7729292e-23
       4.0454612       77.112127   8.0336133e-21   6.3361711e-23
       4.0465537       77.112145   7.5155624e-21   5.9275779e-23
       4.0476462       77.112161   7.0309180e-21   5.5453333e-23
       4.0487387       77.112175   6.5775259e-21   5.1877382e-23
       4.0498312       77.112187   6.1533710e-21   4.8532030e-23
