    0.0010889098       5.0036398   3.2924260e-19   4.5744612e-19
     0.011978008       5.0071281   3.2939228e-19   4.5706973e-19
     0.022867106       5.0106256   3.2954231e-19   4.5669291e-19
     0.033756204       5.0141323   3.2969271e-19   4.5631568e-19
     0.044645302       5.0176483   3.2984346e-19   4.5593802e-19
     0.055534400       5.0211736   3.2999458e-19   4.5555994e-19
     0.066423498       5.0247084   3.3014606e-19   4.5518143e-19
     0.077312596       5.0282525   3.3029791e-19   4.5480250e-19
     0.088201694       5.0318061   3.3045012e-19   4.5442314e-19
     0.099090792       5.0353691   3.3060270e-19   4.5404335e-19
      0.10997989       5.0389418   3.3075565e-19   4.5366312e-19
      0.12086899       5.0425240   3.3090897e-19   4.5328247e-19
      0.13175809       5.0461159   3.3106267e-19   4.5290138e-19
      0.14264718       5.0497174   3.3121674e-19   4.5251986e-19
      0.15353628       5.0533287   3.3137119e-19   4.5213790e-19
      0.16442538       5.0569497   3.3152602e-19   4.5175550e-19
      0.17531448       5.0605806   3.3168123e-19   4.5137267e-19
      0.18620358       5.0642213   3.3183682e-19   4.5098939e-19
      0.19709267       5.0678719   3.3199279e-19   4.5060567e-19
      0.20798177       5.0715325   3.3214915e-19   4.5022151e-19
      0.21887087       5.0752031   3.3230589e-19   4.4983691e-19
      0.22975997       5.0788838   3.3246302e-19   4.4945185e-19
      0.24064907       5.0825745   3.3262055e-19   4.4906635e-19
      0.25153817       5.0862754   3.3277846e-19   4.4868041e-19
      0.26242726       5.0899866   3.3293677e-19   4.4829401e-19
      0.27331636       5.0937079   3.3309548e-19   4.4790715e-19
      0.28420546       5.0974396   3.3325458e-19   4.4751985e-19
      0.29509456       5.1011816   3.3341409e-19   4.4713209e-19
      0.30598366       5.1049340   3.3357399e-19   4.4674387e-19
      0.31687275       5.1086969   3.3373430e-19   4.4635520e-19
      0.32776185       5.1124702   3.3389501e-19   4.4596607e-19
      0.33865095       5.1162541   3.3405613e-19   4.4557647e-19
      0.34954005       5.1200486   3.3421766e-19   4.4518641e-19
      0.36042915       5.1238538   3.3437960e-19   4.4479589e-19
      0.37131824       5.1276697   3.3454195e-19   4.4440490e-19
      0.38220734       5.1314963   3.3470472e-19   4.4401345e-19
      0.39309644       5.1353338   3.3486790e-19   4.4362153e-19
      0.40398554       5.1391821   3.3503151e-19   4.4322913e-19
      0.41487464       5.1430413   3.3519553e-19   4.4283627e-19
      0.42576373       5.1469116   3.3535997e-19   4.4244293e-19
      0.43665283       5.1507928   3.3552484e-19   4.4204912e-19
      0.44754193       5.1546851   3.3569014e-19   4.4165483e-19
      0.45843103       5.1585886   3.3585586e-19   4.4126006e-19
      0.46932013       5.1625033   3.3602201e-19   4.4086481e-19
      0.48020922       5.1664292   3.3618860e-19   4.4046908e-19
      0.49109832       5.1703664   3.3635562e-19   4.4007287e-19
      0.50198742       5.1743150   3.3652308e-19   4.3967617e-19
      0.51287652       5.1782750   3.3669097e-19   4.3927899e-19
      0.52376562       5.1822465   3.3685931e-19   4.3888131e-19
      0.53465471       5.1862295   3.3702809e-19   4.3848315e-19
      0.54554381       5.1902242   3.3719731e-19   4.3808450e-19
      0.55643291       5.1942305   3.3736698e-19   4.3768535e-19
      0.56732201       5.1982485   3.3753710e-19   4.3728571e-19
      0.57821111       5.2022782   3.3770768e-19   4.3688557e-19
      0.58910020       5.2063199   3.3787870e-19   4.3648494e-19
      0.59998930       5.2103734   3.3805018e-19   4.3608380e-19
      0.61087840       5.2144388   3.3822212e-19   4.3568216e-19
      0.62176750       5.2185163   3.3839452e-19   4.3528002e-19
      0.63265660       5.2226059   3.3856738e-19   4.3487737e-19
      0.64354569       5.2267076   3.3874071e-19   4.3447422e-19
      0.65443479       5.2308216   3.3891451e-19   4.3407056e-19
      0.66532389       5.2349478   3.3908877e-19   4.3366638e-19
      0.67621299       5.2390863   3.3926351e-19   4.3326170e-19
      0.68710209       5.2432372   3.3943872e-19   4.3285650e-19
      0.69799119       5.2474006   3.3961440e-19   4.3245078e-19
      0.70888028       5.2515766   3.3979057e-19   4.3204455e-19
      0.71976938       5.2557651   3.3996721e-19   4.3163779e-19
      0.73065848       5.2599663   3.4014434e-19   4.3123052e-19
      0.74154758       5.2641802   3.4032196e-19   4.3082272e-19
      0.75243668       5.2684069   3.4050006e-19   4.3041439e-19
      0.76332577       5.2726465   3.4067866e-19   4.3000554e-19
      0.77421487       5.2768990   3.4085775e-19   4.2959616e-19
      0.78510397       5.2811646   3.4103733e-19   4.2918625e-19
      0.79599307       5.2854432   3.4121741e-19   4.2877580e-19
      0.80688217       5.2897349   3.4139800e-19   4.2836482e-19
      0.81777126       5.2940398   3.4157908e-19   4.2795331e-19
      0.82866036       5.2983581   3.4176068e-19   4.2754125e-19
      0.83954946       5.3026897   3.4194278e-19   4.2712866e-19
      0.85043856       5.3070347   3.4212539e-19   4.2671552e-19
      0.86132766       5.3113932   3.4230852e-19   4.2630183e-19
      0.87221675       5.3157653   3.4249216e-19   4.2588760e-19
      0.88310585       5.3201511   3.4267632e-19   4.2547282e-19
      0.89399495       5.3245506   3.4286101e-19   4.2505749e-19
      0.90488405       5.3289638   3.4304622e-19   4.2464161e-19
      0.91577315       5.3333910   3.4323195e-19   4.2422517e-19
      0.92666224       5.3378321   3.4341822e-19   4.2380817e-19
      0.93755134       5.3422872   3.4360502e-19   4.2339062e-19
      0.94844044       5.3467565   3.4379235e-19   4.2297250e-19
      0.95932954       5.3512399   3.4398022e-19   4.2255382e-19
      0.97021864       5.3557376   3.4416864e-19   4.2213458e-19
      0.98110773       5.3602496   3.4435760e-19   4.2171477e-19
      0.99199683       5.3647760   3.4454710e-19   4.2129439e-19
       1.0028859       5.3693170   3.4473716e-19   4.2087343e-19
       1.0137750       5.3738725   3.4492776e-19   4.2045190e-19
       1.0246641       5.3784427   3.4511893e-19   4.2002980e-19
       1.0355532       5.3830276   3.4531065e-19   4.1960712e-19
       1.0464423       5.3876274   3.4550293e-19   4.1918385e-19
       1.0573314       5.3922421   3.4569578e-19   4.1876001e-19
       1.0682205       5.3968718   3.4588919e-19   4.1833558e-19
       1.0791096       5.4015166   3.4608318e-19   4.1791056e-19
       1.0899987       5.4061766   3.4627774e-19   4.1748495e-19
       1.1008878       5.4108518   3.4647288e-19   4.1705875e-19
       1.1117769       5.4155423   3.4666860e-19   4.1663196e-19
       1.1226660       5.4202483   3.4686490e-19   4.1620457e-19
       1.1335551       5.4249698   3.4706178e-19   4.1577658e-19
       1.1444442       5.4297070   3.4725926e-19   4.1534799e-19
       1.1553333       5.4344598   3.4745733e-19   4.1491879e-19
       1.1662224       5.4392284   3.4765599e-19   4.1448899e-19
       1.1771115       5.4440130   3.4785526e-19   4.1405858e-19
       1.1880006       5.4488134   3.4805512e-19   4.1362756e-19
       1.1988897       5.4536300   3.4825560e-19   4.1319593e-19
       1.2097788       5.4584628   3.4845668e-19   4.1276368e-19
       1.2206679       5.4633118   3.4865837e-19   4.1233082e-19
       1.2315570       5.4681771   3.4886069e-19   4.1189733e-19
       1.2424461       5.4730589   3.4906362e-19   4.1146322e-19
       1.2533352       5.4779573   3.4926717e-19   4.1102849e-19
       1.2642243       5.4828723   3.4947135e-19   4.1059312e-19
       1.2751134       5.4878041   3.4967616e-19   4.1015713e-19
       1.2860025       5.4927527   3.4988161e-19   4.0972050e-19
       1.2968916       5.4977182   3.5008769e-19   4.0928324e-19
       1.3077807       5.5027008   3.5029441e-19   4.0884534e-19
       1.3186698       5.5077006   3.5050178e-19   4.0840680e-19
       1.3295589       5.5127176   3.5070979e-19   4.0796761e-19
       1.3404480       5.5177520   3.5091846e-19   4.0752778e-19
       1.3513371       5.5228039   3.5112778e-19   4.0708730e-19
       1.3622262       5.5278733   3.5133777e-19   4.0664617e-19
       1.3731153       5.5329604   3.5154841e-19   4.0620438e-19
       1.3840044       5.5380653   3.5175972e-19   4.0576194e-19
       1.3948935       5.5431881   3.5197171e-19   4.0531884e-19
       1.4057826       5.5483289   3.5218436e-19   4.0487507e-19
       1.4166717       5.5534878   3.5239770e-19   4.0443064e-19
       1.4275608       5.5586649   3.5261172e-19   4.0398555e-19
       1.4384499       5.5638604   3.5282643e-19   4.0353978e-19
       1.4493390       5.5690744   3.5304182e-19   4.0309334e-19
       1.4602280       5.5743069   3.5325792e-19   4.0264622e-19
       1.4711171       5.5795581   3.5347471e-19   4.0219842e-19
       1.4820062       5.5848281   3.5369220e-19   4.0174994e-19
       1.4928953       5.5901171   3.5391040e-19   4.0130078e-19
       1.5037844       5.5954250   3.5412931e-19   4.0085093e-19
       1.5146735       5.6007522   3.5434894e-19   4.0040038e-19
       1.5255626       5.6060986   3.5456929e-19   3.9994915e-19
       1.5364517       5.6114644   3.5479036e-19   3.9949721e-19
       1.5473408       5.6168498   3.5501216e-19   3.9904458e-19
       1.5582299       5.6222548   3.5523470e-19   3.9859124e-19
       1.5691190       5.6276795   3.5545797e-19   3.9813720e-19
       1.5800081       5.6331242   3.5568198e-19   3.9768245e-19
       1.5908972       5.6385889   3.5590674e-19   3.9722699e-19
       1.6017863       5.6440738   3.5613225e-19   3.9677081e-19
       1.6126754       5.6495790   3.5635852e-19   3.9631391e-19
       1.6235645       5.6551046   3.5658555e-19   3.9585629e-19
       1.6344536       5.6606508   3.5681334e-19   3.9539795e-19
       1.6453427       5.6662176   3.5704190e-19   3.9493888e-19
       1.6562318       5.6718053   3.5727124e-19   3.9447908e-19
       1.6671209       5.6774139   3.5750135e-19   3.9401854e-19
       1.6780100       5.6830436   3.5773225e-19   3.9355727e-19
       1.6888991       5.6886946   3.5796394e-19   3.9309525e-19
       1.6997882       5.6943670   3.5819642e-19   3.9263249e-19
       1.7106773       5.7000609   3.5842970e-19   3.9216899e-19
       1.7215664       5.7057764   3.5866378e-19   3.9170473e-19
       1.7324555       5.7115137   3.5889868e-19   3.9123972e-19
       1.7433446       5.7172731   3.5913439e-19   3.9077395e-19
       1.7542337       5.7230545   3.5937091e-19   3.9030742e-19
       1.7651228       5.7288581   3.5960826e-19   3.8984012e-19
       1.7760119       5.7346842   3.5984644e-19   3.8937206e-19
       1.7869010       5.7405328   3.6008546e-19   3.8890322e-19
       1.7977901       5.7464041   3.6032532e-19   3.8843361e-19
       1.8086792       5.7522983   3.6056602e-19   3.8796322e-19
       1.8195683       5.7582155   3.6080757e-19   3.8749205e-19
       1.8304574       5.7641559   3.6104998e-19   3.8702009e-19
       1.8413465       5.7701196   3.6129326e-19   3.8654735e-19
       1.8522356       5.7761068   3.6153740e-19   3.8607380e-19
       1.8631247       5.7821176   3.6178241e-19   3.8559947e-19
       1.8740138       5.7881523   3.6202831e-19   3.8512433e-19
       1.8849029       5.7942109   3.6227509e-19   3.8464838e-19
       1.8957920       5.8002937   3.6252276e-19   3.8417163e-19
       1.9066811       5.8064009   3.6277132e-19   3.8369406e-19
       1.9175702       5.8125325   3.6302079e-19   3.8321568e-19
       1.9284593       5.8186888   3.6327117e-19   3.8273648e-19
       1.9393484       5.8248699   3.6352246e-19   3.8225646e-19
       1.9502375       5.8310760   3.6377468e-19   3.8177560e-19
       1.9611266       5.8373073   3.6402782e-19   3.8129392e-19
       1.9720157       5.8435640   3.6428190e-19   3.8081140e-19
       1.9829048       5.8498463   3.6453691e-19   3.8032803e-19
       1.9937939       5.8561543   3.6479287e-19   3.7984383e-19
       2.0046830       5.8624882   3.6504979e-19   3.7935877e-19
       2.0155720       5.8688482   3.6530766e-19   3.7887287e-19
       2.0264611       5.8752345   3.6556650e-19   3.7838610e-19
       2.0373502       5.8816472   3.6582631e-19   3.7789848e-19
       2.0482393       5.8880867   3.6608710e-19   3.7740999e-19
       2.0591284       5.8945530   3.6634887e-19   3.7692063e-19
       2.0700175       5.9010464   3.6661164e-19   3.7643040e-19
       2.0809066       5.9075671   3.6687541e-19   3.7593929e-19
       2.0917957       5.9141152   3.6714018e-19   3.7544730e-19
       2.1026848       5.9206910   3.6740597e-19   3.7495442e-19
       2.1135739       5.9272947   3.6767278e-19   3.7446065e-19
       2.1244630       5.9339265   3.6794061e-19   3.7396598e-19
       2.1353521       5.9405865   3.6820948e-19   3.7347041e-19
       2.1462412       5.9472751   3.6847940e-19   3.7297394e-19
       2.1571303       5.9539924   3.6875036e-19   3.7247656e-19
       2.1680194       5.9607386   3.6902238e-19   3.7197826e-19
       2.1789085       5.9675140   3.6929546e-19   3.7147905e-19
       2.1897976       5.9743187   3.6956962e-19   3.7097891e-19
       2.2006867       5.9811530   3.6984486e-19   3.7047784e-19
       2.2115758       5.9880172   3.7012118e-19   3.6997584e-19
       2.2224649       5.9949114   3.7039861e-19   3.6947290e-19
       2.2333540       6.0018359   3.7067713e-19   3.6896902e-19
       2.2442431       6.0087909   3.7095677e-19   3.6846419e-19
       2.2551322       6.0157767   3.7123752e-19   3.6795841e-19
       2.2660213       6.0227935   3.7151941e-19   3.6745167e-19
       2.2769104       6.0298415   3.7180243e-19   3.6694396e-19
       2.2877995       6.0369209   3.7208660e-19   3.6643529e-19
       2.2986886       6.0440321   3.7237192e-19   3.6592565e-19
       2.3095777       6.0511753   3.7265840e-19   3.6541502e-19
       2.3204668       6.0583506   3.7294605e-19   3.6490342e-19
       2.3313559       6.0655585   3.7323488e-19   3.6439082e-19
       2.3422450       6.0727991   3.7352490e-19   3.6387723e-19
       2.3531341       6.0800727   3.7381612e-19   3.6336264e-19
       2.3640232       6.0873795   3.7410854e-19   3.6284704e-19
       2.3749123       6.0947199   3.7440218e-19   3.6233044e-19
       2.3858014       6.1020941   3.7469704e-19   3.6181281e-19
       2.3966905       6.1095024   3.7499314e-19   3.6129417e-19
       2.4075796       6.1169450   3.7529048e-19   3.6077450e-19
       2.4184687       6.1244222   3.7558908e-19   3.6025379e-19
       2.4293578       6.1319343   3.7588894e-19   3.5973205e-19
       2.4402469       6.1394817   3.7619007e-19   3.5920926e-19
       2.4511360       6.1470645   3.7649248e-19   3.5868542e-19
       2.4620251       6.1546831   3.7679619e-19   3.5816053e-19
       2.4729142       6.1623378   3.7710119e-19   3.5763457e-19
       2.4838033       6.1700288   3.7740752e-19   3.5710754e-19
       2.4946924       6.1777565   3.7771516e-19   3.5657944e-19
       2.5055815       6.1855212   3.7802414e-19   3.5605026e-19
       2.5164706       6.1933233   3.7833446e-19   3.5551999e-19
       2.5273597       6.2011629   3.7864614e-19   3.5498863e-19
       2.5382488       6.2090404   3.7895918e-19   3.5445617e-19
       2.5491379       6.2169562   3.7927360e-19   3.5392260e-19
       2.5600270       6.2249106   3.7958941e-19   3.5338793e-19
       2.5709161       6.2329039   3.7990662e-19   3.5285213e-19
       2.5818051       6.2409364   3.8022524e-19   3.5231521e-19
       2.5926942       6.2490085   3.8054528e-19   3.5177715e-19
       2.6035833       6.2571205   3.8086676e-19   3.5123796e-19
       2.6144724       6.2652728   3.8118968e-19   3.5069763e-19
       2.6253615       6.2734657   3.8151406e-19   3.5015614e-19
       2.6362506       6.2816996   3.8183991e-19   3.4961349e-19
       2.6471397       6.2899748   3.8216724e-19   3.4906968e-19
       2.6580288       6.2982917   3.8249606e-19   3.4852469e-19
       2.6689179       6.3066507   3.8282639e-19   3.4797853e-19
       2.6798070       6.3150521   3.8315825e-19   3.4743117e-19
       2.6906961       6.3234964   3.8349163e-19   3.4688263e-19
       2.7015852       6.3319838   3.8382656e-19   3.4633288e-19
       2.7124743       6.3405148   3.8416305e-19   3.4578193e-19
       2.7233634       6.3490899   3.8450110e-19   3.4522975e-19
       2.7342525       6.3577093   3.8484075e-19   3.4467636e-19
       2.7451416       6.3663735   3.8518199e-19   3.4412173e-19
       2.7560307       6.3750828   3.8552485e-19   3.4356587e-19
       2.7669198       6.3838378   3.8586933e-19   3.4300875e-19
       2.7778089       6.3926389   3.8621545e-19   3.4245039e-19
       2.7886980       6.4014864   3.8656323e-19   3.4189076e-19
       2.7995871       6.4103807   3.8691268e-19   3.4132986e-19
       2.8104762       6.4193224   3.8726381e-19   3.4076768e-19
       2.8213653       6.4283119   3.8761665e-19   3.4020422e-19
       2.8322544       6.4373495   3.8797119e-19   3.3963946e-19
       2.8431435       6.4464358   3.8832747e-19   3.3907340e-19
       2.8540326       6.4555713   3.8868549e-19   3.3850603e-19
       2.8649217       6.4647563   3.8904527e-19   3.3793734e-19
       2.8758108       6.4739915   3.8940683e-19   3.3736731e-19
       2.8866999       6.4832771   3.8977018e-19   3.3679596e-19
       2.8975890       6.4926138   3.9013535e-19   3.3622325e-19
       2.9084781       6.5020020   3.9050233e-19   3.3564920e-19
       2.9193672       6.5114423   3.9087116e-19   3.3507377e-19
       2.9302563       6.5209351   3.9124185e-19   3.3449698e-19
       2.9411454       6.5304809   3.9161442e-19   3.3391880e-19
       2.9520345       6.5400803   3.9198888e-19   3.3333923e-19
       2.9629236       6.5497337   3.9236525e-19   3.3275827e-19
       2.9738127       6.5594419   3.9274356e-19   3.3217589e-19
       2.9847018       6.5692051   3.9312381e-19   3.3159209e-19
       2.9955909       6.5790241   3.9350603e-19   3.3100687e-19
       3.0064800       6.5888994   3.9389023e-19   3.3042020e-19
       3.0173691       6.5988316   3.9427644e-19   3.2983209e-19
       3.0282582       6.6088212   3.9466467e-19   3.2924251e-19
       3.0391473       6.6188688   3.9505494e-19   3.2865147e-19
       3.0500364       6.6289749   3.9544727e-19   3.2805895e-19
       3.0609255       6.6391403   3.9584169e-19   3.2746494e-19
       3.0718146       6.6493655   3.9623821e-19   3.2686943e-19
       3.0827037       6.6596512   3.9663686e-19   3.2627241e-19
       3.0935928       6.6699979   3.9703765e-19   3.2567387e-19
       3.1044819       6.6804063   3.9744060e-19   3.2507379e-19
       3.1153710       6.6908770   3.9784574e-19   3.2447217e-19
       3.1262601       6.7014108   3.9825310e-19   3.2386900e-19
       3.1371491       6.7120082   3.9866268e-19   3.2326427e-19
       3.1480382       6.7226699   3.9907451e-19   3.2265795e-19
       3.1589273       6.7333967   3.9948863e-19   3.2205005e-19
       3.1698164       6.7441893   3.9990504e-19   3.2144055e-19
       3.1807055       6.7550482   4.0032377e-19   3.2082944e-19
       3.1915946       6.7659743   4.0074485e-19   3.2021670e-19
       3.2024837       6.7769683   4.0116830e-19   3.1960233e-19
       3.2133728       6.7880310   4.0159415e-19   3.1898631e-19
       3.2242619       6.7991630   4.0202242e-19   3.1836863e-19
       3.2351510       6.8103652   4.0245313e-19   3.1774928e-19
       3.2460401       6.8216383   4.0288632e-19   3.1712824e-19
       3.2569292       6.8329831   4.0332200e-19   3.1650551e-19
       3.2678183       6.8444005   4.0376021e-19   3.1588106e-19
       3.2787074       6.8558912   4.0420097e-19   3.1525489e-19
       3.2895965       6.8674560   4.0464430e-19   3.1462698e-19
       3.3004856       6.8790959   4.0509024e-19   3.1399732e-19
       3.3113747       6.8908116   4.0553882e-19   3.1336590e-19
       3.3222638       6.9026041   4.0599006e-19   3.1273270e-19
       3.3331529       6.9144741   4.0644399e-19   3.1209771e-19
       3.3440420       6.9264228   4.0690064e-19   3.1146091e-19
       3.3549311       6.9384508   4.0736004e-19   3.1082228e-19
       3.3658202       6.9505592   4.0782223e-19   3.1018183e-19
       3.3767093       6.9627489   4.0828722e-19   3.0953952e-19
       3.3875984       6.9750209   4.0875506e-19   3.0889535e-19
       3.3984875       6.9873761   4.0922578e-19   3.0824930e-19
       3.4093766       6.9998156   4.0969941e-19   3.0760135e-19
       3.4202657       7.0123403   4.1017598e-19   3.0695149e-19
       3.4311548       7.0249513   4.1065552e-19   3.0629970e-19
       3.4420439       7.0376496   4.1113807e-19   3.0564598e-19
       3.4529330       7.0504364   4.1162367e-19   3.0499029e-19
       3.4638221       7.0633126   4.1211235e-19   3.0433262e-19
       3.4747112       7.0762794   4.1260414e-19   3.0367297e-19
       3.4856003       7.0893379   4.1309909e-19   3.0301131e-19
       3.4964894       7.1024892   4.1359723e-19   3.0234762e-19
       3.5073785       7.1157345   4.1409859e-19   3.0168188e-19
       3.5182676       7.1290751   4.1460322e-19   3.0101409e-19
       3.5291567       7.1425120   4.1511115e-19   3.0034421e-19
       3.5400458       7.1560466   4.1562243e-19   2.9967224e-19
       3.5509349       7.1696800   4.1613710e-19   2.9899816e-19
       3.5618240       7.1834136   4.1665519e-19   2.9832194e-19
       3.5727131       7.1972486   4.1717675e-19   2.9764357e-19
       3.5836022       7.2111864   4.1770182e-19   2.9696302e-19
       3.5944913       7.2252283   4.1823044e-19   2.9628029e-19
       3.6053804       7.2393756   4.1876267e-19   2.9559534e-19
       3.6162695       7.2536299   4.1929854e-19   2.9490816e-19
       3.6271586       7.2679924   4.1983810e-19   2.9421873e-19
       3.6380477       7.2824647   4.2038140e-19   2.9352703e-19
       3.6489368       7.2970483   4.2092848e-19   2.9283304e-19
       3.6598259       7.3117445   4.2147940e-19   2.9213673e-19
       3.6707150       7.3265550   4.2203420e-19   2.9143809e-19
       3.6816041       7.3414814   4.2259293e-19   2.9073709e-19
       3.6924931       7.3565252   4.2315565e-19   2.9003371e-19
       3.7033822       7.3716881   4.2372241e-19   2.8932793e-19
       3.7142713       7.3869717   4.2429325e-19   2.8861972e-19
       3.7251604       7.4023777   4.2486825e-19   2.8790906e-19
       3.7360495       7.4179078   4.2544744e-19   2.8719593e-19
       3.7469386       7.4335639   4.2603089e-19   2.8648030e-19
       3.7578277       7.4493477   4.2661865e-19   2.8576216e-19
       3.7687168       7.4652610   4.2721079e-19   2.8504147e-19
       3.7796059       7.4813058   4.2780736e-19   2.8431820e-19
       3.7904950       7.4974839   4.2840842e-19   2.8359234e-19
       3.8013841       7.5137974   4.2901405e-19   2.8286386e-19
       3.8122732       7.5302481   4.2962429e-19   2.8213273e-19
       3.8231623       7.5468381   4.3023922e-19   2.8139892e-19
       3.8340514       7.5635696   4.3085890e-19   2.8066241e-19
       3.8449405       7.5804446   4.3148340e-19   2.7992317e-19
       3.8558296       7.5974653   4.3211280e-19   2.7918117e-19
       3.8667187       7.6146340   4.3274715e-19   2.7843638e-19
       3.8776078       7.6319529   4.3338653e-19   2.7768877e-19
       3.8884969       7.6494243   4.3403102e-19   2.7693832e-19
       3.8993860       7.6670506   4.3468069e-19   2.7618499e-19
       3.9102751       7.6848343   4.3533562e-19   2.7542875e-19
       3.9211642       7.7027777   4.3599588e-19   2.7466957e-19
       3.9320533       7.7208835   4.3666156e-19   2.7390741e-19
       3.9429424       7.7391542   4.3733274e-19   2.7314226e-19
       3.9538315       7.7575926   4.3800950e-19   2.7237406e-19
       3.9647206       7.7762012   4.3869192e-19   2.7160280e-19
       3.9756097       7.7949829   4.3938011e-19   2.7082843e-19
       3.9864988       7.8139405   4.4007414e-19   2.7005092e-19
       3.9973879       7.8330770   4.4077410e-19   2.6927023e-19
       4.0082770       7.8523953   4.4148010e-19   2.6848633e-19
       4.0191661       7.8718985   4.4219222e-19   2.6769918e-19
       4.0300552       7.8915896   4.4291057e-19   2.6690874e-19
       4.0409443       7.9114720   4.4363524e-19   2.6611498e-19
       4.0518334       7.9315488   4.4436634e-19   2.6531785e-19
       4.0627225       7.9518235   4.4510397e-19   2.6451732e-19
       4.0736116       7.9722995   4.4584825e-19   2.6371335e-19
       4.0845007       7.9929803   4.4659927e-19   2.6290589e-19
       4.0953898       8.0138696   4.4735716e-19   2.6209489e-19
       4.1062789       8.0349710   4.4812204e-19   2.6128033e-19
       4.1171680       8.0562884   4.4889401e-19   2.6046215e-19
       4.1280571       8.0778257   4.4967320e-19   2.5964031e-19
       4.1389462       8.0995869   4.5045974e-19   2.5881477e-19
       4.1498353       8.1215761   4.5125375e-19   2.5798547e-19
       4.1607244       8.1437975   4.5205537e-19   2.5715236e-19
       4.1716135       8.1662555   4.5286473e-19   2.5631541e-19
       4.1825026       8.1889546   4.5368197e-19   2.5547456e-19
       4.1933917       8.2118993   4.5450722e-19   2.5462976e-19
       4.2042808       8.2350942   4.5534065e-19   2.5378096e-19
       4.2151699       8.2585444   4.5618239e-19   2.5292810e-19
       4.2260590       8.2822546   4.5703259e-19   2.5207113e-19
       4.2369481       8.3062301   4.5789143e-19   2.5121000e-19
       4.2478372       8.3304761   4.5875905e-19   2.5034464e-19
       4.2587262       8.3549979   4.5963563e-19   2.4947501e-19
       4.2696153       8.3798012   4.6052133e-19   2.4860103e-19
       4.2805044       8.4048917   4.6141634e-19   2.4772266e-19
       4.2913935       8.4302752   4.6232082e-19   2.4683983e-19
       4.3022826       8.4559579   4.6323498e-19   2.4595247e-19
       4.3131717       8.4819459   4.6415899e-19   2.4506052e-19
       4.3240608       8.5082457   4.6509307e-19   2.4416392e-19
       4.3349499       8.5348639   4.6603740e-19   2.4326259e-19
       4.3458390       8.5618074   4.6699220e-19   2.4235647e-19
       4.3567281       8.5890833   4.6795768e-19   2.4144548e-19
       4.3676172       8.6166987   4.6893407e-19   2.4052956e-19
       4.3785063       8.6446611   4.6992158e-19   2.3960862e-19
       4.3806841       8.6502959   4.7012045e-19   2.3942382e-19
       4.3817731       8.6531187   4.7022005e-19   2.3933135e-19
       4.3828620       8.6559450   4.7031976e-19   2.3923882e-19
       4.3839509       8.6587749   4.7041959e-19   2.3914625e-19
       4.3850398       8.6616084   4.7051954e-19   2.3905362e-19
       4.3861287       8.6644455   4.7061960e-19   2.3896094e-19
       4.3872176       8.6672862   4.7071977e-19   2.3886821e-19
       4.3883065       8.6701305   4.7082007e-19   2.3877543e-19
       4.3893954       8.6729784   4.7092047e-19   2.3868259e-19
       4.3904843       8.6758299   4.7102100e-19   2.3858971e-19
       4.3915732       8.6786851   4.7112164e-19   2.3849677e-19
       4.3926622       8.6815440   4.7122239e-19   2.3840378e-19
       4.3937511       8.6844064   4.7132326e-19   2.3831074e-19
       4.3948400       8.6872726   4.7142425e-19   2.3821765e-19
       4.3959289       8.6901424   4.7152536e-19   2.3812450e-19
       4.3970178       8.6930159   4.7162659e-19   2.3803130e-19
       4.3981067       8.6958930   4.7172793e-19   2.3793805e-19
       4.3991956       8.6987739   4.7182939e-19   2.3784475e-19
       4.4002845       8.7016585   4.7193097e-19   2.3775140e-19
       4.4013734       8.7045467   4.7203267e-19   2.3765799e-19
       4.4024623       8.7074387   4.7213449e-19   2.3756453e-19
       4.4035513       8.7103345   4.7223642e-19   2.3747102e-19
       4.4046402       8.7132339   4.7233848e-19   2.3737745e-19
       4.4057291       8.7161371   4.7244065e-19   2.3728384e-19
       4.4068180       8.7190441   4.7254295e-19   2.3719017e-19
       4.4079069       8.7219548   4.7264536e-19   2.3709644e-19
       4.4089958       8.7248693   4.7274790e-19   2.3700267e-19
       4.4100847       8.7277875   4.7285055e-19   2.3690884e-19
       4.4111736       8.7307096   4.7295333e-19   2.3681495e-19
       4.4122625       8.7336354   4.7305623e-19   2.3672102e-19
       4.4133514       8.7365651   4.7315925e-19   2.3662703e-19
       4.4144404       8.7394985   4.7326239e-19   2.3653298e-19
       4.4155293       8.7424358   4.7336565e-19   2.3643889e-19
       4.4166182       8.7453769   4.7346904e-19   2.3634474e-19
       4.4177071       8.7483219   4.7357254e-19   2.3625053e-19
       4.4187960       8.7512707   4.7367618e-19   2.3615627e-19
       4.4198849       8.7542233   4.7377993e-19   2.3606196e-19
       4.4209738       8.7571799   4.7388381e-19   2.3596760e-19
       4.4220627       8.7601402   4.7398781e-19   2.3587318e-19
       4.4231516       8.7631045   4.7409193e-19   2.3577870e-19
       4.4242405       8.7660727   4.7419618e-19   2.3568417e-19
       4.4253294       8.7690448   4.7430055e-19   2.3558959e-19
       4.4264184       8.7720208   4.7440505e-19   2.3549495e-19
       4.4275073       8.7750007   4.7450967e-19   2.3540026e-19
       4.4285962       8.7779845   4.7461442e-19   2.3530552e-19
       4.4296851       8.7809722   4.7471929e-19   2.3521072e-19
       4.4307740       8.7839640   4.7482429e-19   2.3511586e-19
       4.4318629       8.7869596   4.7492942e-19   2.3502095e-19
       4.4329518       8.7899593   4.7503467e-19   2.3492598e-19
       4.4340407       8.7929629   4.7514005e-19   2.3483096e-19
       4.4351296       8.7959705   4.7524555e-19   2.3473589e-19
       4.4362185       8.7989821   4.7535118e-19   2.3464076e-19
       4.4373075       8.8019976   4.7545694e-19   2.3454557e-19
       4.4383964       8.8050172   4.7556283e-19   2.3445033e-19
       4.4394853       8.8080409   4.7566885e-19   2.3435503e-19
       4.4405742       8.8110685   4.7577499e-19   2.3425968e-19
       4.4416631       8.8141002   4.7588126e-19   2.3416427e-19
       4.4427520       8.8171359   4.7598766e-19   2.3406881e-19
       4.4438409       8.8201757   4.7609419e-19   2.3397329e-19
       4.4449298       8.8232196   4.7620085e-19   2.3387771e-19
       4.4460187       8.8262676   4.7630764e-19   2.3378208e-19
       4.4471076       8.8293196   4.7641456e-19   2.3368639e-19
       4.4481966       8.8323757   4.7652161e-19   2.3359065e-19
       4.4492855       8.8354359   4.7662879e-19   2.3349485e-19
       4.4503744       8.8385003   4.7673610e-19   2.3339899e-19
       4.4514633       8.8415688   4.7684354e-19   2.3330308e-19
       4.4525522       8.8446414   4.7695112e-19   2.3320711e-19
       4.4536411       8.8477181   4.7705882e-19   2.3311108e-19
       4.4547300       8.8507991   4.7716666e-19   2.3301500e-19
       4.4558189       8.8538841   4.7727463e-19   2.3291885e-19
       4.4569078       8.8569734   4.7738273e-19   2.3282266e-19
       4.4579967       8.8600668   4.7749097e-19   2.3272640e-19
       4.4590857       8.8631645   4.7759933e-19   2.3263009e-19
       4.4601746       8.8662663   4.7770784e-19   2.3253372e-19
       4.4612635       8.8693724   4.7781647e-19   2.3243730e-19
       4.4623524       8.8724827   4.7792524e-19   2.3234081e-19
       4.4634413       8.8755972   4.7803415e-19   2.3224427e-19
       4.4645302       8.8787159   4.7814319e-19   2.3214767e-19
       4.4656191       8.8818390   4.7825236e-19   2.3205102e-19
       4.4667080       8.8849663   4.7836167e-19   2.3195430e-19
       4.4677969       8.8880978   4.7847112e-19   2.3185753e-19
       4.4688858       8.8912337   4.7858070e-19   2.3176070e-19
       4.4699748       8.8943738   4.7869042e-19   2.3166381e-19
       4.4710637       8.8975183   4.7880027e-19   2.3156687e-19
       4.4721526       8.9006670   4.7891026e-19   2.3146986e-19
       4.4732415       8.9038201   4.7902039e-19   2.3137280e-19
       4.4743304       8.9069776   4.7913066e-19   2.3127568e-19
       4.4754193       8.9101394   4.7924106e-19   2.3117850e-19
       4.4765082       8.9133055   4.7935161e-19   2.3108126e-19
       4.4775971       8.9164760   4.7946229e-19   2.3098396e-19
       4.4786860       8.9196509   4.7957311e-19   2.3088661e-19
       4.4797749       8.9228302   4.7968407e-19   2.3078919e-19
       4.4808638       8.9260139   4.7979517e-19   2.3069172e-19
       4.4819528       8.9292020   4.7990640e-19   2.3059419e-19
       4.4830417       8.9323945   4.8001778e-19   2.3049659e-19
       4.4841306       8.9355915   4.8012930e-19   2.3039894e-19
       4.4852195       8.9387929   4.8024096e-19   2.3030123e-19
       4.4863084       8.9419988   4.8035276e-19   2.3020346e-19
       4.4873973       8.9452091   4.8046470e-19   2.3010563e-19
       4.4884862       8.9484239   4.8057679e-19   2.3000774e-19
       4.4895751       8.9516432   4.8068902e-19   2.2990979e-19
       4.4906640       8.9548670   4.8080138e-19   2.2981178e-19
       4.4917529       8.9580953   4.8091390e-19   2.2971371e-19
       4.4928419       8.9613281   4.8102655e-19   2.2961558e-19
       4.4939308       8.9645655   4.8113935e-19   2.2951739e-19
       4.4950197       8.9678074   4.8125229e-19   2.2941913e-19
       4.4961086       8.9710539   4.8136538e-19   2.2932082e-19
       4.4971975       8.9743049   4.8147861e-19   2.2922245e-19
       4.4982864       8.9775605   4.8159198e-19   2.2912402e-19
       4.4993753       8.9808207   4.8170550e-19   2.2902552e-19
       4.5004642       8.9840855   4.8181917e-19   2.2892697e-19
       4.5015531       8.9873549   4.8193298e-19   2.2882835e-19
       4.5026420       8.9906290   4.8204694e-19   2.2872968e-19
       4.5037310       8.9939077   4.8216104e-19   2.2863094e-19
       4.5048199       8.9971910   4.8227529e-19   2.2853214e-19
       4.5059088       9.0004790   4.8238969e-19   2.2843328e-19
       4.5069977       9.0037716   4.8250423e-19   2.2833436e-19
       4.5080866       9.0070689   4.8261893e-19   2.2823537e-19
       4.5091755       9.0103710   4.8273377e-19   2.2813633e-19
       4.5102644       9.0136777   4.8284876e-19   2.2803722e-19
       4.5113533       9.0169891   4.8296390e-19   2.2793805e-19
       4.5124422       9.0203053   4.8307919e-19   2.2783882e-19
       4.5135311       9.0236262   4.8319463e-19   2.2773953e-19
       4.5146201       9.0269519   4.8331021e-19   2.2764017e-19
       4.5157090       9.0302823   4.8342595e-19   2.2754075e-19
       4.5167979       9.0336175   4.8354184e-19   2.2744127e-19
       4.5178868       9.0369575   4.8365788e-19   2.2734173e-19
       4.5189757       9.0403023   4.8377407e-19   2.2724212e-19
       4.5200646       9.0436520   4.8389042e-19   2.2714245e-19
       4.5211535       9.0470064   4.8400691e-19   2.2704272e-19
       4.5222424       9.0503657   4.8412356e-19   2.2694293e-19
       4.5233313       9.0537298   4.8424036e-19   2.2684307e-19
       4.5244202       9.0570988   4.8435732e-19   2.2674315e-19
       4.5255092       9.0604726   4.8447443e-19   2.2664316e-19
       4.5265981       9.0638514   4.8459169e-19   2.2654311e-19
       4.5276870       9.0672350   4.8470911e-19   2.2644300e-19
       4.5287759       9.0706236   4.8482668e-19   2.2634283e-19
       4.5298648       9.0740171   4.8494440e-19   2.2624259e-19
       4.5309537       9.0774155   4.8506229e-19   2.2614228e-19
       4.5320426       9.0808189   4.8518032e-19   2.2604192e-19
       4.5331315       9.0842272   4.8529852e-19   2.2594149e-19
       4.5342204       9.0876405   4.8541687e-19   2.2584099e-19
       4.5353093       9.0910588   4.8553538e-19   2.2574043e-19
       4.5363982       9.0944821   4.8565404e-19   2.2563981e-19
       4.5374872       9.0979104   4.8577287e-19   2.2553912e-19
       4.5385761       9.1013438   4.8589185e-19   2.2543836e-19
       4.5396650       9.1047821   4.8601099e-19   2.2533754e-19
       4.5407539       9.1082256   4.8613029e-19   2.2523666e-19
       4.5418428       9.1116741   4.8624974e-19   2.2513571e-19
       4.5429317       9.1151276   4.8636936e-19   2.2503470e-19
       4.5440206       9.1185863   4.8648914e-19   2.2493362e-19
       4.5451095       9.1220501   4.8660908e-19   2.2483247e-19
       4.5461984       9.1255190   4.8672918e-19   2.2473126e-19
       4.5472873       9.1289930   4.8684944e-19   2.2462999e-19
       4.5483763       9.1324722   4.8696986e-19   2.2452865e-19
       4.5494652       9.1359565   4.8709045e-19   2.2442724e-19
       4.5505541       9.1394460   4.8721119e-19   2.2432577e-19
       4.5516430       9.1429406   4.8733210e-19   2.2422423e-19
       4.5527319       9.1464405   4.8745318e-19   2.2412262e-19
       4.5538208       9.1499456   4.8757442e-19   2.2402095e-19
       4.5549097       9.1534559   4.8769582e-19   2.2391921e-19
       4.5559986       9.1569715   4.8781738e-19   2.2381740e-19
       4.5570875       9.1604923   4.8793911e-19   2.2371553e-19
       4.5581764       9.1640184   4.8806101e-19   2.2361359e-19
       4.5592654       9.1675497   4.8818307e-19   2.2351159e-19
       4.5603543       9.1710864   4.8830530e-19   2.2340951e-19
       4.5614432       9.1746284   4.8842770e-19   2.2330737e-19
       4.5625321       9.1781756   4.8855026e-19   2.2320517e-19
       4.5636210       9.1817283   4.8867299e-19   2.2310289e-19
       4.5647099       9.1852862   4.8879589e-19   2.2300055e-19
       4.5657988       9.1888496   4.8891895e-19   2.2289814e-19
       4.5668877       9.1924183   4.8904219e-19   2.2279566e-19
       4.5679766       9.1959924   4.8916559e-19   2.2269311e-19
       4.5690655       9.1995719   4.8928916e-19   2.2259050e-19
       4.5701545       9.2031569   4.8941291e-19   2.2248782e-19
       4.5712434       9.2067473   4.8953682e-19   2.2238506e-19
       4.5723323       9.2103431   4.8966090e-19   2.2228225e-19
       4.5734212       9.2139444   4.8978516e-19   2.2217936e-19
       4.5745101       9.2175512   4.8990959e-19   2.2207640e-19
       4.5755990       9.2211635   4.9003419e-19   2.2197338e-19
       4.5766879       9.2247813   4.9015896e-19   2.2187028e-19
       4.5777768       9.2284046   4.9028390e-19   2.2176712e-19
       4.5788657       9.2320334   4.9040902e-19   2.2166388e-19
       4.5799546       9.2356678   4.9053432e-19   2.2156058e-19
       4.5810436       9.2393078   4.9065978e-19   2.2145721e-19
       4.5821325       9.2429534   4.9078542e-19   2.2135377e-19
       4.5832214       9.2466045   4.9091124e-19   2.2125026e-19
       4.5843103       9.2502613   4.9103723e-19   2.2114668e-19
       4.5853992       9.2539237   4.9116340e-19   2.2104303e-19
       4.5864881       9.2575918   4.9128975e-19   2.2093930e-19
       4.5875770       9.2612655   4.9141627e-19   2.2083551e-19
       4.5886659       9.2649449   4.9154297e-19   2.2073165e-19
       4.5897548       9.2686300   4.9166985e-19   2.2062772e-19
       4.5908437       9.2723208   4.9179691e-19   2.2052372e-19
       4.5919326       9.2760173   4.9192414e-19   2.2041964e-19
       4.5930216       9.2797195   4.9205156e-19   2.2031550e-19
       4.5941105       9.2834275   4.9217915e-19   2.2021128e-19
       4.5951994       9.2871413   4.9230693e-19   2.2010700e-19
       4.5962883       9.2908609   4.9243489e-19   2.2000264e-19
       4.5973772       9.2945863   4.9256302e-19   2.1989821e-19
       4.5984661       9.2983174   4.9269134e-19   2.1979371e-19
       4.5995550       9.3020545   4.9281984e-19   2.1968913e-19
       4.6006439       9.3057973   4.9294853e-19   2.1958449e-19
       4.6017328       9.3095461   4.9307739e-19   2.1947977e-19
       4.6028217       9.3133007   4.9320645e-19   2.1937498e-19
       4.6039107       9.3170612   4.9333568e-19   2.1927012e-19
       4.6049996       9.3208276   4.9346510e-19   2.1916519e-19
       4.6060885       9.3246000   4.9359470e-19   2.1906018e-19
       4.6071774       9.3283783   4.9372449e-19   2.1895510e-19
       4.6082663       9.3321625   4.9385447e-19   2.1884995e-19
       4.6093552       9.3359528   4.9398463e-19   2.1874472e-19
       4.6104441       9.3397490   4.9411498e-19   2.1863942e-19
       4.6115330       9.3435513   4.9424552e-19   2.1853405e-19
       4.6126219       9.3473596   4.9437625e-19   2.1842861e-19
       4.6137108       9.3511739   4.9450716e-19   2.1832309e-19
       4.6147998       9.3549943   4.9463826e-19   2.1821750e-19
       4.6158887       9.3588208   4.9476956e-19   2.1811183e-19
       4.6169776       9.3626534   4.9490104e-19   2.1800609e-19
       4.6180665       9.3664921   4.9503271e-19   2.1790028e-19
       4.6191554       9.3703369   4.9516458e-19   2.1779439e-19
       4.6202443       9.3741879   4.9529663e-19   2.1768843e-19
       4.6213332       9.3780450   4.9542888e-19   2.1758239e-19
       4.6224221       9.3819083   4.9556132e-19   2.1747628e-19
       4.6235110       9.3857779   4.9569395e-19   2.1737009e-19
       4.6245999       9.3896536   4.9582678e-19   2.1726383e-19
       4.6256889       9.3935356   4.9595980e-19   2.1715749e-19
       4.6267778       9.3974239   4.9609302e-19   2.1705108e-19
       4.6278667       9.4013184   4.9622643e-19   2.1694459e-19
       4.6289556       9.4052192   4.9636003e-19   2.1683803e-19
       4.6300445       9.4091263   4.9649384e-19   2.1673139e-19
       4.6311334       9.4130397   4.9662784e-19   2.1662467e-19
       4.6322223       9.4169595   4.9676203e-19   2.1651788e-19
       4.6333112       9.4208857   4.9689643e-19   2.1641101e-19
       4.6344001       9.4248182   4.9703102e-19   2.1630407e-19
       4.6354890       9.4287571   4.9716581e-19   2.1619705e-19
       4.6365780       9.4327025   4.9730081e-19   2.1608995e-19
       4.6376669       9.4366542   4.9743600e-19   2.1598278e-19
       4.6387558       9.4406125   4.9757139e-19   2.1587553e-19
       4.6398447       9.4445772   4.9770698e-19   2.1576820e-19
       4.6409336       9.4485484   4.9784278e-19   2.1566080e-19
       4.6420225       9.4525261   4.9797877e-19   2.1555332e-19
       4.6431114       9.4565103   4.9811497e-19   2.1544576e-19
       4.6442003       9.4605011   4.9825138e-19   2.1533812e-19
       4.6452892       9.4644984   4.9838798e-19   2.1523040e-19
       4.6463781       9.4685024   4.9852480e-19   2.1512261e-19
       4.6474670       9.4725129   4.9866181e-19   2.1501474e-19
       4.6485560       9.4765301   4.9879903e-19   2.1490679e-19
       4.6496449       9.4805539   4.9893646e-19   2.1479876e-19
       4.6507338       9.4845843   4.9907410e-19   2.1469065e-19
       4.6518227       9.4886215   4.9921194e-19   2.1458247e-19
       4.6529116       9.4926653   4.9934999e-19   2.1447420e-19
       4.6540005       9.4967159   4.9948825e-19   2.1436586e-19
       4.6550894       9.5007732   4.9962671e-19   2.1425744e-19
       4.6561783       9.5048373   4.9976539e-19   2.1414893e-19
       4.6572672       9.5089081   4.9990428e-19   2.1404035e-19
       4.6583561       9.5129858   5.0004338e-19   2.1393169e-19
       4.6594451       9.5170703   5.0018269e-19   2.1382295e-19
       4.6605340       9.5211616   5.0032221e-19   2.1371412e-19
       4.6616229       9.5252598   5.0046194e-19   2.1360522e-19
       4.6627118       9.5293648   5.0060189e-19   2.1349624e-19
       4.6638007       9.5334768   5.0074205e-19   2.1338718e-19
       4.6648896       9.5375956   5.0088242e-19   2.1327803e-19
       4.6659785       9.5417215   5.0102301e-19   2.1316881e-19
       4.6670674       9.5458542   5.0116382e-19   2.1305950e-19
       4.6681563       9.5499940   5.0130484e-19   2.1295011e-19
       4.6692452       9.5541408   5.0144607e-19   2.1284064e-19
       4.6703342       9.5582946   5.0158753e-19   2.1273109e-19
       4.6714231       9.5624554   5.0172920e-19   2.1262146e-19
       4.6725120       9.5666233   5.0187109e-19   2.1251175e-19
       4.6736009       9.5707983   5.0201320e-19   2.1240195e-19
       4.6746898       9.5749804   5.0215554e-19   2.1229207e-19
       4.6757787       9.5791696   5.0229809e-19   2.1218211e-19
       4.6768676       9.5833660   5.0244086e-19   2.1207207e-19
       4.6779565       9.5875696   5.0258385e-19   2.1196194e-19
       4.6790454       9.5917803   5.0272707e-19   2.1185173e-19
       4.6801343       9.5959983   5.0287051e-19   2.1174144e-19
       4.6812233       9.6002235   5.0301417e-19   2.1163107e-19
       4.6823122       9.6044560   5.0315806e-19   2.1152061e-19
       4.6834011       9.6086957   5.0330217e-19   2.1141006e-19
       4.6844900       9.6129428   5.0344651e-19   2.1129944e-19
       4.6855789       9.6171972   5.0359107e-19   2.1118873e-19
       4.6866678       9.6214589   5.0373586e-19   2.1107793e-19
       4.6877567       9.6257280   5.0388088e-19   2.1096705e-19
       4.6888456       9.6300045   5.0402613e-19   2.1085609e-19
       4.6899345       9.6342884   5.0417160e-19   2.1074504e-19
       4.6910234       9.6385798   5.0431731e-19   2.1063391e-19
       4.6921124       9.6428786   5.0446324e-19   2.1052269e-19
       4.6932013       9.6471849   5.0460941e-19   2.1041139e-19
       4.6942902       9.6514987   5.0475580e-19   2.1030000e-19
       4.6953791       9.6558200   5.0490243e-19   2.1018852e-19
       4.6964680       9.6601489   5.0504929e-19   2.1007696e-19
       4.6975569       9.6644854   5.0519639e-19   2.0996531e-19
       4.6986458       9.6688294   5.0534372e-19   2.0985358e-19
       4.6997347       9.6731811   5.0549128e-19   2.0974176e-19
       4.7008236       9.6775405   5.0563908e-19   2.0962986e-19
       4.7019125       9.6819075   5.0578712e-19   2.0951787e-19
       4.7030014       9.6862822   5.0593539e-19   2.0940579e-19
       4.7040904       9.6906646   5.0608391e-19   2.0929362e-19
       4.7051793       9.6950548   5.0623266e-19   2.0918137e-19
       4.7062682       9.6994527   5.0638164e-19   2.0906903e-19
       4.7073571       9.7038584   5.0653087e-19   2.0895660e-19
       4.7084460       9.7082720   5.0668034e-19   2.0884408e-19
       4.7095349       9.7126933   5.0683005e-19   2.0873148e-19
       4.7106238       9.7171226   5.0698000e-19   2.0861878e-19
       4.7117127       9.7215597   5.0713020e-19   2.0850600e-19
       4.7128016       9.7260048   5.0728064e-19   2.0839313e-19
       4.7138905       9.7304577   5.0743132e-19   2.0828018e-19
       4.7149795       9.7349187   5.0758224e-19   2.0816713e-19
       4.7160684       9.7393876   5.0773342e-19   2.0805399e-19
       4.7171573       9.7438646   5.0788484e-19   2.0794076e-19
       4.7182462       9.7483496   5.0803650e-19   2.0782745e-19
       4.7193351       9.7528426   5.0818842e-19   2.0771404e-19
       4.7204240       9.7573437   5.0834058e-19   2.0760055e-19
       4.7215129       9.7618530   5.0849299e-19   2.0748696e-19
       4.7226018       9.7663704   5.0864565e-19   2.0737329e-19
       4.7236907       9.7708960   5.0879856e-19   2.0725952e-19
       4.7247796       9.7754297   5.0895173e-19   2.0714566e-19
       4.7258686       9.7799717   5.0910514e-19   2.0703172e-19
       4.7269575       9.7845219   5.0925881e-19   2.0691768e-19
       4.7280464       9.7890804   5.0941273e-19   2.0680355e-19
       4.7291353       9.7936472   5.0956691e-19   2.0668932e-19
       4.7302242       9.7982224   5.0972134e-19   2.0657501e-19
       4.7313131       9.8028058   5.0987603e-19   2.0646060e-19
       4.7324020       9.8073977   5.1003098e-19   2.0634610e-19
       4.7334909       9.8119979   5.1018618e-19   2.0623151e-19
       4.7345798       9.8166066   5.1034164e-19   2.0611683e-19
       4.7356687       9.8212238   5.1049736e-19   2.0600206e-19
       4.7367577       9.8258494   5.1065335e-19   2.0588719e-19
       4.7378466       9.8304836   5.1080959e-19   2.0577222e-19
       4.7389355       9.8351263   5.1096609e-19   2.0565717e-19
       4.7400244       9.8397776   5.1112286e-19   2.0554202e-19
       4.7411133       9.8444374   5.1127989e-19   2.0542678e-19
       4.7422022       9.8491059   5.1143718e-19   2.0531144e-19
       4.7432911       9.8537831   5.1159474e-19   2.0519601e-19
       4.7443800       9.8584689   5.1175257e-19   2.0508048e-19
       4.7454689       9.8631634   5.1191066e-19   2.0496486e-19
       4.7465578       9.8678667   5.1206902e-19   2.0484915e-19
       4.7476468       9.8725788   5.1222764e-19   2.0473333e-19
       4.7487357       9.8772996   5.1238654e-19   2.0461743e-19
       4.7498246       9.8820293   5.1254570e-19   2.0450143e-19
       4.7509135       9.8867678   5.1270514e-19   2.0438533e-19
       4.7520024       9.8915152   5.1286485e-19   2.0426914e-19
       4.7530913       9.8962716   5.1302483e-19   2.0415285e-19
       4.7541802       9.9010368   5.1318508e-19   2.0403646e-19
       4.7552691       9.9058111   5.1334561e-19   2.0391998e-19
       4.7563580       9.9105943   5.1350641e-19   2.0380340e-19
       4.7574469       9.9153866   5.1366749e-19   2.0368672e-19
       4.7585358       9.9201879   5.1382885e-19   2.0356995e-19
       4.7596248       9.9249984   5.1399048e-19   2.0345308e-19
       4.7607137       9.9298179   5.1415240e-19   2.0333611e-19
       4.7618026       9.9346466   5.1431459e-19   2.0321904e-19
       4.7628915       9.9394845   5.1447706e-19   2.0310187e-19
       4.7639804       9.9443317   5.1463981e-19   2.0298461e-19
       4.7650693       9.9491880   5.1480285e-19   2.0286725e-19
       4.7661582       9.9540536   5.1496617e-19   2.0274978e-19
       4.7672471       9.9589286   5.1512977e-19   2.0263222e-19
       4.7683360       9.9638129   5.1529366e-19   2.0251456e-19
       4.7694249       9.9687065   5.1545783e-19   2.0239680e-19
       4.7705139       9.9736096   5.1562229e-19   2.0227894e-19
       4.7716028       9.9785221   5.1578703e-19   2.0216098e-19
       4.7726917       9.9834440   5.1595207e-19   2.0204292e-19
       4.7737806       9.9883755   5.1611739e-19   2.0192476e-19
       4.7748695       9.9933165   5.1628301e-19   2.0180650e-19
       4.7759584       9.9982670   5.1644892e-19   2.0168814e-19
       4.7770473       10.003227   5.1661512e-19   2.0156968e-19
       4.7781362       10.008197   5.1678161e-19   2.0145111e-19
       4.7792251       10.013176   5.1694839e-19   2.0133244e-19
       4.7803140       10.018166   5.1711547e-19   2.0121367e-19
       4.7814030       10.023164   5.1728285e-19   2.0109480e-19
       4.7824919       10.028173   5.1745053e-19   2.0097583e-19
       4.7835808       10.033191   5.1761850e-19   2.0085675e-19
       4.7846697       10.038220   5.1778677e-19   2.0073757e-19
       4.7857586       10.043258   5.1795534e-19   2.0061829e-19
       4.7868475       10.048306   5.1812421e-19   2.0049890e-19
       4.7879364       10.053364   5.1829339e-19   2.0037941e-19
       4.7890253       10.058432   5.1846286e-19   2.0025982e-19
       4.7901142       10.063510   5.1863265e-19   2.0014012e-19
       4.7912031       10.068598   5.1880273e-19   2.0002032e-19
       4.7922921       10.073696   5.1897312e-19   1.9990041e-19
       4.7933810       10.078804   5.1914382e-19   1.9978040e-19
       4.7944699       10.083922   5.1931483e-19   1.9966028e-19
       4.7955588       10.089050   5.1948614e-19   1.9954006e-19
       4.7966477       10.094189   5.1965777e-19   1.9941973e-19
       4.7977366       10.099338   5.1982971e-19   1.9929930e-19
       4.7988255       10.104497   5.2000196e-19   1.9917876e-19
       4.7999144       10.109667   5.2017452e-19   1.9905811e-19
       4.8010033       10.114846   5.2034739e-19   1.9893735e-19
       4.8020922       10.120037   5.2052059e-19   1.9881649e-19
       4.8031812       10.125237   5.2069409e-19   1.9869552e-19
       4.8042701       10.130449   5.2086792e-19   1.9857445e-19
       4.8053590       10.135670   5.2104206e-19   1.9845326e-19
       4.8064479       10.140902   5.2121652e-19   1.9833197e-19
       4.8075368       10.146145   5.2139131e-19   1.9821057e-19
       4.8086257       10.151399   5.2156641e-19   1.9808906e-19
       4.8097146       10.156663   5.2174184e-19   1.9796745e-19
       4.8108035       10.161937   5.2191759e-19   1.9784572e-19
       4.8118924       10.167223   5.2209367e-19   1.9772388e-19
       4.8129813       10.172519   5.2227007e-19   1.9760194e-19
       4.8140702       10.177826   5.2244680e-19   1.9747988e-19
       4.8151592       10.183144   5.2262386e-19   1.9735771e-19
       4.8162481       10.188473   5.2280125e-19   1.9723544e-19
       4.8173370       10.193812   5.2297897e-19   1.9711305e-19
       4.8184259       10.199163   5.2315702e-19   1.9699055e-19
       4.8195148       10.204525   5.2333540e-19   1.9686794e-19
       4.8206037       10.209898   5.2351412e-19   1.9674522e-19
       4.8216926       10.215281   5.2369317e-19   1.9662239e-19
       4.8227815       10.220676   5.2387256e-19   1.9649944e-19
       4.8238704       10.226082   5.2405228e-19   1.9637638e-19
       4.8249593       10.231500   5.2423235e-19   1.9625321e-19
       4.8260483       10.236928   5.2441275e-19   1.9612993e-19
       4.8271372       10.242368   5.2459349e-19   1.9600653e-19
       4.8282261       10.247819   5.2477458e-19   1.9588302e-19
       4.8293150       10.253282   5.2495601e-19   1.9575939e-19
       4.8304039       10.258756   5.2513779e-19   1.9563565e-19
       4.8314928       10.264241   5.2531991e-19   1.9551180e-19
       4.8325817       10.269738   5.2550238e-19   1.9538783e-19
       4.8336706       10.275246   5.2568519e-19   1.9526375e-19
       4.8347595       10.280766   5.2586836e-19   1.9513955e-19
       4.8358484       10.286298   5.2605187e-19   1.9501523e-19
       4.8369374       10.291841   5.2623574e-19   1.9489080e-19
       4.8380263       10.297396   5.2641996e-19   1.9476626e-19
       4.8391152       10.302963   5.2660454e-19   1.9464159e-19
       4.8402041       10.308542   5.2678947e-19   1.9451681e-19
       4.8412930       10.314132   5.2697475e-19   1.9439191e-19
       4.8423819       10.319735   5.2716040e-19   1.9426690e-19
       4.8434708       10.325349   5.2734640e-19   1.9414177e-19
       4.8445597       10.330975   5.2753277e-19   1.9401651e-19
       4.8456486       10.336613   5.2771950e-19   1.9389114e-19
       4.8467375       10.342264   5.2790659e-19   1.9376566e-19
       4.8478265       10.347926   5.2809405e-19   1.9364005e-19
       4.8489154       10.353601   5.2828187e-19   1.9351432e-19
       4.8500043       10.359287   5.2847006e-19   1.9338848e-19
       4.8510932       10.364987   5.2865861e-19   1.9326251e-19
       4.8521821       10.370698   5.2884754e-19   1.9313642e-19
       4.8532710       10.376422   5.2903684e-19   1.9301022e-19
       4.8543599       10.382158   5.2922651e-19   1.9288389e-19
       4.8554488       10.387906   5.2941655e-19   1.9275744e-19
       4.8565377       10.393667   5.2960697e-19   1.9263087e-19
       4.8576266       10.399441   5.2979777e-19   1.9250418e-19
       4.8587156       10.405227   5.2998895e-19   1.9237736e-19
       4.8598045       10.411026   5.3018050e-19   1.9225042e-19
       4.8608934       10.416837   5.3037244e-19   1.9212336e-19
       4.8619823       10.422661   5.3056475e-19   1.9199618e-19
       4.8630712       10.428498   5.3075745e-19   1.9186887e-19
       4.8641601       10.434348   5.3095054e-19   1.9174144e-19
       4.8652490       10.440211   5.3114401e-19   1.9161389e-19
       4.8663379       10.446086   5.3133787e-19   1.9148621e-19
       4.8674268       10.451975   5.3153212e-19   1.9135840e-19
       4.8685157       10.457876   5.3172676e-19   1.9123047e-19
       4.8696046       10.463791   5.3192179e-19   1.9110242e-19
       4.8706936       10.469719   5.3211722e-19   1.9097424e-19
       4.8717825       10.475660   5.3231304e-19   1.9084593e-19
       4.8728714       10.481614   5.3250925e-19   1.9071749e-19
       4.8739603       10.487581   5.3270587e-19   1.9058893e-19
       4.8750492       10.493562   5.3290288e-19   1.9046025e-19
       4.8761381       10.499556   5.3310030e-19   1.9033143e-19
       4.8772270       10.505564   5.3329812e-19   1.9020249e-19
       4.8783159       10.511585   5.3349634e-19   1.9007341e-19
       4.8794048       10.517620   5.3369496e-19   1.8994421e-19
       4.8804937       10.523668   5.3389400e-19   1.8981488e-19
       4.8815827       10.529730   5.3409344e-19   1.8968542e-19
       4.8826716       10.535806   5.3429329e-19   1.8955584e-19
       4.8837605       10.541895   5.3449356e-19   1.8942612e-19
       4.8848494       10.547999   5.3469424e-19   1.8929627e-19
       4.8859383       10.554116   5.3489533e-19   1.8916629e-19
       4.8870272       10.560247   5.3509684e-19   1.8903618e-19
       4.8881161       10.566392   5.3529877e-19   1.8890593e-19
       4.8892050       10.572551   5.3550111e-19   1.8877556e-19
       4.8902939       10.578724   5.3570388e-19   1.8864505e-19
       4.8913828       10.584912   5.3590707e-19   1.8851441e-19
       4.8924718       10.591113   5.3611069e-19   1.8838364e-19
       4.8935607       10.597329   5.3631473e-19   1.8825273e-19
       4.8946496       10.603559   5.3651920e-19   1.8812169e-19
       4.8957385       10.609804   5.3672410e-19   1.8799052e-19
       4.8968274       10.616063   5.3692943e-19   1.8785921e-19
       4.8979163       10.622336   5.3713519e-19   1.8772777e-19
       4.8990052       10.628624   5.3734138e-19   1.8759619e-19
       4.9000941       10.634927   5.3754802e-19   1.8746447e-19
       4.9011830       10.641245   5.3775509e-19   1.8733262e-19
       4.9022719       10.647577   5.3796260e-19   1.8720063e-19
       4.9033609       10.653924   5.3817055e-19   1.8706851e-19
       4.9044498       10.660286   5.3837894e-19   1.8693625e-19
       4.9055387       10.666662   5.3858778e-19   1.8680385e-19
       4.9066276       10.673054   5.3879707e-19   1.8667131e-19
       4.9077165       10.679461   5.3900680e-19   1.8653864e-19
       4.9088054       10.685883   5.3921698e-19   1.8640582e-19
       4.9098943       10.692320   5.3942762e-19   1.8627287e-19
       4.9109832       10.698772   5.3963870e-19   1.8613978e-19
       4.9120721       10.705240   5.3985025e-19   1.8600654e-19
       4.9131610       10.711723   5.4006225e-19   1.8587317e-19
       4.9142500       10.718221   5.4027471e-19   1.8573966e-19
       4.9153389       10.724735   5.4048763e-19   1.8560600e-19
       4.9164278       10.731265   5.4070101e-19   1.8547220e-19
       4.9175167       10.737810   5.4091486e-19   1.8533826e-19
       4.9186056       10.744371   5.4112917e-19   1.8520418e-19
       4.9196945       10.750948   5.4134396e-19   1.8506996e-19
       4.9207834       10.757540   5.4155921e-19   1.8493559e-19
       4.9218723       10.764148   5.4177493e-19   1.8480108e-19
       4.9229612       10.770773   5.4199113e-19   1.8466642e-19
       4.9240501       10.777413   5.4220780e-19   1.8453162e-19
       4.9251390       10.784069   5.4242495e-19   1.8439668e-19
       4.9262280       10.790742   5.4264259e-19   1.8426158e-19
       4.9273169       10.797431   5.4286070e-19   1.8412635e-19
       4.9284058       10.804136   5.4307930e-19   1.8399096e-19
       4.9294947       10.810858   5.4329838e-19   1.8385543e-19
       4.9305836       10.817596   5.4351795e-19   1.8371975e-19
       4.9316725       10.824350   5.4373801e-19   1.8358393e-19
       4.9327614       10.831121   5.4395856e-19   1.8344796e-19
       4.9338503       10.837909   5.4417960e-19   1.8331183e-19
       4.9349392       10.844714   5.4440114e-19   1.8317556e-19
       4.9360281       10.851535   5.4462318e-19   1.8303914e-19
       4.9371171       10.858373   5.4484572e-19   1.8290257e-19
       4.9382060       10.865228   5.4506876e-19   1.8276585e-19
       4.9392949       10.872100   5.4529230e-19   1.8262898e-19
       4.9403838       10.878990   5.4551635e-19   1.8249196e-19
       4.9414727       10.885896   5.4574091e-19   1.8235478e-19
       4.9425616       10.892820   5.4596597e-19   1.8221746e-19
       4.9436505       10.899761   5.4619155e-19   1.8207998e-19
       4.9447394       10.906719   5.4641765e-19   1.8194234e-19
       4.9458283       10.913695   5.4664426e-19   1.8180456e-19
       4.9469172       10.920689   5.4687139e-19   1.8166662e-19
       4.9480062       10.927700   5.4709904e-19   1.8152852e-19
       4.9490951       10.934729   5.4732722e-19   1.8139027e-19
       4.9501840       10.941776   5.4755592e-19   1.8125187e-19
       4.9512729       10.948840   5.4778514e-19   1.8111330e-19
       4.9523618       10.955923   5.4801490e-19   1.8097459e-19
       4.9534507       10.963023   5.4824519e-19   1.8083571e-19
       4.9545396       10.970142   5.4847602e-19   1.8069668e-19
       4.9556285       10.977279   5.4870738e-19   1.8055749e-19
       4.9567174       10.984434   5.4893928e-19   1.8041814e-19
       4.9578063       10.991608   5.4917172e-19   1.8027863e-19
       4.9588953       10.998800   5.4940471e-19   1.8013896e-19
       4.9599842       11.006010   5.4963824e-19   1.7999914e-19
       4.9610731       11.013239   5.4987232e-19   1.7985915e-19
       4.9621620       11.020487   5.5010695e-19   1.7971900e-19
       4.9632509       11.027754   5.5034213e-19   1.7957869e-19
       4.9643398       11.035040   5.5057787e-19   1.7943822e-19
       4.9654287       11.042344   5.5081417e-19   1.7929758e-19
       4.9665176       11.049668   5.5105103e-19   1.7915678e-19
       4.9676065       11.057010   5.5128845e-19   1.7901582e-19
       4.9686954       11.064372   5.5152644e-19   1.7887470e-19
       4.9697844       11.071753   5.5176499e-19   1.7873341e-19
       4.9708733       11.079154   5.5200412e-19   1.7859195e-19
       4.9719622       11.086574   5.5224381e-19   1.7845033e-19
       4.9730511       11.094014   5.5248409e-19   1.7830854e-19
       4.9741400       11.101473   5.5272494e-19   1.7816659e-19
       4.9752289       11.108952   5.5296637e-19   1.7802447e-19
       4.9763178       11.116451   5.5320839e-19   1.7788218e-19
       4.9774067       11.123970   5.5345099e-19   1.7773972e-19
       4.9784956       11.131509   5.5369417e-19   1.7759709e-19
       4.9795845       11.139068   5.5393795e-19   1.7745430e-19
       4.9806734       11.146648   5.5418233e-19   1.7731133e-19
       4.9817624       11.154248   5.5442730e-19   1.7716819e-19
       4.9828513       11.161868   5.5467287e-19   1.7702488e-19
       4.9839402       11.169508   5.5491904e-19   1.7688140e-19
       4.9850291       11.177170   5.5516581e-19   1.7673775e-19
       4.9861180       11.184852   5.5541319e-19   1.7659393e-19
       4.9872069       11.192555   5.5566119e-19   1.7644993e-19
       4.9882958       11.200278   5.5590979e-19   1.7630576e-19
       4.9893847       11.208023   5.5615901e-19   1.7616141e-19
       4.9904736       11.215789   5.5640885e-19   1.7601689e-19
       4.9915625       11.223576   5.5665931e-19   1.7587219e-19
       4.9926515       11.231385   5.5691039e-19   1.7572732e-19
       4.9937404       11.239214   5.5716210e-19   1.7558226e-19
       4.9948293       11.247066   5.5741444e-19   1.7543703e-19
       4.9959182       11.254939   5.5766741e-19   1.7529163e-19
       4.9970071       11.262834   5.5792102e-19   1.7514604e-19
       4.9980960       11.270750   5.5817527e-19   1.7500028e-19
       4.9991849       11.278689   5.5843016e-19   1.7485433e-19
       5.0002738       11.286650   5.5868569e-19   1.7470820e-19
       5.0013627       11.294632   5.5894187e-19   1.7456190e-19
       5.0024516       11.302638   5.5919870e-19   1.7441541e-19
       5.0035406       11.310665   5.5945618e-19   1.7426874e-19
       5.0046295       11.318715   5.5971432e-19   1.7412188e-19
       5.0057184       11.326788   5.5997312e-19   1.7397484e-19
       5.0068073       11.334883   5.6023259e-19   1.7382762e-19
       5.0078962       11.343001   5.6049271e-19   1.7368021e-19
       5.0089851       11.351142   5.6075351e-19   1.7353262e-19
       5.0100740       11.359306   5.6101498e-19   1.7338484e-19
       5.0111629       11.367494   5.6127713e-19   1.7323687e-19
       5.0122518       11.375705   5.6153995e-19   1.7308872e-19
       5.0133407       11.383939   5.6180346e-19   1.7294038e-19
       5.0144297       11.392196   5.6206765e-19   1.7279185e-19
       5.0155186       11.400478   5.6233253e-19   1.7264313e-19
       5.0166075       11.408783   5.6259810e-19   1.7249421e-19
       5.0176964       11.417111   5.6286437e-19   1.7234511e-19
       5.0187853       11.425464   5.6313133e-19   1.7219582e-19
       5.0198742       11.433842   5.6339900e-19   1.7204633e-19
       5.0209631       11.442243   5.6366737e-19   1.7189665e-19
       5.0220520       11.450669   5.6393645e-19   1.7174678e-19
       5.0231409       11.459119   5.6420624e-19   1.7159672e-19
       5.0242298       11.467594   5.6447675e-19   1.7144645e-19
       5.0253188       11.476093   5.6474798e-19   1.7129600e-19
       5.0264077       11.484618   5.6501993e-19   1.7114534e-19
       5.0274966       11.493167   5.6529260e-19   1.7099449e-19
       5.0285855       11.501742   5.6556601e-19   1.7084344e-19
       5.0296744       11.510342   5.6584015e-19   1.7069220e-19
       5.0307633       11.518967   5.6611502e-19   1.7054075e-19
       5.0318522       11.527618   5.6639064e-19   1.7038910e-19
       5.0329411       11.536295   5.6666700e-19   1.7023725e-19
       5.0340300       11.544997   5.6694411e-19   1.7008521e-19
       5.0351189       11.553726   5.6722197e-19   1.6993295e-19
       5.0362078       11.562480   5.6750059e-19   1.6978050e-19
       5.0372968       11.571261   5.6777996e-19   1.6962784e-19
       5.0383857       11.580068   5.6806010e-19   1.6947498e-19
       5.0394746       11.588901   5.6834101e-19   1.6932191e-19
       5.0405635       11.597762   5.6862269e-19   1.6916864e-19
       5.0416524       11.606648   5.6890514e-19   1.6901516e-19
       5.0427413       11.615562   5.6918837e-19   1.6886147e-19
       5.0438302       11.624503   5.6947238e-19   1.6870758e-19
       5.0449191       11.633471   5.6975718e-19   1.6855347e-19
       5.0460080       11.642467   5.7004277e-19   1.6839916e-19
       5.0470969       11.651490   5.7032916e-19   1.6824463e-19
       5.0481859       11.660541   5.7061634e-19   1.6808990e-19
       5.0492748       11.669619   5.7090433e-19   1.6793495e-19
       5.0503637       11.678726   5.7119312e-19   1.6777978e-19
       5.0514526       11.687860   5.7148273e-19   1.6762441e-19
       5.0525415       11.697023   5.7177315e-19   1.6746882e-19
       5.0536304       11.706214   5.7206439e-19   1.6731301e-19
       5.0547193       11.715434   5.7235645e-19   1.6715699e-19
       5.0558082       11.724683   5.7264935e-19   1.6700075e-19
       5.0568971       11.733960   5.7294307e-19   1.6684429e-19
       5.0579860       11.743267   5.7323763e-19   1.6668762e-19
       5.0590750       11.752602   5.7353304e-19   1.6653072e-19
       5.0601639       11.761967   5.7382929e-19   1.6637361e-19
       5.0612528       11.771362   5.7412639e-19   1.6621627e-19
       5.0623417       11.780786   5.7442434e-19   1.6605871e-19
       5.0634306       11.790240   5.7472316e-19   1.6590093e-19
       5.0645195       11.799725   5.7502284e-19   1.6574292e-19
       5.0656084       11.809239   5.7532338e-19   1.6558469e-19
       5.0666973       11.818784   5.7562480e-19   1.6542623e-19
       5.0677862       11.828359   5.7592710e-19   1.6526755e-19
       5.0688751       11.837965   5.7623028e-19   1.6510864e-19
       5.0699641       11.847602   5.7653435e-19   1.6494950e-19
       5.0710530       11.857270   5.7683931e-19   1.6479013e-19
       5.0721419       11.866969   5.7714516e-19   1.6463053e-19
       5.0732308       11.876700   5.7745192e-19   1.6447070e-19
       5.0743197       11.886462   5.7775959e-19   1.6431064e-19
       5.0754086       11.896256   5.7806817e-19   1.6415035e-19
       5.0764975       11.906082   5.7837766e-19   1.6398982e-19
       5.0775864       11.915941   5.7868807e-19   1.6382905e-19
       5.0786753       11.925831   5.7899942e-19   1.6366805e-19
       5.0797642       11.935754   5.7931169e-19   1.6350682e-19
       5.0808532       11.945710   5.7962490e-19   1.6334534e-19
       5.0819421       11.955699   5.7993906e-19   1.6318363e-19
       5.0830310       11.965720   5.8025416e-19   1.6302168e-19
       5.0841199       11.975775   5.8057021e-19   1.6285949e-19
       5.0852088       11.985864   5.8088722e-19   1.6269705e-19
       5.0862977       11.995986   5.8120520e-19   1.6253438e-19
       5.0873866       12.006142   5.8152414e-19   1.6237146e-19
       5.0884755       12.016332   5.8184406e-19   1.6220829e-19
       5.0895644       12.026557   5.8216496e-19   1.6204488e-19
       5.0906533       12.036816   5.8248684e-19   1.6188122e-19
       5.0917422       12.047110   5.8280972e-19   1.6171732e-19
       5.0928312       12.057438   5.8313359e-19   1.6155317e-19
       5.0939201       12.067802   5.8345846e-19   1.6138876e-19
       5.0950090       12.078201   5.8378435e-19   1.6122411e-19
       5.0960979       12.088635   5.8411124e-19   1.6105920e-19
       5.0971868       12.099106   5.8443916e-19   1.6089405e-19
       5.0982757       12.109612   5.8476810e-19   1.6072863e-19
       5.0993646       12.120154   5.8509807e-19   1.6056297e-19
       5.1004535       12.130733   5.8542908e-19   1.6039704e-19
       5.1015424       12.141349   5.8576113e-19   1.6023086e-19
       5.1026313       12.152001   5.8609423e-19   1.6006442e-19
       5.1037203       12.162690   5.8642839e-19   1.5989773e-19
       5.1048092       12.173417   5.8676361e-19   1.5973077e-19
       5.1058981       12.184181   5.8709990e-19   1.5956355e-19
       5.1069870       12.194983   5.8743726e-19   1.5939606e-19
       5.1080759       12.205824   5.8777570e-19   1.5922832e-19
       5.1091648       12.216702   5.8811523e-19   1.5906030e-19
       5.1102537       12.227619   5.8845585e-19   1.5889202e-19
       5.1113426       12.238574   5.8879758e-19   1.5872348e-19
       5.1124315       12.249568   5.8914041e-19   1.5855466e-19
       5.1135204       12.260602   5.8948435e-19   1.5838558e-19
       5.1146094       12.271675   5.8982941e-19   1.5821623e-19
       5.1156983       12.282788   5.9017560e-19   1.5804660e-19
       5.1167872       12.293941   5.9052292e-19   1.5787670e-19
       5.1178761       12.305134   5.9087139e-19   1.5770652e-19
       5.1189650       12.316367   5.9122100e-19   1.5753607e-19
       5.1200539       12.327642   5.9157176e-19   1.5736535e-19
       5.1211428       12.338957   5.9192369e-19   1.5719434e-19
       5.1222317       12.350313   5.9227678e-19   1.5702305e-19
       5.1233206       12.361711   5.9263105e-19   1.5685149e-19
       5.1244095       12.373151   5.9298650e-19   1.5667964e-19
       5.1254985       12.384633   5.9334314e-19   1.5650751e-19
       5.1265874       12.396157   5.9370098e-19   1.5633509e-19
       5.1276763       12.407724   5.9406003e-19   1.5616239e-19
       5.1287652       12.419333   5.9442028e-19   1.5598940e-19
       5.1298541       12.430986   5.9478176e-19   1.5581613e-19
       5.1309430       12.442682   5.9514446e-19   1.5564256e-19
       5.1320319       12.454422   5.9550840e-19   1.5546870e-19
       5.1331208       12.466206   5.9587358e-19   1.5529455e-19
       5.1342097       12.478035   5.9624001e-19   1.5512011e-19
       5.1352986       12.489908   5.9660770e-19   1.5494537e-19
       5.1363876       12.501826   5.9697666e-19   1.5477033e-19
       5.1374765       12.513789   5.9734689e-19   1.5459500e-19
       5.1385654       12.525797   5.9771841e-19   1.5441936e-19
       5.1396543       12.537852   5.9809122e-19   1.5424343e-19
       5.1407432       12.549953   5.9846532e-19   1.5406719e-19
       5.1418321       12.562100   5.9884074e-19   1.5389065e-19
       5.1429210       12.574293   5.9921747e-19   1.5371381e-19
       5.1440099       12.586534   5.9959552e-19   1.5353665e-19
       5.1450988       12.598823   5.9997491e-19   1.5335919e-19
       5.1461877       12.611159   6.0035564e-19   1.5318143e-19
       5.1472766       12.623543   6.0073772e-19   1.5300335e-19
       5.1483656       12.635975   6.0112116e-19   1.5282495e-19
       5.1494545       12.648457   6.0150597e-19   1.5264625e-19
       5.1505434       12.660987   6.0189216e-19   1.5246722e-19
       5.1516323       12.673566   6.0227973e-19   1.5228789e-19
       5.1527212       12.686196   6.0266870e-19   1.5210823e-19
       5.1538101       12.698875   6.0305908e-19   1.5192825e-19
       5.1548990       12.711605   6.0345087e-19   1.5174795e-19
       5.1559879       12.724386   6.0384408e-19   1.5156733e-19
       5.1570768       12.737218   6.0423873e-19   1.5138638e-19
       5.1581657       12.750102   6.0463482e-19   1.5120511e-19
       5.1592547       12.763037   6.0503236e-19   1.5102351e-19
       5.1603436       12.776025   6.0543137e-19   1.5084158e-19
       5.1614325       12.789065   6.0583185e-19   1.5065931e-19
       5.1625214       12.802158   6.0623382e-19   1.5047672e-19
       5.1636103       12.815305   6.0663727e-19   1.5029379e-19
       5.1646992       12.828505   6.0704223e-19   1.5011052e-19
       5.1657881       12.841760   6.0744871e-19   1.4992691e-19
       5.1668770       12.855069   6.0785670e-19   1.4974297e-19
       5.1679659       12.868433   6.0826624e-19   1.4955868e-19
       5.1690548       12.881853   6.0867732e-19   1.4937405e-19
       5.1701438       12.895328   6.0908995e-19   1.4918908e-19
       5.1712327       12.908860   6.0950415e-19   1.4900376e-19
       5.1723216       12.922448   6.0991993e-19   1.4881809e-19
       5.1734105       12.936093   6.1033730e-19   1.4863207e-19
       5.1744994       12.949795   6.1075627e-19   1.4844569e-19
       5.1755883       12.963556   6.1117686e-19   1.4825897e-19
       5.1766772       12.977375   6.1159906e-19   1.4807188e-19
       5.1777661       12.991252   6.1202290e-19   1.4788444e-19
       5.1788550       13.005189   6.1244839e-19   1.4769664e-19
       5.1799439       13.019185   6.1287554e-19   1.4750848e-19
       5.1810329       13.033241   6.1330435e-19   1.4731996e-19
       5.1821218       13.047358   6.1373485e-19   1.4713107e-19
       5.1832107       13.061536   6.1416705e-19   1.4694181e-19
       5.1842996       13.075775   6.1460095e-19   1.4675218e-19
       5.1853885       13.090077   6.1503657e-19   1.4656218e-19
       5.1864774       13.104440   6.1547392e-19   1.4637181e-19
       5.1875663       13.118867   6.1591302e-19   1.4618106e-19
       5.1886552       13.133357   6.1635387e-19   1.4598994e-19
       5.1897441       13.147911   6.1679650e-19   1.4579843e-19
       5.1908330       13.162529   6.1724091e-19   1.4560655e-19
       5.1919220       13.177212   6.1768712e-19   1.4541428e-19
       5.1930109       13.191961   6.1813514e-19   1.4522162e-19
       5.1940998       13.206775   6.1858498e-19   1.4502858e-19
       5.1951887       13.221656   6.1903666e-19   1.4483515e-19
       5.1962776       13.236604   6.1949019e-19   1.4464132e-19
       5.1973665       13.251619   6.1994559e-19   1.4444710e-19
       5.1984554       13.266703   6.2040287e-19   1.4425249e-19
       5.1995443       13.281855   6.2086205e-19   1.4405747e-19
       5.2006332       13.297076   6.2132313e-19   1.4386206e-19
       5.2017221       13.312366   6.2178614e-19   1.4366624e-19
       5.2028110       13.327727   6.2225108e-19   1.4347001e-19
       5.2039000       13.343159   6.2271798e-19   1.4327338e-19
       5.2049889       13.358663   6.2318685e-19   1.4307634e-19
       5.2060778       13.374238   6.2365770e-19   1.4287888e-19
       5.2071667       13.389886   6.2413056e-19   1.4268101e-19
       5.2082556       13.405607   6.2460542e-19   1.4248272e-19
       5.2093445       13.421402   6.2508232e-19   1.4228402e-19
       5.2104334       13.437271   6.2556127e-19   1.4208489e-19
       5.2115223       13.453215   6.2604228e-19   1.4188533e-19
       5.2126112       13.469235   6.2652537e-19   1.4168535e-19
       5.2137001       13.485331   6.2701056e-19   1.4148494e-19
       5.2147891       13.501504   6.2749786e-19   1.4128410e-19
       5.2158780       13.517755   6.2798729e-19   1.4108282e-19
       5.2169669       13.534084   6.2847888e-19   1.4088110e-19
       5.2180558       13.550492   6.2897262e-19   1.4067895e-19
       5.2191447       13.566980   6.2946855e-19   1.4047635e-19
       5.2202336       13.583548   6.2996668e-19   1.4027330e-19
       5.2213225       13.600196   6.3046703e-19   1.4006981e-19
       5.2224114       13.616927   6.3096962e-19   1.3986587e-19
       5.2235003       13.633740   6.3147446e-19   1.3966147e-19
       5.2245892       13.650636   6.3198158e-19   1.3945662e-19
       5.2256782       13.667615   6.3249099e-19   1.3925131e-19
       5.2267671       13.684680   6.3300271e-19   1.3904554e-19
       5.2278560       13.701829   6.3351677e-19   1.3883930e-19
       5.2289449       13.719065   6.3403318e-19   1.3863260e-19
       5.2300338       13.736388   6.3455196e-19   1.3842542e-19
       5.2311227       13.753798   6.3507313e-19   1.3821777e-19
       5.2322116       13.771297   6.3559671e-19   1.3800965e-19
       5.2333005       13.788885   6.3612273e-19   1.3780104e-19
       5.2343894       13.806562   6.3665120e-19   1.3759195e-19
       5.2354783       13.824331   6.3718215e-19   1.3738238e-19
       5.2365673       13.842191   6.3771559e-19   1.3717232e-19
       5.2376562       13.860144   6.3825155e-19   1.3696176e-19
       5.2387451       13.878190   6.3879006e-19   1.3675072e-19
       5.2398340       13.896331   6.3933112e-19   1.3653917e-19
       5.2409229       13.914566   6.3987477e-19   1.3632712e-19
       5.2420118       13.932897   6.4042103e-19   1.3611457e-19
       5.2431007       13.951326   6.4096992e-19   1.3590151e-19
       5.2441896       13.969852   6.4152147e-19   1.3568794e-19
       5.2452785       13.988476   6.4207570e-19   1.3547385e-19
       5.2463674       14.007201   6.4263262e-19   1.3525925e-19
       5.2474564       14.026025   6.4319228e-19   1.3504412e-19
       5.2485453       14.044952   6.4375469e-19   1.3482847e-19
       5.2496342       14.063981   6.4431987e-19   1.3461229e-19
       5.2507231       14.083113   6.4488786e-19   1.3439558e-19
       5.2518120       14.102350   6.4545867e-19   1.3417833e-19
       5.2529009       14.121692   6.4603234e-19   1.3396054e-19
       5.2539898       14.141141   6.4660889e-19   1.3374221e-19
       5.2550787       14.160697   6.4718835e-19   1.3352334e-19
       5.2561676       14.180362   6.4777074e-19   1.3330391e-19
       5.2572565       14.200137   6.4835609e-19   1.3308393e-19
       5.2583454       14.220022   6.4894444e-19   1.3286339e-19
       5.2594344       14.240020   6.4953580e-19   1.3264229e-19
       5.2605233       14.260130   6.5013021e-19   1.3242062e-19
       5.2616122       14.280354   6.5072770e-19   1.3219839e-19
       5.2627011       14.300694   6.5132829e-19   1.3197558e-19
       5.2637900       14.321150   6.5193202e-19   1.3175219e-19
       5.2648789       14.341724   6.5253891e-19   1.3152822e-19
       5.2659678       14.362416   6.5314900e-19   1.3130366e-19
       5.2670567       14.383229   6.5376232e-19   1.3107851e-19
       5.2681456       14.404163   6.5437890e-19   1.3085277e-19
       5.2692345       14.425219   6.5499877e-19   1.3062643e-19
       5.2703235       14.446399   6.5562196e-19   1.3039948e-19
       5.2714124       14.467704   6.5624851e-19   1.3017193e-19
       5.2725013       14.489136   6.5687846e-19   1.2994376e-19
       5.2735902       14.510696   6.5751182e-19   1.2971498e-19
       5.2746791       14.532384   6.5814865e-19   1.2948558e-19
       5.2757680       14.554203   6.5878897e-19   1.2925555e-19
       5.2768569       14.576154   6.5943282e-19   1.2902489e-19
       5.2779458       14.598238   6.6008024e-19   1.2879359e-19
       5.2790347       14.620457   6.6073126e-19   1.2856166e-19
       5.2801236       14.642812   6.6138592e-19   1.2832908e-19
       5.2812126       14.665304   6.6204426e-19   1.2809584e-19
       5.2823015       14.687936   6.6270631e-19   1.2786196e-19
       5.2833904       14.710709   6.6337212e-19   1.2762741e-19
       5.2844793       14.733623   6.6404172e-19   1.2739220e-19
       5.2855682       14.756682   6.6471516e-19   1.2715632e-19
       5.2866571       14.779886   6.6539247e-19   1.2691976e-19
       5.2877460       14.803237   6.6607370e-19   1.2668252e-19
       5.2888349       14.826736   6.6675888e-19   1.2644459e-19
       5.2899238       14.850387   6.6744807e-19   1.2620598e-19
       5.2910127       14.874189   6.6814130e-19   1.2596666e-19
       5.2921017       14.898145   6.6883862e-19   1.2572664e-19
       5.2931906       14.922256   6.6954008e-19   1.2548592e-19
       5.2942795       14.946525   6.7024571e-19   1.2524448e-19
       5.2953684       14.970954   6.7095557e-19   1.2500232e-19
       5.2964573       14.995543   6.7166969e-19   1.2475943e-19
       5.2975462       15.020295   6.7238814e-19   1.2451581e-19
       5.2986351       15.045213   6.7311096e-19   1.2427145e-19
       5.2997240       15.070297   6.7383819e-19   1.2402635e-19
       5.3008129       15.095550   6.7456989e-19   1.2378050e-19
       5.3019018       15.120973   6.7530610e-19   1.2353389e-19
       5.3029908       15.146570   6.7604689e-19   1.2328652e-19
       5.3040797       15.172342   6.7679230e-19   1.2303838e-19
       5.3051686       15.198291   6.7754239e-19   1.2278946e-19
       5.3062575       15.224419   6.7829720e-19   1.2253976e-19
       5.3073464       15.250728   6.7905680e-19   1.2228927e-19
       5.3084353       15.277222   6.7982125e-19   1.2203799e-19
       5.3095242       15.303901   6.8059059e-19   1.2178590e-19
       5.3106131       15.330769   6.8136489e-19   1.2153300e-19
       5.3117020       15.357827   6.8214420e-19   1.2127928e-19
       5.3127909       15.385078   6.8292860e-19   1.2102474e-19
       5.3138798       15.412526   6.8371813e-19   1.2076936e-19
       5.3149688       15.440171   6.8451286e-19   1.2051315e-19
       5.3160577       15.468016   6.8531286e-19   1.2025609e-19
       5.3171466       15.496065   6.8611819e-19   1.1999817e-19
       5.3182355       15.524320   6.8692891e-19   1.1973939e-19
       5.3193244       15.552783   6.8774509e-19   1.1947974e-19
       5.3204133       15.581458   6.8856681e-19   1.1921921e-19
       5.3215022       15.610346   6.8939412e-19   1.1895780e-19
       5.3225911       15.639452   6.9022711e-19   1.1869549e-19
       5.3236800       15.668777   6.9106584e-19   1.1843227e-19
       5.3247689       15.698325   6.9191038e-19   1.1816815e-19
       5.3258579       15.728099   6.9276082e-19   1.1790310e-19
       5.3269468       15.758101   6.9361722e-19   1.1763713e-19
       5.3280357       15.788336   6.9447967e-19   1.1737021e-19
       5.3291246       15.818805   6.9534825e-19   1.1710235e-19
       5.3302135       15.849513   6.9622303e-19   1.1683353e-19
       5.3313024       15.880463   6.9710410e-19   1.1656375e-19
       5.3323913       15.911658   6.9799154e-19   1.1629299e-19
       5.3334802       15.943101   6.9888544e-19   1.1602124e-19
       5.3345691       15.974797   6.9978588e-19   1.1574850e-19
       5.3356580       16.006748   7.0069296e-19   1.1547476e-19
       5.3367470       16.038958   7.0160676e-19   1.1520000e-19
       5.3378359       16.071432   7.0252738e-19   1.1492421e-19
       5.3389248       16.104172   7.0345491e-19   1.1464739e-19
       5.3400137       16.137184   7.0438944e-19   1.1436952e-19
       5.3411026       16.170470   7.0533109e-19   1.1409060e-19
       5.3421915       16.204035   7.0627994e-19   1.1381060e-19
       5.3432804       16.237883   7.0723610e-19   1.1352953e-19
       5.3443693       16.272019   7.0819968e-19   1.1324736e-19
       5.3454582       16.306446   7.0917077e-19   1.1296410e-19
       5.3465471       16.341169   7.1014950e-19   1.1267971e-19
       5.3476361       16.376193   7.1113596e-19   1.1239420e-19
       5.3487250       16.411522   7.1213028e-19   1.1210756e-19
       5.3498139       16.447161   7.1313258e-19   1.1181976e-19
       5.3509028       16.483115   7.1414296e-19   1.1153079e-19
       5.3519917       16.519389   7.1516155e-19   1.1124066e-19
       5.3530806       16.555987   7.1618848e-19   1.1094933e-19
       5.3541695       16.592916   7.1722387e-19   1.1065679e-19
       5.3552584       16.630180   7.1826786e-19   1.1036304e-19
       5.3563473       16.667785   7.1932057e-19   1.1006806e-19
       5.3574362       16.705737   7.2038213e-19   1.0977184e-19
       5.3585252       16.744040   7.2145270e-19   1.0947436e-19
       5.3596141       16.782701   7.2253241e-19   1.0917560e-19
       5.3607030       16.821726   7.2362140e-19   1.0887555e-19
       5.3617919       16.861121   7.2471983e-19   1.0857420e-19
       5.3628808       16.900892   7.2582784e-19   1.0827153e-19
       5.3639697       16.941046   7.2694560e-19   1.0796753e-19
       5.3650586       16.981589   7.2807325e-19   1.0766217e-19
       5.3661475       17.022528   7.2921097e-19   1.0735545e-19
       5.3672364       17.063870   7.3035893e-19   1.0704734e-19
       5.3683253       17.105621   7.3151728e-19   1.0673783e-19
       5.3694142       17.147790   7.3268621e-19   1.0642690e-19
       5.3705032       17.190383   7.3386590e-19   1.0611453e-19
       5.3715921       17.233408   7.3505653e-19   1.0580071e-19
       5.3726810       17.276874   7.3625830e-19   1.0548541e-19
       5.3737699       17.320787   7.3747138e-19   1.0516863e-19
       5.3748588       17.365157   7.3869599e-19   1.0485033e-19
       5.3759477       17.409991   7.3993233e-19   1.0453049e-19
       5.3770366       17.455299   7.4118060e-19   1.0420911e-19
       5.3781255       17.501089   7.4244102e-19   1.0388615e-19
       5.3792144       17.547370   7.4371381e-19   1.0356160e-19
       5.3803033       17.594153   7.4499920e-19   1.0323544e-19
       5.3813923       17.641446   7.4629741e-19   1.0290764e-19
       5.3824812       17.689259   7.4760869e-19   1.0257818e-19
       5.3835701       17.737604   7.4893329e-19   1.0224704e-19
       5.3846590       17.786489   7.5027145e-19   1.0191419e-19
       5.3857479       17.835927   7.5162342e-19   1.0157961e-19
       5.3868368       17.885928   7.5298949e-19   1.0124327e-19
       5.3879257       17.936504   7.5436992e-19   1.0090516e-19
       5.3890146       17.987667   7.5576499e-19   1.0056524e-19
       5.3901035       18.039428   7.5717499e-19   1.0022349e-19
       5.3911924       18.091800   7.5860022e-19   9.9879884e-20
       5.3922814       18.144797   7.6004099e-19   9.9534389e-20
       5.3933703       18.198430   7.6149761e-19   9.9186979e-20
       5.3944592       18.252715   7.6297040e-19   9.8837626e-20
       5.3955481       18.307666   7.6445971e-19   9.8486299e-20
       5.3966370       18.363296   7.6596587e-19   9.8132969e-20
       5.3977259       18.419620   7.6748925e-19   9.7777603e-20
       5.3988148       18.476656   7.6903020e-19   9.7420171e-20
       5.3999037       18.534417   7.7058911e-19   9.7060638e-20
       5.4009926       18.592922   7.7216637e-19   9.6698972e-20
       5.4020815       18.652187   7.7376237e-19   9.6335138e-20
       5.4031705       18.712229   7.7537755e-19   9.5969100e-20
       5.4042594       18.773067   7.7701231e-19   9.5600822e-20
       5.4053483       18.834721   7.7866711e-19   9.5230266e-20
       5.4064372       18.897208   7.8034241e-19   9.4857394e-20
       5.4075261       18.960550   7.8203868e-19   9.4482167e-20
       5.4086150       19.024768   7.8375641e-19   9.4104543e-20
       5.4097039       19.089883   7.8549610e-19   9.3724481e-20
       5.4107928       19.155917   7.8725829e-19   9.3341938e-20
       5.4118817       19.222895   7.8904350e-19   9.2956870e-20
       5.4129706       19.290839   7.9085231e-19   9.2569231e-20
       5.4140596       19.359776   7.9268530e-19   9.2178974e-20
       5.4151485       19.429730   7.9454307e-19   9.1786052e-20
       5.4162374       19.500730   7.9642624e-19   9.1390413e-20
       5.4173263       19.572802   7.9833546e-19   9.0992008e-20
       5.4184152       19.645976   8.0027142e-19   9.0590783e-20
       5.4195041       19.720282   8.0223480e-19   9.0186684e-20
       5.4205930       19.795752   8.0422633e-19   8.9779655e-20
       5.4216819       19.872418   8.0624676e-19   8.9369637e-20
       5.4227708       19.950315   8.0829689e-19   8.8956570e-20
       5.4238597       20.029476   8.1037752e-19   8.8540394e-20
       5.4249486       20.109941   8.1248950e-19   8.8121044e-20
       5.4260376       20.191746   8.1463372e-19   8.7698453e-20
       5.4271265       20.274933   8.1681110e-19   8.7272554e-20
       5.4282154       20.359542   8.1902259e-19   8.6843276e-20
       5.4293043       20.445618   8.2126920e-19   8.6410546e-20
       5.4303932       20.533206   8.2355196e-19   8.5974287e-20
       5.4314821       20.622355   8.2587197e-19   8.5534422e-20
       5.4325710       20.713113   8.2823037e-19   8.5090870e-20
       5.4336599       20.805533   8.3062833e-19   8.4643545e-20
       5.4347488       20.899670   8.3306711e-19   8.4192360e-20
       5.4358377       20.995582   8.3554800e-19   8.3737225e-20
       5.4369267       21.093327   8.3807236e-19   8.3278045e-20
       5.4380156       21.192970   8.4064163e-19   8.2814722e-20
       5.4391045       21.294576   8.4325730e-19   8.2347154e-20
       5.4401934       21.398216   8.4592093e-19   8.1875235e-20
       5.4412823       21.503962   8.4863418e-19   8.1398855e-20
       5.4423712       21.611891   8.5139877e-19   8.0917898e-20
       5.4434601       21.722085   8.5421653e-19   8.0432245e-20
       5.4445490       21.834629   8.5708938e-19   7.9941771e-20
       5.4456379       21.949614   8.6001933e-19   7.9446344e-20
       5.4467268       22.067134   8.6300851e-19   7.8945829e-20
       5.4478158       22.187291   8.6605917e-19   7.8440083e-20
       5.4489047       22.310191   8.6917368e-19   7.7928958e-20
       5.4499936       22.435947   8.7235455e-19   7.7412296e-20
       5.4510825       22.564679   8.7560443e-19   7.6889935e-20
       5.4521714       22.696513   8.7892614e-19   7.6361703e-20
       5.4532603       22.831586   8.8232265e-19   7.5827420e-20
       5.4543492       22.970040   8.8579712e-19   7.5286897e-20
       5.4554381       23.112028   8.8935294e-19   7.4739936e-20
       5.4565270       23.257713   8.9299366e-19   7.4186326e-20
       5.4576159       23.407269   8.9672310e-19   7.3625849e-20
       5.4587049       23.560883   9.0054534e-19   7.3058271e-20
       5.4597938       23.718753   9.0446471e-19   7.2483347e-20
       5.4608827       23.881092   9.0848586e-19   7.1900818e-20
       5.4619716       24.048130   9.1261376e-19   7.1310410e-20
       5.4630605       24.220113   9.1685376e-19   7.0711831e-20
       5.4641494       24.397307   9.2121158e-19   7.0104774e-20
       5.4652383       24.579996   9.2569340e-19   6.9488911e-20
       5.4663272       24.768491   9.3030587e-19   6.8863893e-20
       5.4674161       24.963127   9.3505617e-19   6.8229349e-20
       5.4685050       25.164266   9.3995209e-19   6.7584882e-20
       5.4685050       25.962284   1.0090478e-18   6.8516960e-20
       5.4695940       26.174384   1.0434067e-18   6.9801021e-20
       5.4706829       26.404341   1.0782490e-18   7.0984352e-20
       5.4717718       26.653573   1.1135012e-18   7.2053332e-20
       5.4728607       26.923587   1.1490813e-18   7.2994264e-20
       5.4739496       27.215984   1.1848986e-18   7.3793610e-20
       5.4750385       27.532460   1.2208543e-18   7.4438272e-20
       5.4761274       27.874800   1.2568416e-18   7.4915897e-20
       5.4772163       28.244879   1.2927468e-18   7.5215209e-20
       5.4783052       28.644649   1.3284497e-18   7.5326366e-20
       5.4793941       29.076139   1.3638252e-18   7.5241311e-20
       5.4804830       29.541431   1.3987443e-18   7.4954122e-20
       5.4815720       30.042648   1.4330761e-18   7.4461341e-20
       5.4826609       30.581932   1.4666894e-18   7.3762247e-20
       5.4837498       31.161407   1.4994545e-18   7.2859079e-20
       5.4848387       31.783150   1.5312450e-18   7.1757170e-20
       5.4859276       32.449143   1.5619399e-18   7.0464987e-20
       5.4870165       33.161222   1.5914243e-18   6.8994059e-20
       5.4881054       33.921014   1.6195911e-18   6.7358780e-20
       5.4891943       34.729870   1.6463407e-18   6.5576102e-20
       5.4902832       35.588788   1.6715806e-18   6.3665104e-20
       5.4913721       36.498325   1.6952234e-18   6.1646471e-20
       5.4924611       37.458514   1.7171842e-18   5.9541880e-20
       5.4935500       38.468772   1.7373761e-18   5.7373357e-20
       5.4946389       39.527810   1.7557047e-18   5.5162603e-20
       5.4957278       40.633559   1.7720610e-18   5.2930348e-20
       5.4968167       41.783102   1.7863145e-18   5.0695764e-20
       5.4979056       42.972628   1.7983048e-18   4.8475964e-20
       5.4989945       44.197418   1.8078351e-18   4.6285629e-20
       5.5000834       45.451857   1.8146667e-18   4.4136769e-20
       5.5011723       46.729494   1.8185171e-18   4.2038647e-20
       5.5022612       48.023136   1.8190627e-18   3.9997857e-20
       5.5033502       49.324984   1.8159477e-18   3.8018554e-20
       5.5044391       50.626813   1.8087998e-18   3.6102816e-20
       5.5055280       51.920178   1.7972527e-18   3.4251098e-20
       5.5066169       53.196641   1.7809758e-18   3.2462749e-20
       5.5077058       54.448006   1.7597061e-18   3.0736530e-20
       5.5087947       55.666548   1.7332811e-18   2.9071077e-20
       5.5098836       56.845224   1.7016667e-18   2.7465270e-20
       5.5109725       57.977841   1.6649763e-18   2.5918466e-20
       5.5120614       59.059198   1.6234766e-18   2.4430584e-20
       5.5131503       60.085161   1.5775803e-18   2.3002050e-20
       5.5142393       61.052703   1.5278248e-18   2.1633639e-20
       5.5153282       61.959890   1.4748413e-18   2.0326259e-20
       5.5164171       62.805824   1.4193172e-18   1.9080713e-20
       5.5175060       63.590560   1.3619590e-18   1.7897505e-20
       5.5185949       64.314992   1.3034576e-18   1.6776686e-20
       5.5196838       64.980726   1.2444608e-18   1.5717779e-20
       5.5207727       65.589948   1.1855525e-18   1.4719762e-20
       5.5218616       66.145295   1.1272418e-18   1.3781103e-20
       5.5229505       66.649728   1.0699568e-18   1.2899837e-20
       5.5240394       67.106423   1.0140463e-18   1.2073651e-20
       5.5251284       67.518672   9.5978356e-19   1.1299984e-20
       5.5262173       67.889797   9.0737408e-19   1.0576122e-20
       5.5273062       68.223086   8.5696368e-19   9.8992717e-21
       5.5283951       68.521740   8.0864739e-19   9.2666369e-21
       5.5294840       68.788829   7.6247793e-19   8.6754650e-21
       5.5305729       69.027264   7.1847350e-19   8.1230889e-21
       5.5316618       69.239782   6.7662473e-19   7.6069535e-21
       5.5327507       69.428930   6.3690067e-19   7.1246331e-21
       5.5338396       69.597066   5.9925390e-19   6.6738406e-21
       5.5349285       69.746354   5.6362470e-19   6.2524311e-21
       5.5360174       69.878774   5.2994452e-19   5.8584005e-21
       5.5371064       69.996128   4.9813881e-19   5.4898821e-21
       5.5381953       70.100046   4.6812922e-19   5.1451399e-21
       5.5392842       70.192004   4.3983539e-19   4.8225621e-21
       5.5403731       70.273326   4.1317633e-19   4.5206530e-21
       5.5414620       70.345203   3.8807150e-19   4.2380251e-21
       5.5425509       70.408701   3.6444159e-19   3.9733912e-21
       5.5436398       70.464773   3.4220918e-19   3.7255570e-21
       5.5447287       70.514268   3.2129913e-19   3.4934139e-21
       5.5458176       70.557944   3.0163893e-19   3.2759320e-21
       5.5469065       70.596472   2.8315888e-19   3.0721543e-21
       5.5479955       70.630451   2.6579226e-19   2.8811909e-21
       5.5490844       70.660411   2.4947533e-19   2.7022135e-21
       5.5501733       70.686821   2.3414741e-19   2.5344508e-21
       5.5512622       70.710099   2.1975081e-19   2.3771842e-21
       5.5523511       70.730612   2.0623079e-19   2.2297435e-21
       5.5534400       70.748687   1.9353551e-19   2.0915037e-21
       5.5545289       70.764610   1.8161591e-19   1.9618810e-21
       5.5556178       70.778638   1.7042561e-19   1.8403305e-21
       5.5567067       70.790993   1.5992086e-19   1.7263430e-21
       5.5577956       70.801876   1.5006033e-19   1.6194424e-21
       5.5588846       70.811460   1.4080511e-19   1.5191835e-21
       5.5599735       70.819900   1.3211850e-19   1.4251500e-21
       5.5610624       70.827332   1.2396596e-19   1.3369521e-21
       5.5621513       70.833876   1.1631497e-19   1.2542250e-21
       5.5632402       70.839638   1.0913495e-19   1.1766273e-21
       5.5643291       70.844711   1.0239712e-19   1.1038391e-21
       5.5654180       70.849178   9.6074420e-20   1.0355608e-21
       5.5665069       70.853110   9.0141430e-20   9.7151182e-22
       5.5675958       70.856572   8.4574250e-20   9.1142911e-22
       5.5686847       70.859620   7.9350425e-20   8.5506622e-22
       5.5697737       70.862303   7.4448862e-20   8.0219216e-22
       5.5708626       70.864665   6.9849750e-20   7.5259038e-22
       5.5719515       70.866744   6.5534482e-20   7.0605790e-22
       5.5730404       70.868575   6.1485587e-20   6.6240439e-22
       5.5741293       70.870186   5.7686661e-20   6.2145141e-22
       5.5752182       70.871605   5.4122303e-20   5.8303163e-22
       5.5763071       70.872853   5.0778057e-20   5.4698812e-22
       5.5773960       70.873952   4.7640350e-20   5.1317372e-22
       5.5784849       70.874920   4.4696445e-20   4.8145044e-22
       5.5795738       70.875771   4.1934387e-20   4.5168881e-22
       5.5806628       70.876521   3.9342955e-20   4.2376745e-22
       5.5817517       70.877181   3.6911619e-20   3.9757247e-22
       5.5828406       70.877761   3.4630497e-20   3.7299705e-22
       5.5839295       70.878273   3.2490314e-20   3.4994101e-22
       5.5850184       70.878723   3.0482369e-20   3.2831036e-22
       5.5861073       70.879119   2.8598495e-20   3.0801694e-22
       5.5871962       70.879467   2.6831030e-20   2.8897805e-22
       5.5882851       70.879774   2.5172784e-20   2.7111611e-22
       5.5893740       70.880045   2.3617011e-20   2.5435833e-22
       5.5904629       70.880282   2.2157380e-20   2.3863644e-22
       5.5915518       70.880492   2.0787952e-20   2.2388640e-22
       5.5926408       70.880676   1.9503154e-20   2.1004811e-22
       5.5937297       70.880838   1.8297757e-20   1.9706521e-22
       5.5948186       70.880981   1.7166855e-20   1.8488482e-22
       5.5959075       70.881106   1.6105845e-20   1.7345731e-22
       5.5969964       70.881217   1.5110408e-20   1.6273616e-22
       5.5980853       70.881314   1.4176492e-20   1.5267768e-22
       5.5991742       70.881400   1.3300296e-20   1.4324093e-22
       5.6002631       70.881475   1.2478253e-20   1.3438746e-22
       5.6013520       70.881542   1.1707015e-20   1.2608122e-22
       5.6024409       70.881600   1.0983444e-20   1.1828838e-22
       5.6035299       70.881652   1.0304593e-20   1.1097722e-22
       5.6046188       70.881697   9.6676990e-21   1.0411794e-22
       5.6057077       70.881737   9.0701686e-21   9.7682638e-23
       5.6067966       70.881772   8.5095690e-21   9.1645088e-23
       5.6078855       70.881803   7.9836180e-21   8.5980710e-23
       5.6089744       70.881830   7.4901740e-21   8.0666439e-23
       5.6100633       70.881854   7.0272281e-21   7.5680633e-23
       5.6111522       70.881875   6.5928952e-21   7.1002990e-23
       5.6122411       70.881893   6.1854069e-21   6.6614464e-23
