    0.0013708563       5.0039541   4.8159941e-19   5.5420865e-19
     0.015079419       5.0105992   4.8201557e-19   5.5333965e-19
     0.028787982       5.0172780   4.8243365e-19   5.5246876e-19
     0.042496545       5.0239909   4.8285366e-19   5.5159597e-19
     0.056205108       5.0307381   4.8327562e-19   5.5072127e-19
     0.069913671       5.0375201   4.8369954e-19   5.4984465e-19
     0.083622234       5.0443370   4.8412544e-19   5.4896609e-19
     0.097330797       5.0511892   4.8455335e-19   5.4808558e-19
      0.11103936       5.0580770   4.8498327e-19   5.4720311e-19
      0.12474792       5.0650008   4.8541522e-19   5.4631866e-19
      0.13845649       5.0719609   4.8584922e-19   5.4543224e-19
      0.15216505       5.0789576   4.8628529e-19   5.4454381e-19
      0.16587361       5.0859912   4.8672345e-19   5.4365338e-19
      0.17958218       5.0930622   4.8716371e-19   5.4276092e-19
      0.19329074       5.1001708   4.8760609e-19   5.4186643e-19
      0.20699930       5.1073174   4.8805062e-19   5.4096989e-19
      0.22070786       5.1145023   4.8849731e-19   5.4007129e-19
      0.23441643       5.1217259   4.8894618e-19   5.3917062e-19
      0.24812499       5.1289887   4.8939725e-19   5.3826785e-19
      0.26183355       5.1362908   4.8985054e-19   5.3736299e-19
      0.27554212       5.1436329   4.9030607e-19   5.3645601e-19
      0.28925068       5.1510151   4.9076386e-19   5.3554690e-19
      0.30295924       5.1584379   4.9122394e-19   5.3463565e-19
      0.31666781       5.1659017   4.9168631e-19   5.3372224e-19
      0.33037637       5.1734069   4.9215101e-19   5.3280666e-19
      0.34408493       5.1809539   4.9261805e-19   5.3188890e-19
      0.35779349       5.1885431   4.9308746e-19   5.3096893e-19
      0.37150206       5.1961749   4.9355925e-19   5.3004675e-19
      0.38521062       5.2038497   4.9403346e-19   5.2912234e-19
      0.39891918       5.2115680   4.9451010e-19   5.2819569e-19
      0.41262775       5.2193302   4.9498919e-19   5.2726677e-19
      0.42633631       5.2271367   4.9547077e-19   5.2633558e-19
      0.44004487       5.2349880   4.9595485e-19   5.2540210e-19
      0.45375344       5.2428846   4.9644145e-19   5.2446631e-19
      0.46746200       5.2508268   4.9693061e-19   5.2352820e-19
      0.48117056       5.2588152   4.9742234e-19   5.2258775e-19
      0.49487912       5.2668502   4.9791667e-19   5.2164495e-19
      0.50858769       5.2749323   4.9841363e-19   5.2069977e-19
      0.52229625       5.2830620   4.9891324e-19   5.1975221e-19
      0.53600481       5.2912398   4.9941553e-19   5.1880224e-19
      0.54971338       5.2994661   4.9992052e-19   5.1784984e-19
      0.56342194       5.3077416   5.0042824e-19   5.1689501e-19
      0.57713050       5.3160666   5.0093872e-19   5.1593772e-19
      0.59083907       5.3244418   5.0145199e-19   5.1497796e-19
      0.60454763       5.3328677   5.0196807e-19   5.1401570e-19
      0.61825619       5.3413447   5.0248699e-19   5.1305093e-19
      0.63196475       5.3498735   5.0300878e-19   5.1208364e-19
      0.64567332       5.3584546   5.0353347e-19   5.1111379e-19
      0.65938188       5.3670885   5.0406108e-19   5.1014138e-19
      0.67309044       5.3757759   5.0459166e-19   5.0916639e-19
      0.68679901       5.3845173   5.0512523e-19   5.0818879e-19
      0.70050757       5.3933133   5.0566182e-19   5.0720857e-19
      0.71421613       5.4021645   5.0620146e-19   5.0622570e-19
      0.72792470       5.4110715   5.0674418e-19   5.0524017e-19
      0.74163326       5.4200350   5.0729002e-19   5.0425196e-19
      0.75534182       5.4290556   5.0783901e-19   5.0326104e-19
      0.76905038       5.4381338   5.0839119e-19   5.0226740e-19
      0.78275895       5.4472704   5.0894658e-19   5.0127101e-19
      0.79646751       5.4564660   5.0950522e-19   5.0027186e-19
      0.81017607       5.4657214   5.1006715e-19   4.9926991e-19
      0.82388464       5.4750370   5.1063239e-19   4.9826516e-19
      0.83759320       5.4844138   5.1120100e-19   4.9725758e-19
      0.85130176       5.4938523   5.1177300e-19   4.9624714e-19
      0.86501033       5.5033533   5.1234843e-19   4.9523382e-19
      0.87871889       5.5129175   5.1292734e-19   4.9421760e-19
      0.89242745       5.5225457   5.1350975e-19   4.9319846e-19
      0.90613601       5.5322386   5.1409571e-19   4.9217638e-19
      0.91984458       5.5419969   5.1468525e-19   4.9115132e-19
      0.93355314       5.5518215   5.1527842e-19   4.9012327e-19
      0.94726170       5.5617131   5.1587526e-19   4.8909220e-19
      0.96097027       5.5716726   5.1647582e-19   4.8805809e-19
      0.97467883       5.5817008   5.1708012e-19   4.8702091e-19
      0.98838739       5.5917984   5.1768822e-19   4.8598063e-19
       1.0020960       5.6019664   5.1830016e-19   4.8493724e-19
       1.0158045       5.6122056   5.1891598e-19   4.8389069e-19
       1.0295131       5.6225169   5.1953574e-19   4.8284098e-19
       1.0432216       5.6329012   5.2015947e-19   4.8178806e-19
       1.0569302       5.6433594   5.2078722e-19   4.8073192e-19
       1.0706388       5.6538924   5.2141904e-19   4.7967253e-19
       1.0843473       5.6645011   5.2205498e-19   4.7860985e-19
       1.0980559       5.6751866   5.2269510e-19   4.7754386e-19
       1.1117645       5.6859498   5.2333943e-19   4.7647453e-19
       1.1254730       5.6967917   5.2398803e-19   4.7540183e-19
       1.1391816       5.7077132   5.2464095e-19   4.7432574e-19
       1.1528901       5.7187156   5.2529825e-19   4.7324621e-19
       1.1665987       5.7297997   5.2595997e-19   4.7216323e-19
       1.1803073       5.7409667   5.2662618e-19   4.7107675e-19
       1.1940158       5.7522177   5.2729693e-19   4.6998675e-19
       1.2077244       5.7635537   5.2797228e-19   4.6889320e-19
       1.2214330       5.7749759   5.2865229e-19   4.6779607e-19
       1.2351415       5.7864855   5.2933701e-19   4.6669531e-19
       1.2488501       5.7980836   5.3002650e-19   4.6559090e-19
       1.2625587       5.8097715   5.3072083e-19   4.6448281e-19
       1.2762672       5.8215503   5.3142006e-19   4.6337100e-19
       1.2899758       5.8334213   5.3212424e-19   4.6225543e-19
       1.3036843       5.8453859   5.3283346e-19   4.6113607e-19
       1.3173929       5.8574452   5.3354777e-19   4.6001288e-19
       1.3311015       5.8696006   5.3426724e-19   4.5888583e-19
       1.3448100       5.8818535   5.3499194e-19   4.5775488e-19
       1.3585186       5.8942052   5.3572194e-19   4.5661999e-19
       1.3722272       5.9066571   5.3645731e-19   4.5548112e-19
       1.3859357       5.9192107   5.3719812e-19   4.5433824e-19
       1.3996443       5.9318675   5.3794445e-19   4.5319130e-19
       1.4133528       5.9446289   5.3869638e-19   4.5204027e-19
       1.4270614       5.9574964   5.3945397e-19   4.5088510e-19
       1.4407700       5.9704717   5.4021732e-19   4.4972575e-19
       1.4544785       5.9835563   5.4098649e-19   4.4856219e-19
       1.4681871       5.9967518   5.4176158e-19   4.4739436e-19
       1.4818957       6.0100599   5.4254266e-19   4.4622222e-19
       1.4956042       6.0234824   5.4332983e-19   4.4504573e-19
       1.5093128       6.0370208   5.4412316e-19   4.4386485e-19
       1.5230213       6.0506770   5.4492275e-19   4.4267952e-19
       1.5367299       6.0644529   5.4572870e-19   4.4148971e-19
       1.5504385       6.0783502   5.4654108e-19   4.4029536e-19
       1.5641470       6.0923708   5.4736000e-19   4.3909642e-19
       1.5778556       6.1065167   5.4818556e-19   4.3789285e-19
       1.5915642       6.1207899   5.4901785e-19   4.3668460e-19
       1.6052727       6.1351923   5.4985697e-19   4.3547161e-19
       1.6189813       6.1497261   5.5070303e-19   4.3425383e-19
       1.6326899       6.1643933   5.5155614e-19   4.3303122e-19
       1.6463984       6.1791962   5.5241640e-19   4.3180371e-19
       1.6601070       6.1941369   5.5328392e-19   4.3057125e-19
       1.6738155       6.2092177   5.5415882e-19   4.2933379e-19
       1.6875241       6.2244409   5.5504121e-19   4.2809127e-19
       1.7012327       6.2398089   5.5593122e-19   4.2684363e-19
       1.7149412       6.2553242   5.5682895e-19   4.2559081e-19
       1.7286498       6.2709892   5.5773454e-19   4.2433275e-19
       1.7423584       6.2868065   5.5864812e-19   4.2306940e-19
       1.7560669       6.3027786   5.5956980e-19   4.2180068e-19
       1.7697755       6.3189084   5.6049974e-19   4.2052654e-19
       1.7834840       6.3351985   5.6143805e-19   4.1924691e-19
       1.7971926       6.3516517   5.6238489e-19   4.1796172e-19
       1.8109012       6.3682710   5.6334039e-19   4.1667091e-19
       1.8246097       6.3850593   5.6430471e-19   4.1537441e-19
       1.8383183       6.4020196   5.6527798e-19   4.1407214e-19
       1.8520269       6.4191551   5.6626037e-19   4.1276404e-19
       1.8657354       6.4364689   5.6725204e-19   4.1145004e-19
       1.8794440       6.4539643   5.6825314e-19   4.1013005e-19
       1.8931526       6.4716448   5.6926384e-19   4.0880400e-19
       1.9068611       6.4895138   5.7028431e-19   4.0747182e-19
       1.9205697       6.5075747   5.7131473e-19   4.0613342e-19
       1.9342782       6.5258314   5.7235528e-19   4.0478873e-19
       1.9479868       6.5442875   5.7340613e-19   4.0343765e-19
       1.9616954       6.5629469   5.7446749e-19   4.0208012e-19
       1.9754039       6.5818135   5.7553953e-19   4.0071603e-19
       1.9891125       6.6008915   5.7662247e-19   3.9934530e-19
       2.0028211       6.6201849   5.7771650e-19   3.9796785e-19
       2.0165296       6.6396983   5.7882184e-19   3.9658357e-19
       2.0302382       6.6594358   5.7993870e-19   3.9519238e-19
       2.0439467       6.6794023   5.8106731e-19   3.9379417e-19
       2.0576553       6.6996022   5.8220790e-19   3.9238886e-19
       2.0713639       6.7200405   5.8336069e-19   3.9097633e-19
       2.0850724       6.7407222   5.8452593e-19   3.8955648e-19
       2.0987810       6.7616523   5.8570387e-19   3.8812922e-19
       2.1124896       6.7828363   5.8689478e-19   3.8669442e-19
       2.1261981       6.8042795   5.8809890e-19   3.8525198e-19
       2.1399067       6.8259875   5.8931651e-19   3.8380178e-19
       2.1536152       6.8479662   5.9054790e-19   3.8234371e-19
       2.1645821       6.8657481   5.9154312e-19   3.8117151e-19
       2.1659530       6.8679834   5.9166816e-19   3.8102462e-19
       2.1673238       6.8702216   5.9179334e-19   3.8087765e-19
       2.1686947       6.8724626   5.9191867e-19   3.8073060e-19
       2.1700655       6.8747064   5.9204415e-19   3.8058347e-19
       2.1714364       6.8769530   5.9216976e-19   3.8043625e-19
       2.1728072       6.8792025   5.9229553e-19   3.8028896e-19
       2.1741781       6.8814549   5.9242143e-19   3.8014158e-19
       2.1755489       6.8837101   5.9254749e-19   3.7999412e-19
       2.1769198       6.8859682   5.9267368e-19   3.7984658e-19
       2.1782907       6.8882292   5.9280003e-19   3.7969896e-19
       2.1796615       6.8904930   5.9292652e-19   3.7955126e-19
       2.1810324       6.8927597   5.9305315e-19   3.7940347e-19
       2.1824032       6.8950294   5.9317993e-19   3.7925560e-19
       2.1837741       6.8973019   5.9330686e-19   3.7910765e-19
       2.1851449       6.8995773   5.9343394e-19   3.7895962e-19
       2.1865158       6.9018556   5.9356116e-19   3.7881150e-19
       2.1878867       6.9041369   5.9368853e-19   3.7866330e-19
       2.1892575       6.9064210   5.9381605e-19   3.7851502e-19
       2.1906284       6.9087081   5.9394372e-19   3.7836665e-19
       2.1919992       6.9109982   5.9407154e-19   3.7821820e-19
       2.1933701       6.9132912   5.9419951e-19   3.7806967e-19
       2.1947409       6.9155871   5.9432762e-19   3.7792105e-19
       2.1961118       6.9178860   5.9445589e-19   3.7777235e-19
       2.1974826       6.9201879   5.9458430e-19   3.7762357e-19
       2.1988535       6.9224927   5.9471287e-19   3.7747470e-19
       2.2002244       6.9248005   5.9484159e-19   3.7732575e-19
       2.2015952       6.9271113   5.9497046e-19   3.7717671e-19
       2.2029661       6.9294251   5.9509948e-19   3.7702759e-19
       2.2043369       6.9317418   5.9522865e-19   3.7687839e-19
       2.2057078       6.9340616   5.9535797e-19   3.7672910e-19
       2.2070786       6.9363844   5.9548745e-19   3.7657973e-19
       2.2084495       6.9387102   5.9561708e-19   3.7643027e-19
       2.2098204       6.9410391   5.9574686e-19   3.7628072e-19
       2.2111912       6.9433710   5.9587679e-19   3.7613109e-19
       2.2125621       6.9457059   5.9600688e-19   3.7598138e-19
       2.2139329       6.9480438   5.9613713e-19   3.7583158e-19
       2.2153038       6.9503848   5.9626752e-19   3.7568169e-19
       2.2166746       6.9527289   5.9639808e-19   3.7553172e-19
       2.2180455       6.9550761   5.9652878e-19   3.7538167e-19
       2.2194164       6.9574263   5.9665965e-19   3.7523152e-19
       2.2207872       6.9597796   5.9679067e-19   3.7508129e-19
       2.2221581       6.9621360   5.9692184e-19   3.7493098e-19
       2.2235289       6.9644954   5.9705317e-19   3.7478058e-19
       2.2248998       6.9668580   5.9718466e-19   3.7463009e-19
       2.2262706       6.9692237   5.9731630e-19   3.7447951e-19
       2.2276415       6.9715925   5.9744811e-19   3.7432885e-19
       2.2290123       6.9739645   5.9758007e-19   3.7417810e-19
       2.2303832       6.9763395   5.9771219e-19   3.7402727e-19
       2.2317541       6.9787178   5.9784446e-19   3.7387635e-19
       2.2331249       6.9810991   5.9797690e-19   3.7372534e-19
       2.2344958       6.9834836   5.9810949e-19   3.7357424e-19
       2.2358666       6.9858713   5.9824225e-19   3.7342305e-19
       2.2372375       6.9882621   5.9837516e-19   3.7327178e-19
       2.2386083       6.9906561   5.9850824e-19   3.7312042e-19
       2.2399792       6.9930533   5.9864147e-19   3.7296897e-19
       2.2413501       6.9954537   5.9877487e-19   3.7281743e-19
       2.2427209       6.9978573   5.9890843e-19   3.7266581e-19
       2.2440918       7.0002641   5.9904215e-19   3.7251409e-19
       2.2454626       7.0026741   5.9917603e-19   3.7236229e-19
       2.2468335       7.0050873   5.9931007e-19   3.7221040e-19
       2.2482043       7.0075038   5.9944428e-19   3.7205842e-19
       2.2495752       7.0099235   5.9957865e-19   3.7190635e-19
       2.2509460       7.0123464   5.9971318e-19   3.7175419e-19
       2.2523169       7.0147726   5.9984788e-19   3.7160194e-19
       2.2536878       7.0172020   5.9998274e-19   3.7144961e-19
       2.2550586       7.0196347   6.0011777e-19   3.7129718e-19
       2.2564295       7.0220707   6.0025296e-19   3.7114466e-19
       2.2578003       7.0245100   6.0038832e-19   3.7099206e-19
       2.2591712       7.0269526   6.0052384e-19   3.7083936e-19
       2.2605420       7.0293984   6.0065953e-19   3.7068657e-19
       2.2619129       7.0318476   6.0079538e-19   3.7053369e-19
       2.2632838       7.0343000   6.0093141e-19   3.7038073e-19
       2.2646546       7.0367558   6.0106760e-19   3.7022767e-19
       2.2660255       7.0392150   6.0120395e-19   3.7007452e-19
       2.2673963       7.0416774   6.0134048e-19   3.6992128e-19
       2.2687672       7.0441432   6.0147717e-19   3.6976795e-19
       2.2701380       7.0466124   6.0161403e-19   3.6961452e-19
       2.2715089       7.0490849   6.0175106e-19   3.6946101e-19
       2.2728797       7.0515608   6.0188826e-19   3.6930741e-19
       2.2742506       7.0540400   6.0202563e-19   3.6915371e-19
       2.2756215       7.0565227   6.0216317e-19   3.6899992e-19
       2.2769923       7.0590087   6.0230089e-19   3.6884604e-19
       2.2783632       7.0614982   6.0243877e-19   3.6869206e-19
       2.2797340       7.0639910   6.0257682e-19   3.6853800e-19
       2.2811049       7.0664873   6.0271505e-19   3.6838384e-19
       2.2824757       7.0689870   6.0285345e-19   3.6822959e-19
       2.2838466       7.0714901   6.0299202e-19   3.6807525e-19
       2.2852175       7.0739967   6.0313076e-19   3.6792081e-19
       2.2865883       7.0765067   6.0326968e-19   3.6776628e-19
       2.2879592       7.0790202   6.0340877e-19   3.6761166e-19
       2.2893300       7.0815372   6.0354803e-19   3.6745694e-19
       2.2907009       7.0840576   6.0368747e-19   3.6730213e-19
       2.2920717       7.0865815   6.0382709e-19   3.6714723e-19
       2.2934426       7.0891089   6.0396688e-19   3.6699223e-19
       2.2948134       7.0916399   6.0410684e-19   3.6683714e-19
       2.2961843       7.0941743   6.0424699e-19   3.6668195e-19
       2.2975552       7.0967122   6.0438730e-19   3.6652667e-19
       2.2989260       7.0992537   6.0452780e-19   3.6637130e-19
       2.3002969       7.1017987   6.0466847e-19   3.6621583e-19
       2.3016677       7.1043472   6.0480933e-19   3.6606026e-19
       2.3030386       7.1068993   6.0495036e-19   3.6590461e-19
       2.3044094       7.1094550   6.0509156e-19   3.6574885e-19
       2.3057803       7.1120142   6.0523295e-19   3.6559300e-19
       2.3071512       7.1145770   6.0537452e-19   3.6543706e-19
       2.3085220       7.1171434   6.0551627e-19   3.6528102e-19
       2.3098929       7.1197134   6.0565819e-19   3.6512488e-19
       2.3112637       7.1222870   6.0580030e-19   3.6496865e-19
       2.3126346       7.1248643   6.0594259e-19   3.6481232e-19
       2.3140054       7.1274451   6.0608506e-19   3.6465589e-19
       2.3153763       7.1300296   6.0622771e-19   3.6449937e-19
       2.3167471       7.1326177   6.0637055e-19   3.6434276e-19
       2.3181180       7.1352095   6.0651357e-19   3.6418604e-19
       2.3194889       7.1378049   6.0665677e-19   3.6402923e-19
       2.3208597       7.1404040   6.0680016e-19   3.6387232e-19
       2.3222306       7.1430068   6.0694373e-19   3.6371531e-19
       2.3236014       7.1456132   6.0708748e-19   3.6355821e-19
       2.3249723       7.1482234   6.0723142e-19   3.6340101e-19
       2.3263431       7.1508373   6.0737555e-19   3.6324371e-19
       2.3277140       7.1534548   6.0751986e-19   3.6308631e-19
       2.3290849       7.1560761   6.0766436e-19   3.6292882e-19
       2.3304557       7.1587012   6.0780904e-19   3.6277123e-19
       2.3318266       7.1613300   6.0795391e-19   3.6261353e-19
       2.3331974       7.1639625   6.0809897e-19   3.6245574e-19
       2.3345683       7.1665988   6.0824422e-19   3.6229785e-19
       2.3359391       7.1692389   6.0838966e-19   3.6213987e-19
       2.3373100       7.1718827   6.0853528e-19   3.6198178e-19
       2.3386808       7.1745303   6.0868110e-19   3.6182359e-19
       2.3400517       7.1771818   6.0882710e-19   3.6166531e-19
       2.3414226       7.1798370   6.0897330e-19   3.6150692e-19
       2.3427934       7.1824961   6.0911969e-19   3.6134844e-19
       2.3441643       7.1851590   6.0926626e-19   3.6118985e-19
       2.3455351       7.1878257   6.0941303e-19   3.6103116e-19
       2.3469060       7.1904963   6.0956000e-19   3.6087238e-19
       2.3482768       7.1931707   6.0970715e-19   3.6071349e-19
       2.3496477       7.1958490   6.0985450e-19   3.6055450e-19
       2.3510186       7.1985312   6.1000204e-19   3.6039542e-19
       2.3523894       7.2012173   6.1014978e-19   3.6023623e-19
       2.3537603       7.2039073   6.1029771e-19   3.6007694e-19
       2.3551311       7.2066012   6.1044583e-19   3.5991754e-19
       2.3565020       7.2092989   6.1059416e-19   3.5975805e-19
       2.3578728       7.2120007   6.1074267e-19   3.5959845e-19
       2.3592437       7.2147063   6.1089139e-19   3.5943876e-19
       2.3606145       7.2174159   6.1104030e-19   3.5927896e-19
       2.3619854       7.2201295   6.1118941e-19   3.5911905e-19
       2.3633563       7.2228470   6.1133871e-19   3.5895905e-19
       2.3647271       7.2255685   6.1148822e-19   3.5879894e-19
       2.3660980       7.2282940   6.1163792e-19   3.5863873e-19
       2.3674688       7.2310235   6.1178783e-19   3.5847842e-19
       2.3688397       7.2337570   6.1193793e-19   3.5831800e-19
       2.3702105       7.2364946   6.1208823e-19   3.5815748e-19
       2.3715814       7.2392361   6.1223874e-19   3.5799686e-19
       2.3729523       7.2419817   6.1238944e-19   3.5783613e-19
       2.3743231       7.2447314   6.1254035e-19   3.5767530e-19
       2.3756940       7.2474851   6.1269146e-19   3.5751437e-19
       2.3770648       7.2502428   6.1284278e-19   3.5735333e-19
       2.3784357       7.2530047   6.1299429e-19   3.5719218e-19
       2.3798065       7.2557707   6.1314601e-19   3.5703093e-19
       2.3811774       7.2585407   6.1329794e-19   3.5686958e-19
       2.3825482       7.2613149   6.1345007e-19   3.5670812e-19
       2.3839191       7.2640932   6.1360240e-19   3.5654656e-19
       2.3852900       7.2668756   6.1375494e-19   3.5638489e-19
       2.3866608       7.2696622   6.1390769e-19   3.5622311e-19
       2.3880317       7.2724529   6.1406065e-19   3.5606123e-19
       2.3894025       7.2752478   6.1421381e-19   3.5589924e-19
       2.3907734       7.2780469   6.1436718e-19   3.5573715e-19
       2.3921442       7.2808502   6.1452076e-19   3.5557495e-19
       2.3935151       7.2836577   6.1467454e-19   3.5541264e-19
       2.3948860       7.2864693   6.1482854e-19   3.5525023e-19
       2.3962568       7.2892852   6.1498275e-19   3.5508771e-19
       2.3976277       7.2921054   6.1513716e-19   3.5492508e-19
       2.3989985       7.2949298   6.1529179e-19   3.5476234e-19
       2.4003694       7.2977584   6.1544663e-19   3.5459950e-19
       2.4017402       7.3005914   6.1560169e-19   3.5443655e-19
       2.4031111       7.3034285   6.1575695e-19   3.5427349e-19
       2.4044820       7.3062700   6.1591243e-19   3.5411033e-19
       2.4058528       7.3091158   6.1606812e-19   3.5394705e-19
       2.4072237       7.3119659   6.1622403e-19   3.5378367e-19
       2.4085945       7.3148204   6.1638015e-19   3.5362017e-19
       2.4099654       7.3176791   6.1653649e-19   3.5345657e-19
       2.4113362       7.3205422   6.1669304e-19   3.5329286e-19
       2.4127071       7.3234097   6.1684981e-19   3.5312904e-19
       2.4140779       7.3262816   6.1700680e-19   3.5296511e-19
       2.4154488       7.3291578   6.1716400e-19   3.5280107e-19
       2.4168197       7.3320384   6.1732142e-19   3.5263692e-19
       2.4181905       7.3349235   6.1747906e-19   3.5247266e-19
       2.4195614       7.3378129   6.1763693e-19   3.5230829e-19
       2.4209322       7.3407068   6.1779501e-19   3.5214381e-19
       2.4223031       7.3436051   6.1795331e-19   3.5197921e-19
       2.4236739       7.3465079   6.1811183e-19   3.5181451e-19
       2.4250448       7.3494152   6.1827057e-19   3.5164970e-19
       2.4264157       7.3523269   6.1842954e-19   3.5148477e-19
       2.4277865       7.3552431   6.1858872e-19   3.5131973e-19
       2.4291574       7.3581639   6.1874814e-19   3.5115458e-19
       2.4305282       7.3610891   6.1890777e-19   3.5098932e-19
       2.4318991       7.3640189   6.1906763e-19   3.5082395e-19
       2.4332699       7.3669532   6.1922771e-19   3.5065846e-19
       2.4346408       7.3698921   6.1938803e-19   3.5049286e-19
       2.4360116       7.3728355   6.1954856e-19   3.5032715e-19
       2.4373825       7.3757835   6.1970932e-19   3.5016132e-19
       2.4387534       7.3787361   6.1987031e-19   3.4999539e-19
       2.4401242       7.3816933   6.2003153e-19   3.4982933e-19
       2.4414951       7.3846551   6.2019298e-19   3.4966317e-19
       2.4428659       7.3876216   6.2035466e-19   3.4949689e-19
       2.4442368       7.3905926   6.2051656e-19   3.4933049e-19
       2.4456076       7.3935684   6.2067870e-19   3.4916398e-19
       2.4469785       7.3965488   6.2084106e-19   3.4899736e-19
       2.4483494       7.3995339   6.2100366e-19   3.4883062e-19
       2.4497202       7.4025237   6.2116649e-19   3.4866377e-19
       2.4510911       7.4055181   6.2132956e-19   3.4849680e-19
       2.4524619       7.4085174   6.2149285e-19   3.4832972e-19
       2.4538328       7.4115213   6.2165638e-19   3.4816252e-19
       2.4552036       7.4145300   6.2182015e-19   3.4799520e-19
       2.4565745       7.4175434   6.2198415e-19   3.4782777e-19
       2.4579453       7.4205616   6.2214839e-19   3.4766022e-19
       2.4593162       7.4235846   6.2231286e-19   3.4749255e-19
       2.4606871       7.4266124   6.2247757e-19   3.4732477e-19
       2.4620579       7.4296450   6.2264252e-19   3.4715687e-19
       2.4634288       7.4326824   6.2280770e-19   3.4698885e-19
       2.4647996       7.4357247   6.2297313e-19   3.4682072e-19
       2.4661705       7.4387718   6.2313879e-19   3.4665247e-19
       2.4675413       7.4418238   6.2330470e-19   3.4648410e-19
       2.4689122       7.4448807   6.2347084e-19   3.4631561e-19
       2.4702831       7.4479424   6.2363723e-19   3.4614700e-19
       2.4716539       7.4510091   6.2380386e-19   3.4597827e-19
       2.4730248       7.4540807   6.2397073e-19   3.4580943e-19
       2.4743956       7.4571572   6.2413785e-19   3.4564047e-19
       2.4757665       7.4602386   6.2430521e-19   3.4547138e-19
       2.4771373       7.4633251   6.2447281e-19   3.4530218e-19
       2.4785082       7.4664165   6.2464066e-19   3.4513286e-19
       2.4798790       7.4695129   6.2480876e-19   3.4496341e-19
       2.4812499       7.4726143   6.2497710e-19   3.4479385e-19
       2.4826208       7.4757207   6.2514569e-19   3.4462417e-19
       2.4839916       7.4788321   6.2531453e-19   3.4445436e-19
       2.4853625       7.4819486   6.2548362e-19   3.4428443e-19
       2.4867333       7.4850702   6.2565295e-19   3.4411439e-19
       2.4881042       7.4881968   6.2582254e-19   3.4394422e-19
       2.4894750       7.4913285   6.2599238e-19   3.4377393e-19
       2.4908459       7.4944654   6.2616247e-19   3.4360352e-19
       2.4922168       7.4976073   6.2633281e-19   3.4343298e-19
       2.4935876       7.5007544   6.2650340e-19   3.4326232e-19
       2.4949585       7.5039067   6.2667425e-19   3.4309154e-19
       2.4963293       7.5070641   6.2684535e-19   3.4292064e-19
       2.4977002       7.5102266   6.2701671e-19   3.4274961e-19
       2.4990710       7.5133944   6.2718832e-19   3.4257846e-19
       2.5004419       7.5165674   6.2736019e-19   3.4240719e-19
       2.5018127       7.5197456   6.2753232e-19   3.4223579e-19
       2.5031836       7.5229291   6.2770470e-19   3.4206427e-19
       2.5045545       7.5261178   6.2787734e-19   3.4189262e-19
       2.5059253       7.5293118   6.2805024e-19   3.4172085e-19
       2.5072962       7.5325110   6.2822340e-19   3.4154896e-19
       2.5086670       7.5357156   6.2839683e-19   3.4137693e-19
       2.5100379       7.5389255   6.2857051e-19   3.4120479e-19
       2.5114087       7.5421407   6.2874445e-19   3.4103252e-19
       2.5127796       7.5453612   6.2891866e-19   3.4086012e-19
       2.5141505       7.5485872   6.2909313e-19   3.4068759e-19
       2.5155213       7.5518185   6.2926787e-19   3.4051494e-19
       2.5168922       7.5550551   6.2944287e-19   3.4034216e-19
       2.5182630       7.5582973   6.2961814e-19   3.4016926e-19
       2.5196339       7.5615448   6.2979367e-19   3.3999622e-19
       2.5210047       7.5647978   6.2996947e-19   3.3982306e-19
       2.5223756       7.5680562   6.3014554e-19   3.3964978e-19
       2.5237464       7.5713201   6.3032187e-19   3.3947636e-19
       2.5251173       7.5745895   6.3049848e-19   3.3930282e-19
       2.5264882       7.5778644   6.3067536e-19   3.3912914e-19
       2.5278590       7.5811448   6.3085250e-19   3.3895534e-19
       2.5292299       7.5844308   6.3102992e-19   3.3878141e-19
       2.5306007       7.5877223   6.3120762e-19   3.3860735e-19
       2.5319716       7.5910194   6.3138558e-19   3.3843316e-19
       2.5333424       7.5943221   6.3156382e-19   3.3825884e-19
       2.5347133       7.5976304   6.3174233e-19   3.3808439e-19
       2.5360842       7.6009443   6.3192112e-19   3.3790981e-19
       2.5374550       7.6042639   6.3210019e-19   3.3773510e-19
       2.5388259       7.6075891   6.3227953e-19   3.3756026e-19
       2.5401967       7.6109200   6.3245915e-19   3.3738528e-19
       2.5415676       7.6142566   6.3263905e-19   3.3721018e-19
       2.5429384       7.6175989   6.3281923e-19   3.3703494e-19
       2.5443093       7.6209469   6.3299969e-19   3.3685957e-19
       2.5456801       7.6243006   6.3318043e-19   3.3668407e-19
       2.5470510       7.6276602   6.3336146e-19   3.3650844e-19
       2.5484219       7.6310255   6.3354276e-19   3.3633267e-19
       2.5497927       7.6343965   6.3372435e-19   3.3615677e-19
       2.5511636       7.6377734   6.3390623e-19   3.3598073e-19
       2.5525344       7.6411562   6.3408838e-19   3.3580457e-19
       2.5539053       7.6445448   6.3427083e-19   3.3562827e-19
       2.5552761       7.6479392   6.3445356e-19   3.3545183e-19
       2.5566470       7.6513395   6.3463658e-19   3.3527526e-19
       2.5580179       7.6547457   6.3481989e-19   3.3509855e-19
       2.5593887       7.6581579   6.3500349e-19   3.3492171e-19
       2.5607596       7.6615760   6.3518738e-19   3.3474474e-19
       2.5621304       7.6650000   6.3537155e-19   3.3456763e-19
       2.5635013       7.6684300   6.3555603e-19   3.3439038e-19
       2.5648721       7.6718660   6.3574079e-19   3.3421299e-19
       2.5662430       7.6753081   6.3592585e-19   3.3403547e-19
       2.5676139       7.6787561   6.3611120e-19   3.3385781e-19
       2.5689847       7.6822102   6.3629684e-19   3.3368002e-19
       2.5703556       7.6856704   6.3648279e-19   3.3350209e-19
       2.5717264       7.6891366   6.3666903e-19   3.3332402e-19
       2.5730973       7.6926089   6.3685557e-19   3.3314581e-19
       2.5744681       7.6960874   6.3704240e-19   3.3296746e-19
       2.5758390       7.6995720   6.3722954e-19   3.3278898e-19
       2.5772098       7.7030628   6.3741698e-19   3.3261035e-19
       2.5785807       7.7065598   6.3760472e-19   3.3243159e-19
       2.5799516       7.7100629   6.3779276e-19   3.3225268e-19
       2.5813224       7.7135723   6.3798110e-19   3.3207364e-19
       2.5826933       7.7170879   6.3816975e-19   3.3189446e-19
       2.5840641       7.7206098   6.3835871e-19   3.3171513e-19
       2.5854350       7.7241379   6.3854797e-19   3.3153567e-19
       2.5868058       7.7276724   6.3873753e-19   3.3135606e-19
       2.5881767       7.7312131   6.3892741e-19   3.3117632e-19
       2.5895476       7.7347602   6.3911759e-19   3.3099643e-19
       2.5909184       7.7383137   6.3930808e-19   3.3081640e-19
       2.5922893       7.7418735   6.3949889e-19   3.3063622e-19
       2.5936601       7.7454398   6.3969000e-19   3.3045591e-19
       2.5950310       7.7490124   6.3988143e-19   3.3027545e-19
       2.5964018       7.7525915   6.4007317e-19   3.3009485e-19
       2.5977727       7.7561771   6.4026523e-19   3.2991410e-19
       2.5991435       7.7597691   6.4045760e-19   3.2973321e-19
       2.6005144       7.7633676   6.4065028e-19   3.2955218e-19
       2.6018853       7.7669727   6.4084329e-19   3.2937100e-19
       2.6032561       7.7705842   6.4103661e-19   3.2918968e-19
       2.6046270       7.7742024   6.4123025e-19   3.2900821e-19
       2.6059978       7.7778271   6.4142421e-19   3.2882659e-19
       2.6073687       7.7814585   6.4161849e-19   3.2864483e-19
       2.6087395       7.7850964   6.4181310e-19   3.2846293e-19
       2.6101104       7.7887410   6.4200803e-19   3.2828087e-19
       2.6114813       7.7923923   6.4220328e-19   3.2809867e-19
       2.6128521       7.7960503   6.4239885e-19   3.2791633e-19
       2.6142230       7.7997149   6.4259476e-19   3.2773383e-19
       2.6155938       7.8033863   6.4279099e-19   3.2755119e-19
       2.6169647       7.8070645   6.4298754e-19   3.2736840e-19
       2.6183355       7.8107494   6.4318443e-19   3.2718546e-19
       2.6197064       7.8144412   6.4338165e-19   3.2700238e-19
       2.6210772       7.8181397   6.4357920e-19   3.2681914e-19
       2.6224481       7.8218451   6.4377708e-19   3.2663576e-19
       2.6238190       7.8255574   6.4397529e-19   3.2645222e-19
       2.6251898       7.8292766   6.4417384e-19   3.2626853e-19
       2.6265607       7.8330026   6.4437272e-19   3.2608470e-19
       2.6279315       7.8367356   6.4457194e-19   3.2590071e-19
       2.6293024       7.8404756   6.4477149e-19   3.2571657e-19
       2.6306732       7.8442225   6.4497139e-19   3.2553228e-19
       2.6320441       7.8479764   6.4517162e-19   3.2534784e-19
       2.6334150       7.8517374   6.4537219e-19   3.2516325e-19
       2.6347858       7.8555054   6.4557311e-19   3.2497850e-19
       2.6361567       7.8592804   6.4577437e-19   3.2479360e-19
       2.6375275       7.8630626   6.4597597e-19   3.2460855e-19
       2.6388984       7.8668519   6.4617791e-19   3.2442334e-19
       2.6402692       7.8706483   6.4638021e-19   3.2423798e-19
       2.6416401       7.8744519   6.4658284e-19   3.2405247e-19
       2.6430109       7.8782627   6.4678583e-19   3.2386680e-19
       2.6443818       7.8820807   6.4698917e-19   3.2368098e-19
       2.6457527       7.8859059   6.4719285e-19   3.2349500e-19
       2.6471235       7.8897384   6.4739689e-19   3.2330886e-19
       2.6484944       7.8935782   6.4760128e-19   3.2312257e-19
       2.6498652       7.8974252   6.4780602e-19   3.2293612e-19
       2.6512361       7.9012797   6.4801112e-19   3.2274952e-19
       2.6526069       7.9051414   6.4821658e-19   3.2256276e-19
       2.6539778       7.9090106   6.4842239e-19   3.2237584e-19
       2.6553487       7.9128872   6.4862856e-19   3.2218876e-19
       2.6567195       7.9167712   6.4883508e-19   3.2200153e-19
       2.6580904       7.9206626   6.4904197e-19   3.2181413e-19
       2.6594612       7.9245616   6.4924922e-19   3.2162658e-19
       2.6608321       7.9284680   6.4945684e-19   3.2143887e-19
       2.6622029       7.9323820   6.4966481e-19   3.2125099e-19
       2.6635738       7.9363035   6.4987315e-19   3.2106296e-19
       2.6649446       7.9402327   6.5008186e-19   3.2087477e-19
       2.6663155       7.9441694   6.5029094e-19   3.2068642e-19
       2.6676864       7.9481138   6.5050038e-19   3.2049790e-19
       2.6690572       7.9520658   6.5071019e-19   3.2030922e-19
       2.6704281       7.9560256   6.5092038e-19   3.2012038e-19
       2.6717989       7.9599930   6.5113094e-19   3.1993138e-19
       2.6731698       7.9639682   6.5134187e-19   3.1974222e-19
       2.6745406       7.9679512   6.5155317e-19   3.1955289e-19
       2.6759115       7.9719419   6.5176485e-19   3.1936340e-19
       2.6772824       7.9759405   6.5197691e-19   3.1917375e-19
       2.6786532       7.9799470   6.5218935e-19   3.1898393e-19
       2.6800241       7.9839613   6.5240216e-19   3.1879394e-19
       2.6813949       7.9879835   6.5261536e-19   3.1860379e-19
       2.6827658       7.9920136   6.5282894e-19   3.1841348e-19
       2.6841366       7.9960517   6.5304290e-19   3.1822300e-19
       2.6855075       8.0000978   6.5325725e-19   3.1803235e-19
       2.6868783       8.0041519   6.5347198e-19   3.1784153e-19
       2.6882492       8.0082141   6.5368710e-19   3.1765055e-19
       2.6896201       8.0122843   6.5390261e-19   3.1745940e-19
       2.6909909       8.0163626   6.5411851e-19   3.1726809e-19
       2.6923618       8.0204491   6.5433479e-19   3.1707660e-19
       2.6937326       8.0245437   6.5455148e-19   3.1688495e-19
       2.6951035       8.0286465   6.5476855e-19   3.1669312e-19
       2.6964743       8.0327575   6.5498602e-19   3.1650113e-19
       2.6978452       8.0368768   6.5520389e-19   3.1630897e-19
       2.6992161       8.0410043   6.5542215e-19   3.1611664e-19
       2.7005869       8.0451401   6.5564081e-19   3.1592413e-19
       2.7019578       8.0492843   6.5585988e-19   3.1573145e-19
       2.7033286       8.0534368   6.5607934e-19   3.1553861e-19
       2.7046995       8.0575977   6.5629921e-19   3.1534559e-19
       2.7060703       8.0617670   6.5651948e-19   3.1515240e-19
       2.7074412       8.0659448   6.5674016e-19   3.1495903e-19
       2.7088120       8.0701310   6.5696124e-19   3.1476549e-19
       2.7101829       8.0743258   6.5718274e-19   3.1457178e-19
       2.7115538       8.0785291   6.5740464e-19   3.1437789e-19
       2.7129246       8.0827410   6.5762696e-19   3.1418383e-19
       2.7142955       8.0869615   6.5784968e-19   3.1398959e-19
       2.7156663       8.0911906   6.5807282e-19   3.1379518e-19
       2.7170372       8.0954284   6.5829638e-19   3.1360059e-19
       2.7184080       8.0996749   6.5852035e-19   3.1340583e-19
       2.7197789       8.1039301   6.5874475e-19   3.1321089e-19
       2.7211498       8.1081941   6.5896956e-19   3.1301577e-19
       2.7225206       8.1124668   6.5919479e-19   3.1282047e-19
       2.7238915       8.1167484   6.5942045e-19   3.1262499e-19
       2.7252623       8.1210388   6.5964653e-19   3.1242934e-19
       2.7266332       8.1253382   6.5987303e-19   3.1223351e-19
       2.7280040       8.1296464   6.6009997e-19   3.1203749e-19
       2.7293749       8.1339636   6.6032733e-19   3.1184130e-19
       2.7307457       8.1382898   6.6055512e-19   3.1164493e-19
       2.7321166       8.1426250   6.6078334e-19   3.1144837e-19
       2.7334875       8.1469692   6.6101200e-19   3.1125164e-19
       2.7348583       8.1513226   6.6124109e-19   3.1105472e-19
       2.7362292       8.1556850   6.6147062e-19   3.1085762e-19
       2.7376000       8.1600566   6.6170058e-19   3.1066034e-19
       2.7389709       8.1644374   6.6193099e-19   3.1046287e-19
       2.7403417       8.1688275   6.6216183e-19   3.1026522e-19
       2.7417126       8.1732267   6.6239312e-19   3.1006738e-19
       2.7430835       8.1776353   6.6262485e-19   3.0986936e-19
       2.7444543       8.1820532   6.6285703e-19   3.0967116e-19
       2.7458252       8.1864804   6.6308965e-19   3.0947277e-19
       2.7471960       8.1909170   6.6332272e-19   3.0927419e-19
       2.7485669       8.1953631   6.6355625e-19   3.0907543e-19
       2.7499377       8.1998186   6.6379022e-19   3.0887648e-19
       2.7513086       8.2042836   6.6402465e-19   3.0867734e-19
       2.7526795       8.2087582   6.6425953e-19   3.0847802e-19
       2.7540503       8.2132423   6.6449487e-19   3.0827850e-19
       2.7554212       8.2177361   6.6473067e-19   3.0807880e-19
       2.7567920       8.2222394   6.6496692e-19   3.0787890e-19
       2.7581629       8.2267525   6.6520364e-19   3.0767882e-19
       2.7595337       8.2312753   6.6544083e-19   3.0747855e-19
       2.7609046       8.2358078   6.6567847e-19   3.0727808e-19
       2.7622754       8.2403501   6.6591659e-19   3.0707742e-19
       2.7636463       8.2449023   6.6615517e-19   3.0687657e-19
       2.7650172       8.2494643   6.6639422e-19   3.0667553e-19
       2.7663880       8.2540362   6.6663374e-19   3.0647430e-19
       2.7677589       8.2586180   6.6687374e-19   3.0627287e-19
       2.7691297       8.2632098   6.6711421e-19   3.0607125e-19
       2.7705006       8.2678117   6.6735516e-19   3.0586943e-19
       2.7718714       8.2724236   6.6759659e-19   3.0566742e-19
       2.7732423       8.2770456   6.6783850e-19   3.0546521e-19
       2.7746132       8.2816777   6.6808089e-19   3.0526280e-19
       2.7759840       8.2863200   6.6832376e-19   3.0506020e-19
       2.7773549       8.2909725   6.6856712e-19   3.0485740e-19
       2.7787257       8.2956353   6.6881097e-19   3.0465441e-19
       2.7800966       8.3003084   6.6905531e-19   3.0445121e-19
       2.7814674       8.3049918   6.6930013e-19   3.0424782e-19
       2.7828383       8.3096855   6.6954545e-19   3.0404423e-19
       2.7842091       8.3143897   6.6979127e-19   3.0384043e-19
       2.7855800       8.3191043   6.7003758e-19   3.0363644e-19
       2.7869509       8.3238294   6.7028439e-19   3.0343224e-19
       2.7883217       8.3285651   6.7053170e-19   3.0322785e-19
       2.7896926       8.3333113   6.7077951e-19   3.0302325e-19
       2.7910634       8.3380682   6.7102783e-19   3.0281845e-19
       2.7924343       8.3428357   6.7127665e-19   3.0261344e-19
       2.7938051       8.3476139   6.7152598e-19   3.0240824e-19
       2.7951760       8.3524028   6.7177582e-19   3.0220282e-19
       2.7965469       8.3572026   6.7202617e-19   3.0199720e-19
       2.7979177       8.3620132   6.7227704e-19   3.0179138e-19
       2.7992886       8.3668346   6.7252842e-19   3.0158535e-19
       2.8006594       8.3716670   6.7278032e-19   3.0137912e-19
       2.8020303       8.3765103   6.7303273e-19   3.0117267e-19
       2.8034011       8.3813646   6.7328567e-19   3.0096602e-19
       2.8047720       8.3862300   6.7353913e-19   3.0075916e-19
       2.8061428       8.3911065   6.7379312e-19   3.0055209e-19
       2.8075137       8.3959941   6.7404764e-19   3.0034481e-19
       2.8088846       8.4008928   6.7430268e-19   3.0013733e-19
       2.8102554       8.4058029   6.7455825e-19   2.9992963e-19
       2.8116263       8.4107241   6.7481436e-19   2.9972172e-19
       2.8129971       8.4156568   6.7507101e-19   2.9951359e-19
       2.8143680       8.4206007   6.7532819e-19   2.9930526e-19
       2.8157388       8.4255561   6.7558591e-19   2.9909671e-19
       2.8171097       8.4305229   6.7584418e-19   2.9888795e-19
       2.8184806       8.4355013   6.7610298e-19   2.9867897e-19
       2.8198514       8.4404912   6.7636234e-19   2.9846978e-19
       2.8212223       8.4454927   6.7662224e-19   2.9826038e-19
       2.8225931       8.4505058   6.7688269e-19   2.9805075e-19
       2.8239640       8.4555306   6.7714369e-19   2.9784091e-19
       2.8253348       8.4605672   6.7740525e-19   2.9763086e-19
       2.8267057       8.4656155   6.7766737e-19   2.9742058e-19
       2.8280765       8.4706757   6.7793004e-19   2.9721009e-19
       2.8294474       8.4757478   6.7819328e-19   2.9699938e-19
       2.8308183       8.4808319   6.7845707e-19   2.9678844e-19
       2.8321891       8.4859279   6.7872144e-19   2.9657729e-19
       2.8335600       8.4910359   6.7898637e-19   2.9636591e-19
       2.8349308       8.4961560   6.7925187e-19   2.9615432e-19
       2.8363017       8.5012883   6.7951794e-19   2.9594250e-19
       2.8376725       8.5064328   6.7978459e-19   2.9573046e-19
       2.8390434       8.5115894   6.8005182e-19   2.9551819e-19
       2.8404143       8.5167584   6.8031962e-19   2.9530570e-19
       2.8417851       8.5219398   6.8058801e-19   2.9509299e-19
       2.8431560       8.5271335   6.8085698e-19   2.9488005e-19
       2.8445268       8.5323396   6.8112653e-19   2.9466688e-19
       2.8458977       8.5375583   6.8139667e-19   2.9445348e-19
       2.8472685       8.5427895   6.8166741e-19   2.9423986e-19
       2.8486394       8.5480333   6.8193874e-19   2.9402601e-19
       2.8500102       8.5532898   6.8221066e-19   2.9381193e-19
       2.8513811       8.5585590   6.8248318e-19   2.9359762e-19
       2.8527520       8.5638410   6.8275630e-19   2.9338308e-19
       2.8541228       8.5691358   6.8303003e-19   2.9316831e-19
       2.8554937       8.5744434   6.8330436e-19   2.9295331e-19
       2.8568645       8.5797640   6.8357929e-19   2.9273808e-19
       2.8582354       8.5850976   6.8385484e-19   2.9252261e-19
       2.8596062       8.5904442   6.8413100e-19   2.9230690e-19
       2.8609771       8.5958039   6.8440778e-19   2.9209097e-19
       2.8623480       8.6011768   6.8468517e-19   2.9187480e-19
       2.8637188       8.6065629   6.8496319e-19   2.9165839e-19
       2.8650897       8.6119622   6.8524182e-19   2.9144174e-19
       2.8664605       8.6173749   6.8552109e-19   2.9122486e-19
       2.8678314       8.6228010   6.8580098e-19   2.9100774e-19
       2.8692022       8.6282405   6.8608150e-19   2.9079038e-19
       2.8705731       8.6336935   6.8636265e-19   2.9057278e-19
       2.8719439       8.6391601   6.8664444e-19   2.9035494e-19
       2.8733148       8.6446403   6.8692687e-19   2.9013686e-19
       2.8746857       8.6501342   6.8720994e-19   2.8991854e-19
       2.8760565       8.6556418   6.8749365e-19   2.8969998e-19
       2.8774274       8.6611632   6.8777802e-19   2.8948117e-19
       2.8787982       8.6666985   6.8806302e-19   2.8926212e-19
       2.8801691       8.6722478   6.8834869e-19   2.8904282e-19
       2.8815399       8.6778110   6.8863500e-19   2.8882328e-19
       2.8829108       8.6833882   6.8892198e-19   2.8860349e-19
       2.8842817       8.6889796   6.8920961e-19   2.8838345e-19
       2.8856525       8.6945852   6.8949791e-19   2.8816317e-19
       2.8870234       8.7002049   6.8978687e-19   2.8794264e-19
       2.8883942       8.7058390   6.9007651e-19   2.8772186e-19
       2.8897651       8.7114875   6.9036681e-19   2.8750083e-19
       2.8911359       8.7171504   6.9065779e-19   2.8727954e-19
       2.8925068       8.7228278   6.9094945e-19   2.8705801e-19
       2.8938776       8.7285197   6.9124178e-19   2.8683622e-19
       2.8952485       8.7342263   6.9153480e-19   2.8661418e-19
       2.8966194       8.7399475   6.9182851e-19   2.8639189e-19
       2.8979902       8.7456836   6.9212291e-19   2.8616934e-19
       2.8993611       8.7514344   6.9241799e-19   2.8594654e-19
       2.9007319       8.7572002   6.9271378e-19   2.8572347e-19
       2.9021028       8.7629809   6.9301026e-19   2.8550016e-19
       2.9034736       8.7687767   6.9330744e-19   2.8527658e-19
       2.9048445       8.7745875   6.9360533e-19   2.8505274e-19
       2.9062154       8.7804135   6.9390392e-19   2.8482865e-19
       2.9075862       8.7862548   6.9420323e-19   2.8460429e-19
       2.9089571       8.7921114   6.9450324e-19   2.8437967e-19
       2.9103279       8.7979833   6.9480398e-19   2.8415479e-19
       2.9116988       8.8038708   6.9510543e-19   2.8392965e-19
       2.9130696       8.8097737   6.9540761e-19   2.8370424e-19
       2.9144405       8.8156922   6.9571051e-19   2.8347857e-19
       2.9158114       8.8216265   6.9601415e-19   2.8325263e-19
       2.9171822       8.8275764   6.9631851e-19   2.8302643e-19
       2.9185531       8.8335422   6.9662362e-19   2.8279996e-19
       2.9199239       8.8395239   6.9692946e-19   2.8257322e-19
       2.9212948       8.8455215   6.9723604e-19   2.8234621e-19
       2.9226656       8.8515352   6.9754337e-19   2.8211893e-19
       2.9240365       8.8575650   6.9785145e-19   2.8189138e-19
       2.9254073       8.8636109   6.9816028e-19   2.8166356e-19
       2.9267782       8.8696732   6.9846987e-19   2.8143546e-19
       2.9281491       8.8757518   6.9878022e-19   2.8120709e-19
       2.9295199       8.8818468   6.9909133e-19   2.8097845e-19
       2.9308908       8.8879584   6.9940321e-19   2.8074953e-19
       2.9322616       8.8940865   6.9971585e-19   2.8052033e-19
       2.9336325       8.9002313   7.0002927e-19   2.8029086e-19
       2.9350033       8.9063928   7.0034347e-19   2.8006111e-19
       2.9363742       8.9125712   7.0065844e-19   2.7983108e-19
       2.9377451       8.9187664   7.0097421e-19   2.7960077e-19
       2.9391159       8.9249787   7.0129075e-19   2.7937018e-19
       2.9404868       8.9312080   7.0160809e-19   2.7913930e-19
       2.9418576       8.9374545   7.0192623e-19   2.7890815e-19
       2.9432285       8.9437182   7.0224516e-19   2.7867671e-19
       2.9445993       8.9499992   7.0256490e-19   2.7844498e-19
       2.9459702       8.9562976   7.0288544e-19   2.7821297e-19
       2.9473410       8.9626135   7.0320679e-19   2.7798067e-19
       2.9487119       8.9689470   7.0352895e-19   2.7774809e-19
       2.9500828       8.9752982   7.0385193e-19   2.7751521e-19
       2.9514536       8.9816671   7.0417574e-19   2.7728205e-19
       2.9528245       8.9880538   7.0450036e-19   2.7704859e-19
       2.9541953       8.9944585   7.0482582e-19   2.7681484e-19
       2.9555662       9.0008811   7.0515211e-19   2.7658080e-19
       2.9569370       9.0073219   7.0547923e-19   2.7634647e-19
       2.9583079       9.0137809   7.0580720e-19   2.7611184e-19
       2.9596788       9.0202581   7.0613601e-19   2.7587692e-19
       2.9610496       9.0267538   7.0646567e-19   2.7564170e-19
       2.9624205       9.0332678   7.0679618e-19   2.7540618e-19
       2.9637913       9.0398005   7.0712755e-19   2.7517036e-19
       2.9651622       9.0463518   7.0745978e-19   2.7493424e-19
       2.9665330       9.0529219   7.0779288e-19   2.7469782e-19
       2.9679039       9.0595107   7.0812684e-19   2.7446110e-19
       2.9692747       9.0661186   7.0846168e-19   2.7422407e-19
       2.9706456       9.0727454   7.0879739e-19   2.7398675e-19
       2.9720165       9.0793914   7.0913399e-19   2.7374911e-19
       2.9733873       9.0860567   7.0947147e-19   2.7351117e-19
       2.9747582       9.0927412   7.0980984e-19   2.7327292e-19
       2.9761290       9.0994452   7.1014911e-19   2.7303437e-19
       2.9774999       9.1061687   7.1048928e-19   2.7279550e-19
       2.9788707       9.1129118   7.1083035e-19   2.7255632e-19
       2.9802416       9.1196747   7.1117232e-19   2.7231683e-19
       2.9816125       9.1264573   7.1151521e-19   2.7207703e-19
       2.9829833       9.1332600   7.1185902e-19   2.7183691e-19
       2.9843542       9.1400826   7.1220375e-19   2.7159648e-19
       2.9857250       9.1469254   7.1254940e-19   2.7135573e-19
       2.9870959       9.1537884   7.1289598e-19   2.7111467e-19
       2.9884667       9.1606718   7.1324350e-19   2.7087328e-19
       2.9898376       9.1675756   7.1359196e-19   2.7063158e-19
       2.9912084       9.1745000   7.1394137e-19   2.7038955e-19
       2.9925793       9.1814451   7.1429172e-19   2.7014720e-19
       2.9939502       9.1884110   7.1464302e-19   2.6990453e-19
       2.9953210       9.1953977   7.1499529e-19   2.6966154e-19
       2.9966919       9.2024055   7.1534852e-19   2.6941821e-19
       2.9980627       9.2094343   7.1570272e-19   2.6917456e-19
       2.9994336       9.2164844   7.1605789e-19   2.6893059e-19
       3.0008044       9.2235559   7.1641403e-19   2.6868628e-19
       3.0021753       9.2306487   7.1677117e-19   2.6844164e-19
       3.0035462       9.2377632   7.1712929e-19   2.6819667e-19
       3.0049170       9.2448993   7.1748840e-19   2.6795137e-19
       3.0062879       9.2520573   7.1784851e-19   2.6770573e-19
       3.0076587       9.2592371   7.1820963e-19   2.6745976e-19
       3.0090296       9.2664390   7.1857175e-19   2.6721345e-19
       3.0104004       9.2736631   7.1893489e-19   2.6696680e-19
       3.0117713       9.2809094   7.1929904e-19   2.6671981e-19
       3.0131421       9.2881781   7.1966423e-19   2.6647248e-19
       3.0145130       9.2954694   7.2003044e-19   2.6622481e-19
       3.0158839       9.3027833   7.2039768e-19   2.6597680e-19
       3.0172547       9.3101200   7.2076597e-19   2.6572844e-19
       3.0186256       9.3174795   7.2113530e-19   2.6547974e-19
       3.0199964       9.3248621   7.2150568e-19   2.6523068e-19
       3.0213673       9.3322678   7.2187713e-19   2.6498128e-19
       3.0227381       9.3396969   7.2224963e-19   2.6473153e-19
       3.0241090       9.3471493   7.2262320e-19   2.6448143e-19
       3.0254799       9.3546252   7.2299784e-19   2.6423097e-19
       3.0268507       9.3621248   7.2337357e-19   2.6398016e-19
       3.0282216       9.3696483   7.2375038e-19   2.6372900e-19
       3.0295924       9.3771956   7.2412828e-19   2.6347747e-19
       3.0309633       9.3847670   7.2450727e-19   2.6322559e-19
       3.0323341       9.3923627   7.2488737e-19   2.6297335e-19
       3.0337050       9.3999826   7.2526858e-19   2.6272075e-19
       3.0350758       9.4076271   7.2565091e-19   2.6246779e-19
       3.0364467       9.4152961   7.2603435e-19   2.6221446e-19
       3.0378176       9.4229899   7.2641892e-19   2.6196077e-19
       3.0391884       9.4307087   7.2680462e-19   2.6170671e-19
       3.0405593       9.4384524   7.2719146e-19   2.6145228e-19
       3.0419301       9.4462214   7.2757945e-19   2.6119748e-19
       3.0433010       9.4540157   7.2796859e-19   2.6094231e-19
       3.0446718       9.4618354   7.2835888e-19   2.6068676e-19
       3.0460427       9.4696808   7.2875034e-19   2.6043085e-19
       3.0474136       9.4775519   7.2914298e-19   2.6017455e-19
       3.0487844       9.4854490   7.2953678e-19   2.5991788e-19
       3.0501553       9.4933722   7.2993177e-19   2.5966083e-19
       3.0515261       9.5013215   7.3032795e-19   2.5940340e-19
       3.0528970       9.5092973   7.3072533e-19   2.5914559e-19
       3.0542678       9.5172996   7.3112391e-19   2.5888740e-19
       3.0556387       9.5253285   7.3152370e-19   2.5862881e-19
       3.0570095       9.5333844   7.3192471e-19   2.5836985e-19
       3.0583804       9.5414672   7.3232694e-19   2.5811049e-19
       3.0597513       9.5495772   7.3273041e-19   2.5785075e-19
       3.0611221       9.5577145   7.3313510e-19   2.5759061e-19
       3.0624930       9.5658793   7.3354105e-19   2.5733008e-19
       3.0638638       9.5740718   7.3394824e-19   2.5706915e-19
       3.0652347       9.5822920   7.3435670e-19   2.5680783e-19
       3.0666055       9.5905403   7.3476642e-19   2.5654611e-19
       3.0679764       9.5988167   7.3517741e-19   2.5628399e-19
       3.0693473       9.6071215   7.3558969e-19   2.5602147e-19
       3.0707181       9.6154547   7.3600325e-19   2.5575855e-19
       3.0720890       9.6238167   7.3641811e-19   2.5549522e-19
       3.0734598       9.6322074   7.3683427e-19   2.5523148e-19
       3.0748307       9.6406272   7.3725174e-19   2.5496734e-19
       3.0762015       9.6490762   7.3767052e-19   2.5470278e-19
       3.0775724       9.6575546   7.3809064e-19   2.5443782e-19
       3.0789433       9.6660625   7.3851208e-19   2.5417244e-19
       3.0803141       9.6746001   7.3893487e-19   2.5390664e-19
       3.0816850       9.6831677   7.3935901e-19   2.5364043e-19
       3.0830558       9.6917654   7.3978451e-19   2.5337380e-19
       3.0844267       9.7003934   7.4021136e-19   2.5310674e-19
       3.0857975       9.7090519   7.4063960e-19   2.5283927e-19
       3.0871684       9.7177410   7.4106921e-19   2.5257137e-19
       3.0885392       9.7264611   7.4150022e-19   2.5230305e-19
       3.0899101       9.7352121   7.4193262e-19   2.5203429e-19
       3.0912810       9.7439945   7.4236642e-19   2.5176511e-19
       3.0926518       9.7528083   7.4280165e-19   2.5149549e-19
       3.0940227       9.7616537   7.4323829e-19   2.5122544e-19
       3.0953935       9.7705311   7.4367637e-19   2.5095496e-19
       3.0967644       9.7794404   7.4411589e-19   2.5068403e-19
       3.0981352       9.7883821   7.4455685e-19   2.5041267e-19
       3.0995061       9.7973562   7.4499928e-19   2.5014087e-19
       3.1008770       9.8063630   7.4544317e-19   2.4986862e-19
       3.1022478       9.8154026   7.4588854e-19   2.4959592e-19
       3.1036187       9.8244754   7.4633539e-19   2.4932278e-19
       3.1049895       9.8335815   7.4678374e-19   2.4904919e-19
       3.1063604       9.8427212   7.4723359e-19   2.4877515e-19
       3.1077312       9.8518945   7.4768495e-19   2.4850065e-19
       3.1091021       9.8611019   7.4813784e-19   2.4822570e-19
       3.1104729       9.8703435   7.4859226e-19   2.4795029e-19
       3.1118438       9.8796194   7.4904822e-19   2.4767442e-19
       3.1132147       9.8889301   7.4950573e-19   2.4739809e-19
       3.1145855       9.8982756   7.4996480e-19   2.4712129e-19
       3.1159564       9.9076562   7.5042544e-19   2.4684402e-19
       3.1173272       9.9170721   7.5088766e-19   2.4656629e-19
       3.1186981       9.9265237   7.5135147e-19   2.4628809e-19
       3.1200689       9.9360110   7.5181688e-19   2.4600941e-19
       3.1214398       9.9455344   7.5228390e-19   2.4573026e-19
       3.1228107       9.9550941   7.5275254e-19   2.4545064e-19
       3.1241815       9.9646904   7.5322282e-19   2.4517053e-19
       3.1255524       9.9743234   7.5369474e-19   2.4488994e-19
       3.1269232       9.9839935   7.5416831e-19   2.4460886e-19
       3.1282941       9.9937008   7.5464354e-19   2.4432730e-19
       3.1296649       10.003446   7.5512044e-19   2.4404525e-19
       3.1310358       10.013228   7.5559904e-19   2.4376271e-19
       3.1324066       10.023049   7.5607932e-19   2.4347968e-19
       3.1337775       10.032908   7.5656132e-19   2.4319615e-19
       3.1351484       10.042806   7.5704503e-19   2.4291212e-19
       3.1365192       10.052743   7.5753047e-19   2.4262759e-19
       3.1378901       10.062718   7.5801765e-19   2.4234256e-19
       3.1392609       10.072733   7.5850659e-19   2.4205702e-19
       3.1406318       10.082788   7.5899729e-19   2.4177097e-19
       3.1420026       10.092883   7.5948977e-19   2.4148442e-19
       3.1433735       10.103018   7.5998403e-19   2.4119735e-19
       3.1447444       10.113193   7.6048009e-19   2.4090976e-19
       3.1461152       10.123409   7.6097797e-19   2.4062166e-19
       3.1474861       10.133667   7.6147767e-19   2.4033303e-19
       3.1488569       10.143966   7.6197920e-19   2.4004389e-19
       3.1502278       10.154306   7.6248259e-19   2.3975421e-19
       3.1515986       10.164688   7.6298784e-19   2.3946401e-19
       3.1529695       10.175113   7.6349496e-19   2.3917328e-19
       3.1543403       10.185581   7.6400397e-19   2.3888201e-19
       3.1557112       10.196091   7.6451487e-19   2.3859021e-19
       3.1570821       10.206644   7.6502770e-19   2.3829786e-19
       3.1584529       10.217241   7.6554244e-19   2.3800498e-19
       3.1598238       10.227882   7.6605913e-19   2.3771155e-19
       3.1611946       10.238567   7.6657778e-19   2.3741757e-19
       3.1625655       10.249296   7.6709838e-19   2.3712304e-19
       3.1639363       10.260070   7.6762098e-19   2.3682796e-19
       3.1653072       10.270890   7.6814556e-19   2.3653232e-19
       3.1666781       10.281755   7.6867215e-19   2.3623613e-19
       3.1680489       10.292665   7.6920077e-19   2.3593937e-19
       3.1694198       10.303622   7.6973143e-19   2.3564205e-19
       3.1707906       10.314626   7.7026413e-19   2.3534416e-19
       3.1721615       10.325676   7.7079891e-19   2.3504569e-19
       3.1735323       10.336773   7.7133576e-19   2.3474666e-19
       3.1749032       10.347918   7.7187472e-19   2.3444705e-19
       3.1762740       10.359111   7.7241578e-19   2.3414685e-19
       3.1776449       10.370353   7.7295897e-19   2.3384608e-19
       3.1790158       10.381642   7.7350430e-19   2.3354472e-19
       3.1803866       10.392981   7.7405179e-19   2.3324277e-19
       3.1817575       10.404370   7.7460146e-19   2.3294022e-19
       3.1831283       10.415808   7.7515332e-19   2.3263708e-19
       3.1844992       10.427296   7.7570738e-19   2.3233335e-19
       3.1858700       10.438835   7.7626366e-19   2.3202901e-19
       3.1872409       10.450425   7.7682218e-19   2.3172406e-19
       3.1886118       10.462066   7.7738296e-19   2.3141851e-19
       3.1899826       10.473760   7.7794601e-19   2.3111234e-19
       3.1913535       10.485505   7.7851135e-19   2.3080556e-19
       3.1927243       10.497303   7.7907900e-19   2.3049816e-19
       3.1940952       10.509153   7.7964897e-19   2.3019014e-19
       3.1954660       10.521058   7.8022128e-19   2.2988149e-19
       3.1968369       10.533016   7.8079596e-19   2.2957221e-19
       3.1982077       10.545028   7.8137301e-19   2.2926230e-19
       3.1995786       10.557095   7.8195245e-19   2.2895175e-19
       3.2009495       10.569218   7.8253431e-19   2.2864057e-19
       3.2023203       10.581396   7.8311860e-19   2.2832874e-19
       3.2036912       10.593629   7.8370535e-19   2.2801626e-19
       3.2050620       10.605920   7.8429456e-19   2.2770313e-19
       3.2064329       10.618268   7.8488627e-19   2.2738935e-19
       3.2078037       10.630672   7.8548048e-19   2.2707491e-19
       3.2091746       10.643135   7.8607722e-19   2.2675981e-19
       3.2105455       10.655657   7.8667651e-19   2.2644404e-19
       3.2119163       10.668237   7.8727837e-19   2.2612760e-19
       3.2132872       10.680876   7.8788282e-19   2.2581048e-19
       3.2146580       10.693576   7.8848988e-19   2.2549269e-19
       3.2160289       10.706336   7.8909957e-19   2.2517422e-19
       3.2173997       10.719157   7.8971191e-19   2.2485506e-19
       3.2187706       10.732039   7.9032693e-19   2.2453521e-19
       3.2201414       10.744983   7.9094464e-19   2.2421467e-19
       3.2215123       10.757989   7.9156507e-19   2.2389343e-19
       3.2228832       10.771059   7.9218824e-19   2.2357149e-19
       3.2242540       10.784192   7.9281416e-19   2.2324884e-19
       3.2256249       10.797389   7.9344288e-19   2.2292548e-19
       3.2269957       10.810651   7.9407439e-19   2.2260141e-19
       3.2283666       10.823978   7.9470874e-19   2.2227661e-19
       3.2297374       10.837371   7.9534595e-19   2.2195109e-19
       3.2311083       10.850830   7.9598603e-19   2.2162485e-19
       3.2324792       10.864356   7.9662901e-19   2.2129787e-19
       3.2338500       10.877950   7.9727491e-19   2.2097015e-19
       3.2352209       10.891612   7.9792377e-19   2.2064169e-19
       3.2365917       10.905342   7.9857560e-19   2.2031249e-19
       3.2379626       10.919142   7.9923044e-19   2.1998253e-19
       3.2393334       10.933011   7.9988830e-19   2.1965182e-19
       3.2407043       10.946952   8.0054921e-19   2.1932035e-19
       3.2420751       10.960963   8.0121320e-19   2.1898811e-19
       3.2434460       10.975047   8.0188029e-19   2.1865511e-19
       3.2448169       10.989203   8.0255052e-19   2.1832132e-19
       3.2461877       11.003432   8.0322391e-19   2.1798676e-19
       3.2475586       11.017735   8.0390048e-19   2.1765142e-19
       3.2489294       11.032112   8.0458026e-19   2.1731528e-19
       3.2503003       11.046565   8.0526329e-19   2.1697834e-19
       3.2516711       11.061093   8.0594959e-19   2.1664061e-19
       3.2530420       11.075699   8.0663919e-19   2.1630207e-19
       3.2544129       11.090381   8.0733213e-19   2.1596272e-19
       3.2557837       11.105142   8.0802842e-19   2.1562256e-19
       3.2571546       11.119982   8.0872810e-19   2.1528157e-19
       3.2585254       11.134901   8.0943120e-19   2.1493975e-19
       3.2598963       11.149900   8.1013775e-19   2.1459711e-19
       3.2612671       11.164980   8.1084778e-19   2.1425362e-19
       3.2626380       11.180143   8.1156133e-19   2.1390929e-19
       3.2640089       11.195388   8.1227843e-19   2.1356411e-19
       3.2653797       11.210716   8.1299910e-19   2.1321808e-19
       3.2667506       11.226129   8.1372339e-19   2.1287118e-19
       3.2681214       11.241627   8.1445132e-19   2.1252342e-19
       3.2694923       11.257210   8.1518294e-19   2.1217478e-19
       3.2708631       11.272881   8.1591826e-19   2.1182527e-19
       3.2722340       11.288639   8.1665734e-19   2.1147487e-19
       3.2736048       11.304485   8.1740020e-19   2.1112358e-19
       3.2749757       11.320421   8.1814688e-19   2.1077139e-19
       3.2763466       11.336447   8.1889742e-19   2.1041830e-19
       3.2777174       11.352565   8.1965186e-19   2.1006429e-19
       3.2790883       11.368774   8.2041022e-19   2.0970937e-19
       3.2804591       11.385076   8.2117256e-19   2.0935353e-19
       3.2818300       11.401473   8.2193890e-19   2.0899676e-19
       3.2832008       11.417964   8.2270929e-19   2.0863905e-19
       3.2845717       11.434551   8.2348377e-19   2.0828040e-19
       3.2859426       11.451236   8.2426237e-19   2.0792080e-19
       3.2873134       11.468018   8.2504514e-19   2.0756024e-19
       3.2886843       11.484899   8.2583212e-19   2.0719872e-19
       3.2900551       11.501880   8.2662335e-19   2.0683623e-19
       3.2914260       11.518962   8.2741888e-19   2.0647276e-19
       3.2927968       11.536146   8.2821874e-19   2.0610830e-19
       3.2941677       11.553433   8.2902298e-19   2.0574285e-19
       3.2955385       11.570824   8.2983165e-19   2.0537640e-19
       3.2969094       11.588321   8.3064478e-19   2.0500895e-19
       3.2982803       11.605925   8.3146243e-19   2.0464047e-19
       3.2996511       11.623636   8.3228465e-19   2.0427098e-19
       3.3010220       11.641456   8.3311147e-19   2.0390045e-19
       3.3023928       11.659386   8.3394295e-19   2.0352889e-19
       3.3037637       11.677427   8.3477914e-19   2.0315628e-19
       3.3051345       11.695580   8.3562008e-19   2.0278262e-19
       3.3065054       11.713848   8.3646583e-19   2.0240789e-19
       3.3078763       11.732230   8.3731643e-19   2.0203209e-19
       3.3092471       11.750728   8.3817195e-19   2.0165521e-19
       3.3106180       11.769345   8.3903242e-19   2.0127724e-19
       3.3119888       11.788080   8.3989791e-19   2.0089818e-19
       3.3133597       11.806935   8.4076847e-19   2.0051801e-19
       3.3147305       11.825912   8.4164414e-19   2.0013673e-19
       3.3161014       11.845011   8.4252500e-19   1.9975432e-19
       3.3174722       11.864236   8.4341110e-19   1.9937078e-19
       3.3188431       11.883586   8.4430249e-19   1.9898610e-19
       3.3202140       11.903063   8.4519923e-19   1.9860027e-19
       3.3215848       11.922670   8.4610138e-19   1.9821328e-19
       3.3229557       11.942406   8.4700900e-19   1.9782512e-19
       3.3243265       11.962275   8.4792216e-19   1.9743578e-19
       3.3256974       11.982276   8.4884092e-19   1.9704525e-19
       3.3270682       12.002413   8.4976534e-19   1.9665352e-19
       3.3284391       12.022687   8.5069548e-19   1.9626058e-19
       3.3298100       12.043099   8.5163141e-19   1.9586642e-19
       3.3311808       12.063651   8.5257320e-19   1.9547103e-19
       3.3325517       12.084344   8.5352092e-19   1.9507440e-19
       3.3339225       12.105181   8.5447463e-19   1.9467652e-19
       3.3352934       12.126163   8.5543441e-19   1.9427738e-19
       3.3366642       12.147292   8.5640032e-19   1.9387696e-19
       3.3380351       12.168570   8.5737244e-19   1.9347526e-19
       3.3394059       12.189999   8.5835085e-19   1.9307227e-19
       3.3407768       12.211580   8.5933562e-19   1.9266796e-19
       3.3421477       12.233316   8.6032682e-19   1.9226234e-19
       3.3435185       12.255208   8.6132453e-19   1.9185539e-19
       3.3448894       12.277259   8.6232884e-19   1.9144709e-19
       3.3462602       12.299470   8.6333983e-19   1.9103745e-19
       3.3476311       12.321844   8.6435757e-19   1.9062643e-19
       3.3490019       12.344382   8.6538215e-19   1.9021403e-19
       3.3503728       12.367087   8.6641366e-19   1.8980025e-19
       3.3517437       12.389962   8.6745217e-19   1.8938506e-19
       3.3531145       12.413008   8.6849780e-19   1.8896844e-19
       3.3544854       12.436227   8.6955061e-19   1.8855040e-19
       3.3558562       12.459622   8.7061070e-19   1.8813092e-19
       3.3572271       12.483196   8.7167817e-19   1.8770997e-19
       3.3585979       12.506950   8.7275312e-19   1.8728756e-19
       3.3599688       12.530888   8.7383563e-19   1.8686365e-19
       3.3613396       12.555011   8.7492581e-19   1.8643825e-19
       3.3627105       12.579322   8.7602376e-19   1.8601133e-19
       3.3640814       12.603824   8.7712958e-19   1.8558288e-19
       3.3654522       12.628520   8.7824338e-19   1.8515288e-19
       3.3668231       12.653412   8.7936526e-19   1.8472133e-19
       3.3681939       12.678503   8.8049534e-19   1.8428820e-19
       3.3695648       12.703796   8.8163372e-19   1.8385347e-19
       3.3709356       12.729294   8.8278051e-19   1.8341714e-19
       3.3723065       12.755000   8.8393584e-19   1.8297919e-19
       3.3736774       12.780916   8.8509982e-19   1.8253959e-19
       3.3750482       12.807046   8.8627256e-19   1.8209834e-19
       3.3764191       12.833393   8.8745421e-19   1.8165541e-19
       3.3777899       12.859960   8.8864487e-19   1.8121079e-19
       3.3791608       12.886750   8.8984467e-19   1.8076446e-19
       3.3805316       12.913768   8.9105376e-19   1.8031640e-19
       3.3819025       12.941015   8.9227225e-19   1.7986660e-19
       3.3832733       12.968496   8.9350029e-19   1.7941503e-19
       3.3846442       12.996215   8.9473802e-19   1.7896168e-19
       3.3860151       13.024174   8.9598558e-19   1.7850653e-19
       3.3873859       13.052378   8.9724310e-19   1.7804955e-19
       3.3887568       13.080831   8.9851075e-19   1.7759073e-19
       3.3901276       13.109535   8.9978867e-19   1.7713005e-19
       3.3914985       13.138497   9.0107702e-19   1.7666748e-19
       3.3928693       13.167718   9.0237595e-19   1.7620301e-19
       3.3942402       13.197204   9.0368563e-19   1.7573661e-19
       3.3956111       13.226959   9.0500622e-19   1.7526827e-19
       3.3969819       13.256988   9.0633789e-19   1.7479795e-19
       3.3983528       13.287294   9.0768082e-19   1.7432565e-19
       3.3997236       13.317882   9.0903518e-19   1.7385132e-19
       3.4010945       13.348757   9.1040115e-19   1.7337496e-19
       3.4024653       13.379924   9.1177891e-19   1.7289653e-19
       3.4038362       13.411388   9.1316866e-19   1.7241601e-19
       3.4052070       13.443154   9.1457060e-19   1.7193339e-19
       3.4065779       13.475226   9.1598491e-19   1.7144862e-19
       3.4079488       13.507610   9.1741180e-19   1.7096169e-19
       3.4093196       13.540313   9.1885149e-19   1.7047256e-19
       3.4106905       13.573338   9.2030417e-19   1.6998122e-19
       3.4120613       13.606692   9.2177008e-19   1.6948764e-19
       3.4134322       13.640381   9.2324944e-19   1.6899178e-19
       3.4148030       13.674410   9.2474247e-19   1.6849362e-19
       3.4161739       13.708787   9.2624941e-19   1.6799313e-19
       3.4175448       13.743516   9.2777051e-19   1.6749027e-19
       3.4189156       13.778605   9.2930600e-19   1.6698503e-19
       3.4202865       13.814061   9.3085615e-19   1.6647736e-19
       3.4216573       13.849889   9.3242120e-19   1.6596724e-19
       3.4230282       13.886098   9.3400144e-19   1.6545463e-19
       3.4243990       13.922694   9.3559714e-19   1.6493950e-19
       3.4257699       13.959684   9.3720857e-19   1.6442181e-19
       3.4271408       13.997077   9.3883602e-19   1.6390154e-19
       3.4285116       14.034880   9.4047980e-19   1.6337864e-19
       3.4298825       14.073101   9.4214020e-19   1.6285309e-19
       3.4312533       14.111749   9.4381754e-19   1.6232483e-19
       3.4326242       14.150831   9.4551215e-19   1.6179384e-19
       3.4339950       14.190357   9.4722434e-19   1.6126008e-19
       3.4353659       14.230336   9.4895447e-19   1.6072350e-19
       3.4367367       14.270776   9.5070288e-19   1.6018407e-19
       3.4381076       14.311688   9.5246993e-19   1.5964175e-19
       3.4394785       14.353081   9.5425599e-19   1.5909648e-19
       3.4408493       14.394966   9.5606145e-19   1.5854824e-19
       3.4422202       14.437352   9.5788669e-19   1.5799696e-19
       3.4435910       14.480251   9.5973212e-19   1.5744262e-19
       3.4449619       14.523673   9.6159815e-19   1.5688516e-19
       3.4463327       14.567631   9.6348523e-19   1.5632453e-19
       3.4477036       14.612135   9.6539377e-19   1.5576069e-19
       3.4490745       14.657198   9.6732425e-19   1.5519358e-19
       3.4504453       14.702833   9.6927714e-19   1.5462315e-19
       3.4518162       14.749053   9.7125290e-19   1.5404935e-19
       3.4531870       14.795870   9.7325206e-19   1.5347213e-19
       3.4545579       14.843299   9.7527512e-19   1.5289143e-19
       3.4559287       14.891354   9.7732261e-19   1.5230718e-19
       3.4572996       14.940050   9.7939509e-19   1.5171934e-19
       3.4586704       14.989402   9.8149313e-19   1.5112785e-19
       3.4600413       15.039425   9.8361731e-19   1.5053263e-19
       3.4614122       15.090138   9.8576824e-19   1.4993363e-19
       3.4627830       15.141555   9.8794655e-19   1.4933078e-19
       3.4641539       15.193696   9.9015289e-19   1.4872401e-19
       3.4655247       15.246577   9.9238793e-19   1.4811326e-19
       3.4668956       15.300218   9.9465237e-19   1.4749845e-19
       3.4682664       15.354639   9.9694693e-19   1.4687951e-19
       3.4696373       15.409859   9.9927237e-19   1.4625636e-19
       3.4710082       15.465901   1.0016294e-18   1.4562892e-19
       3.4723790       15.522785   1.0040190e-18   1.4499712e-19
       3.4737499       15.580534   1.0064418e-18   1.4436087e-19
       3.4751207       15.639172   1.0088987e-18   1.4372008e-19
       3.4764916       15.698724   1.0113907e-18   1.4307468e-19
       3.4778624       15.759215   1.0139187e-18   1.4242455e-19
       3.4792333       15.820671   1.0164837e-18   1.4176963e-19
       3.4806041       15.883121   1.0190866e-18   1.4110979e-19
       3.4819750       15.946592   1.0217285e-18   1.4044495e-19
       3.4833459       16.011116   1.0244105e-18   1.3977501e-19
       3.4847167       16.076723   1.0271338e-18   1.3909984e-19
       3.4860876       16.143446   1.0298995e-18   1.3841936e-19
       3.4874584       16.211319   1.0327088e-18   1.3773343e-19
       3.4888293       16.280378   1.0355632e-18   1.3704194e-19
       3.4902001       16.350659   1.0384638e-18   1.3634477e-19
       3.4915710       16.422202   1.0414121e-18   1.3564178e-19
       3.4929419       16.495048   1.0444096e-18   1.3493286e-19
       3.4943127       16.569238   1.0474578e-18   1.3421786e-19
       3.4956836       16.644819   1.0505583e-18   1.3349663e-19
       3.4970544       16.721835   1.0537128e-18   1.3276904e-19
       3.4984253       16.800337   1.0569231e-18   1.3203492e-19
       3.4997961       16.880377   1.0601909e-18   1.3129412e-19
       3.5011670       16.962007   1.0635183e-18   1.3054647e-19
       3.5025378       17.045285   1.0669073e-18   1.2979181e-19
       3.5039087       17.130272   1.0703599e-18   1.2902994e-19
       3.5052796       17.217029   1.0738785e-18   1.2826068e-19
       3.5066504       17.305624   1.0774655e-18   1.2748385e-19
       3.5080213       17.396126   1.0811232e-18   1.2669922e-19
       3.5093921       17.488610   1.0848543e-18   1.2590659e-19
       3.5107630       17.583154   1.0886616e-18   1.2510575e-19
       3.5121338       17.679839   1.0925480e-18   1.2429644e-19
       3.5135047       17.778755   1.0965165e-18   1.2347844e-19
       3.5148756       17.879994   1.1005705e-18   1.2265149e-19
       3.5162464       17.983653   1.1047134e-18   1.2181532e-19
       3.5176173       18.089838   1.1089489e-18   1.2096964e-19
       3.5189881       18.198659   1.1132808e-18   1.2011417e-19
       3.5203590       18.310236   1.1177132e-18   1.1924859e-19
       3.5217298       18.424693   1.1222506e-18   1.1837259e-19
       3.5231007       18.542165   1.1268976e-18   1.1748581e-19
       3.5244715       18.662796   1.1316592e-18   1.1658790e-19
       3.5258424       18.786739   1.1365407e-18   1.1567847e-19
       3.5272133       18.914159   1.1415478e-18   1.1475712e-19
       3.5285841       19.045232   1.1466866e-18   1.1382343e-19
       3.5299550       19.180148   1.1519636e-18   1.1287695e-19
       3.5313258       19.319112   1.1573858e-18   1.1191719e-19
       3.5326967       19.462342   1.1629607e-18   1.1094365e-19
       3.5340675       19.610078   1.1686965e-18   1.0995579e-19
       3.5340675       20.467229   1.1911767e-18   1.0361668e-19
       3.5354384       20.622574   1.2324736e-18   1.0573306e-19
       3.5368093       20.791051   1.2744404e-18   1.0771458e-19
       3.5381801       20.973713   1.3169976e-18   1.0954066e-19
       3.5395510       21.171684   1.3600554e-18   1.1119027e-19
       3.5409218       21.386164   1.4035137e-18   1.1264228e-19
       3.5422927       21.618424   1.4472617e-18   1.1387581e-19
       3.5436635       21.869809   1.4911788e-18   1.1487063e-19
       3.5450344       22.141740   1.5351346e-18   1.1560768e-19
       3.5464052       22.435703   1.5789900e-18   1.1606957e-19
       3.5477761       22.753253   1.6225983e-18   1.1624111e-19
       3.5491470       23.095997   1.6658067e-18   1.1610985e-19
       3.5505178       23.465591   1.7084576e-18   1.1566667e-19
       3.5518887       23.863723   1.7503913e-18   1.1490623e-19
       3.5532595       24.292090   1.7914473e-18   1.1382741e-19
       3.5546304       24.752384   1.8314673e-18   1.1243367e-19
       3.5560012       25.246252   1.8702970e-18   1.1073324e-19
       3.5573721       25.775269   1.9077884e-18   1.0873919e-19
       3.5587430       26.340893   1.9438014e-18   1.0646930e-19
       3.5601138       26.944418   1.9782050e-18   1.0394580e-19
       3.5614847       27.586915   2.0108775e-18   1.0119483e-19
       3.5628555       28.269177   2.0417060e-18   9.8245841e-20
       3.5642264       28.991649   2.0705839e-18   9.5130753e-20
       3.5655972       29.754354   2.0974073e-18   9.1883020e-20
       3.5669681       30.556830   2.1220702e-18   8.8536628e-20
       3.5683389       31.398054   2.1444571e-18   8.5125067e-20
       3.5697098       32.276381   2.1644351e-18   8.1680327e-20
       3.5710807       33.189496   2.1818446e-18   7.8231992e-20
       3.5724515       34.134370   2.1964898e-18   7.4806472e-20
       3.5738224       35.107255   2.2081303e-18   7.1426420e-20
       3.5751932       36.103691   2.2164746e-18   6.8110372e-20
       3.5765641       37.118555   2.2211776e-18   6.4872621e-20
       3.5779349       38.146131   2.2218440e-18   6.1723343e-20
       3.5793058       39.180225   2.2180393e-18   5.8668950e-20
       3.5806767       40.214305   2.2093086e-18   5.5712647e-20
       3.5820475       41.241661   2.1952048e-18   5.2855138e-20
       3.5834184       42.255592   2.1753238e-18   5.0095419e-20
       3.5847892       43.249586   2.1493445e-18   4.7431576e-20
       3.5861601       44.217508   2.1170684e-18   4.4861505e-20
       3.5875309       45.153764   2.0784539e-18   4.2383478e-20
       3.5889018       46.053434   2.0336394e-18   3.9996503e-20
       3.5902727       46.912386   1.9829507e-18   3.7700453e-20
       3.5916435       47.727338   1.9268920e-18   3.5495987e-20
       3.5930144       48.495884   1.8661196e-18   3.3384302e-20
       3.5943852       49.216487   1.8014042e-18   3.1366796e-20
       3.5957561       49.888436   1.7335859e-18   2.9444713e-20
       3.5971269       50.511774   1.6635273e-18   2.7618826e-20
       3.5984978       51.087211   1.5920724e-18   2.5889216e-20
       3.5998686       51.616022   1.5200123e-18   2.4255146e-20
       3.6012395       52.099945   1.4480605e-18   2.2715039e-20
       3.6026104       52.541072   1.3768384e-18   2.1266533e-20
       3.6039812       52.941758   1.3068693e-18   1.9906593e-20
       3.6053521       53.304524   1.2385789e-18   1.8631650e-20
       3.6067229       53.631984   1.1723012e-18   1.7437754e-20
       3.6080938       53.926779   1.1082871e-18   1.6320714e-20
       3.6094646       54.191521   1.0467147e-18   1.5276222e-20
       3.6108355       54.428750   9.8770008e-19   1.4299961e-20
       3.6122064       54.640906   9.3130766e-19   1.3387685e-20
       3.6135772       54.830302   8.7755966e-19   1.2535277e-20
       3.6149481       54.999111   8.2644463e-19   1.1738794e-20
       3.6163189       55.149357   7.7792478e-19   1.0994493e-20
       3.6176898       55.282911   7.3194217e-19   1.0298846e-20
       3.6190606       55.401495   6.8842385e-19   9.6485406e-21
       3.6204315       55.506680   6.4728613e-19   9.0404860e-21
       3.6218023       55.599897   6.0843792e-19   8.4718007e-21
       3.6231732       55.682443   5.7178353e-19   7.9398062e-21
       3.6245441       55.755487   5.3722482e-19   7.4420151e-21
       3.6259149       55.820084   5.0466285e-19   6.9761191e-21
       3.6272858       55.877178   4.7399924e-19   6.5399773e-21
       3.6286566       55.927616   4.4513714e-19   6.1316032e-21
       3.6300275       55.972156   4.1798197e-19   5.7491539e-21
       3.6313983       56.011471   3.9244197e-19   5.3909184e-21
       3.6327692       56.046164   3.6842856e-19   5.0553077e-21
       3.6341401       56.076768   3.4585662e-19   4.7408448e-21
       3.6355109       56.103758   3.2464463e-19   4.4461565e-21
       3.6368818       56.127556   3.0471477e-19   4.1699646e-21
       3.6382526       56.148535   2.8599290e-19   3.9110789e-21
       3.6396235       56.167025   2.6840857e-19   3.6683904e-21
       3.6409943       56.183319   2.5189492e-19   3.4408650e-21
       3.6423652       56.197676   2.3638862e-19   3.2275379e-21
       3.6437360       56.210325   2.2182974e-19   3.0275085e-21
       3.6451069       56.221467   2.0816167e-19   2.8399360e-21
       3.6464778       56.231282   1.9533092e-19   2.6640343e-21
       3.6478486       56.239926   1.8328706e-19   2.4990689e-21
       3.6492195       56.247539   1.7198252e-19   2.3443528e-21
       3.6505903       56.254243   1.6137250e-19   2.1992434e-21
       3.6519612       56.260146   1.5141481e-19   2.0631393e-21
       3.6533320       56.265344   1.4206972e-19   1.9354777e-21
       3.6547029       56.269921   1.3329988e-19   1.8157315e-21
       3.6560738       56.273951   1.2507014e-19   1.7034072e-21
       3.6574446       56.277499   1.1734745e-19   1.5980425e-21
       3.6588155       56.280623   1.1010077e-19   1.4992043e-21
       3.6601863       56.283373   1.0330089e-19   1.4064866e-21
       3.6615572       56.285794   9.6920390e-20   1.3195093e-21
       3.6629280       56.287925   9.0933511e-20   1.2379159e-21
       3.6642989       56.289801   8.5316052e-20   1.1613721e-21
       3.6656697       56.291453   8.0045287e-20   1.0895647e-21
       3.6670406       56.292907   7.5099876e-20   1.0222001e-21
       3.6684115       56.294187   7.0459782e-20   9.5900285e-22
       3.6697823       56.295313   6.6106196e-20   8.9971473e-22
       3.6711532       56.296305   6.2021458e-20   8.4409360e-22
       3.6725240       56.297178   5.8188993e-20   7.9191237e-22
       3.6738949       56.297947   5.4593241e-20   7.4295807e-22
       3.6752657       56.298623   5.1219602e-20   6.9703094e-22
       3.6766366       56.299219   4.8054369e-20   6.5394363e-22
       3.6780075       56.299743   4.5084680e-20   6.1352041e-22
       3.6793783       56.300204   4.2298466e-20   5.7559646e-22
       3.6807492       56.300610   3.9684399e-20   5.4001716e-22
       3.6821200       56.300968   3.7231849e-20   5.0663747e-22
       3.6834909       56.301282   3.4930844e-20   4.7532135e-22
       3.6848617       56.301559   3.2772022e-20   4.4594118e-22
       3.6862326       56.301803   3.0746604e-20   4.1837723e-22
       3.6876034       56.302018   2.8846347e-20   3.9251719e-22
       3.6889743       56.302206   2.7063522e-20   3.6825571e-22
       3.6903452       56.302373   2.5390871e-20   3.4549394e-22
       3.6917160       56.302519   2.3821590e-20   3.2413916e-22
       3.6930869       56.302648   2.2349291e-20   3.0410439e-22
       3.6944577       56.302761   2.0967982e-20   2.8530801e-22
       3.6958286       56.302861   1.9672040e-20   2.6767347e-22
       3.6971994       56.302949   1.8456191e-20   2.5112894e-22
       3.6985703       56.303026   1.7315486e-20   2.3560705e-22
       3.6999412       56.303094   1.6245280e-20   2.2104456e-22
       3.7013120       56.303154   1.5241218e-20   2.0738219e-22
       3.7026829       56.303207   1.4299211e-20   1.9456428e-22
       3.7040537       56.303253   1.3415425e-20   1.8253864e-22
       3.7054246       56.303294   1.2586261e-20   1.7125629e-22
       3.7067954       56.303330   1.1808345e-20   1.6067130e-22
       3.7081663       56.303362   1.1078507e-20   1.5074055e-22
       3.7095371       56.303390   1.0393779e-20   1.4142361e-22
       3.7109080       56.303414   9.7513702e-21   1.3268253e-22
       3.7122789       56.303436   9.1486667e-21   1.2448173e-22
       3.7136497       56.303455   8.5832141e-21   1.1678780e-22
       3.7150206       56.303471   8.0527101e-21   1.0956942e-22
       3.7163914       56.303486   7.5549948e-21   1.0279719e-22
