    0.0012666897       5.0037092   3.3047946e-19   4.5744612e-19
     0.013933587       5.0078943   3.3065933e-19   4.5699410e-19
     0.026600484       5.0120928   3.3083973e-19   4.5654147e-19
     0.039267381       5.0163046   3.3102064e-19   4.5608822e-19
     0.051934278       5.0205299   3.3120209e-19   4.5563436e-19
     0.064601176       5.0247688   3.3138405e-19   4.5517987e-19
     0.077268073       5.0290213   3.3156655e-19   4.5472475e-19
     0.089934970       5.0332876   3.3174958e-19   4.5426902e-19
      0.10260187       5.0375676   3.3193315e-19   4.5381265e-19
      0.11526876       5.0418615   3.3211725e-19   4.5335565e-19
      0.12793566       5.0461693   3.3230190e-19   4.5289802e-19
      0.14060256       5.0504912   3.3248709e-19   4.5243975e-19
      0.15326946       5.0548271   3.3267283e-19   4.5198084e-19
      0.16593635       5.0591773   3.3285912e-19   4.5152130e-19
      0.17860325       5.0635417   3.3304596e-19   4.5106111e-19
      0.19127015       5.0679205   3.3323336e-19   4.5060027e-19
      0.20393704       5.0723137   3.3342132e-19   4.5013879e-19
      0.21660394       5.0767214   3.3360984e-19   4.4967665e-19
      0.22927084       5.0811437   3.3379893e-19   4.4921386e-19
      0.24193774       5.0855807   3.3398858e-19   4.4875042e-19
      0.25460463       5.0900325   3.3417881e-19   4.4828632e-19
      0.26727153       5.0944991   3.3436961e-19   4.4782155e-19
      0.27993843       5.0989807   3.3456099e-19   4.4735612e-19
      0.29260532       5.1034773   3.3475295e-19   4.4689003e-19
      0.30527222       5.1079890   3.3494549e-19   4.4642326e-19
      0.31793912       5.1125160   3.3513863e-19   4.4595583e-19
      0.33060602       5.1170582   3.3533235e-19   4.4548771e-19
      0.34327291       5.1216158   3.3552667e-19   4.4501893e-19
      0.35593981       5.1261889   3.3572159e-19   4.4454946e-19
      0.36860671       5.1307776   3.3591711e-19   4.4407931e-19
      0.38127360       5.1353819   3.3611323e-19   4.4360847e-19
      0.39394050       5.1400020   3.3630996e-19   4.4313695e-19
      0.40660740       5.1446380   3.3650730e-19   4.4266473e-19
      0.41927430       5.1492899   3.3670526e-19   4.4219182e-19
      0.43194119       5.1539578   3.3690383e-19   4.4171821e-19
      0.44460809       5.1586419   3.3710303e-19   4.4124391e-19
      0.45727499       5.1633422   3.3730285e-19   4.4076890e-19
      0.46994188       5.1680589   3.3750330e-19   4.4029318e-19
      0.48260878       5.1727920   3.3770439e-19   4.3981676e-19
      0.49527568       5.1775416   3.3790611e-19   4.3933962e-19
      0.50794258       5.1823079   3.3810847e-19   4.3886178e-19
      0.52060947       5.1870909   3.3831147e-19   4.3838321e-19
      0.53327637       5.1918908   3.3851512e-19   4.3790392e-19
      0.54594327       5.1967076   3.3871943e-19   4.3742391e-19
      0.55861017       5.2015415   3.3892439e-19   4.3694318e-19
      0.57127706       5.2063925   3.3913000e-19   4.3646171e-19
      0.58394396       5.2112608   3.3933628e-19   4.3597951e-19
      0.59661086       5.2161464   3.3954323e-19   4.3549658e-19
      0.60927775       5.2210496   3.3975085e-19   4.3501291e-19
      0.62194465       5.2259704   3.3995914e-19   4.3452849e-19
      0.63461155       5.2309088   3.4016811e-19   4.3404333e-19
      0.64727845       5.2358651   3.4037777e-19   4.3355743e-19
      0.65994534       5.2408393   3.4058811e-19   4.3307077e-19
      0.67261224       5.2458315   3.4079914e-19   4.3258335e-19
      0.68527914       5.2508419   3.4101087e-19   4.3209518e-19
      0.69794603       5.2558706   3.4122329e-19   4.3160625e-19
      0.71061293       5.2609176   3.4143643e-19   4.3111655e-19
      0.72327983       5.2659832   3.4165026e-19   4.3062608e-19
      0.73594673       5.2710674   3.4186481e-19   4.3013485e-19
      0.74861362       5.2761703   3.4208008e-19   4.2964283e-19
      0.76128052       5.2812921   3.4229607e-19   4.2915004e-19
      0.77394742       5.2864329   3.4251278e-19   4.2865647e-19
      0.78661431       5.2915928   3.4273023e-19   4.2816211e-19
      0.79928121       5.2967720   3.4294840e-19   4.2766697e-19
      0.81194811       5.3019705   3.4316732e-19   4.2717103e-19
      0.82461501       5.3071885   3.4338698e-19   4.2667430e-19
      0.83728190       5.3124261   3.4360739e-19   4.2617677e-19
      0.84994880       5.3176835   3.4382855e-19   4.2567843e-19
      0.86261570       5.3229607   3.4405047e-19   4.2517929e-19
      0.87528259       5.3282580   3.4427315e-19   4.2467934e-19
      0.88794949       5.3335754   3.4449660e-19   4.2417858e-19
      0.90061639       5.3389131   3.4472081e-19   4.2367699e-19
      0.91328329       5.3442711   3.4494581e-19   4.2317459e-19
      0.92595018       5.3496498   3.4517159e-19   4.2267136e-19
      0.93861708       5.3550491   3.4539815e-19   4.2216731e-19
      0.95128398       5.3604693   3.4562551e-19   4.2166242e-19
      0.96395087       5.3659104   3.4585366e-19   4.2115669e-19
      0.97661777       5.3713727   3.4608262e-19   4.2065013e-19
      0.98928467       5.3768562   3.4631238e-19   4.2014272e-19
       1.0019516       5.3823611   3.4654295e-19   4.1963446e-19
       1.0146185       5.3878875   3.4677435e-19   4.1912535e-19
       1.0272854       5.3934357   3.4700656e-19   4.1861539e-19
       1.0399523       5.3990057   3.4723960e-19   4.1810457e-19
       1.0526192       5.4045977   3.4747348e-19   4.1759288e-19
       1.0652861       5.4102118   3.4770820e-19   4.1708032e-19
       1.0779529       5.4158483   3.4794376e-19   4.1656689e-19
       1.0906198       5.4215072   3.4818017e-19   4.1605259e-19
       1.1032867       5.4271887   3.4841744e-19   4.1553740e-19
       1.1159536       5.4328930   3.4865556e-19   4.1502133e-19
       1.1286205       5.4386202   3.4889456e-19   4.1450438e-19
       1.1412874       5.4443705   3.4913443e-19   4.1398652e-19
       1.1539543       5.4501441   3.4937518e-19   4.1346778e-19
       1.1666212       5.4559411   3.4961681e-19   4.1294813e-19
       1.1792881       5.4617617   3.4985933e-19   4.1242757e-19
       1.1919550       5.4676060   3.5010275e-19   4.1190610e-19
       1.2046219       5.4734743   3.5034707e-19   4.1138372e-19
       1.2172888       5.4793667   3.5059230e-19   4.1086042e-19
       1.2299557       5.4852834   3.5083845e-19   4.1033619e-19
       1.2426226       5.4912245   3.5108552e-19   4.0981104e-19
       1.2552895       5.4971902   3.5133352e-19   4.0928495e-19
       1.2679564       5.5031808   3.5158245e-19   4.0875793e-19
       1.2806233       5.5091963   3.5183232e-19   4.0822996e-19
       1.2932902       5.5152370   3.5208314e-19   4.0770104e-19
       1.3059571       5.5213031   3.5233491e-19   4.0717118e-19
       1.3186240       5.5273947   3.5258764e-19   4.0664036e-19
       1.3312909       5.5335120   3.5284134e-19   4.0610857e-19
       1.3439578       5.5396553   3.5309602e-19   4.0557582e-19
       1.3566247       5.5458247   3.5335167e-19   4.0504210e-19
       1.3692916       5.5520204   3.5360831e-19   4.0450740e-19
       1.3819585       5.5582425   3.5386595e-19   4.0397172e-19
       1.3946254       5.5644915   3.5412459e-19   4.0343506e-19
       1.4072923       5.5707673   3.5438424e-19   4.0289740e-19
       1.4199592       5.5770702   3.5464490e-19   4.0235875e-19
       1.4326261       5.5834004   3.5490659e-19   4.0181909e-19
       1.4452930       5.5897582   3.5516931e-19   4.0127843e-19
       1.4579599       5.5961437   3.5543307e-19   4.0073676e-19
       1.4706268       5.6025572   3.5569787e-19   4.0019407e-19
       1.4832937       5.6089988   3.5596372e-19   3.9965036e-19
       1.4959606       5.6154688   3.5623064e-19   3.9910562e-19
       1.5086275       5.6219674   3.5649863e-19   3.9855984e-19
       1.5212943       5.6284948   3.5676769e-19   3.9801303e-19
       1.5339612       5.6350512   3.5703784e-19   3.9746517e-19
       1.5466281       5.6416370   3.5730908e-19   3.9691627e-19
       1.5592950       5.6482522   3.5758142e-19   3.9636631e-19
       1.5719619       5.6548972   3.5785487e-19   3.9581528e-19
       1.5846288       5.6615721   3.5812944e-19   3.9526319e-19
       1.5972957       5.6682773   3.5840514e-19   3.9471003e-19
       1.6099626       5.6750129   3.5868196e-19   3.9415579e-19
       1.6226295       5.6817791   3.5895993e-19   3.9360046e-19
       1.6352964       5.6885764   3.5923906e-19   3.9304405e-19
       1.6479633       5.6954048   3.5951934e-19   3.9248654e-19
       1.6606302       5.7022646   3.5980079e-19   3.9192792e-19
       1.6732971       5.7091561   3.6008342e-19   3.9136820e-19
       1.6859640       5.7160796   3.6036724e-19   3.9080736e-19
       1.6986309       5.7230353   3.6065225e-19   3.9024541e-19
       1.7112978       5.7300235   3.6093847e-19   3.8968232e-19
       1.7239647       5.7370443   3.6122590e-19   3.8911810e-19
       1.7366316       5.7440982   3.6151456e-19   3.8855275e-19
       1.7492985       5.7511854   3.6180445e-19   3.8798624e-19
       1.7619654       5.7583061   3.6209559e-19   3.8741859e-19
       1.7746323       5.7654607   3.6238798e-19   3.8684977e-19
       1.7872992       5.7726494   3.6268163e-19   3.8627979e-19
       1.7999661       5.7798725   3.6297655e-19   3.8570864e-19
       1.8126330       5.7871302   3.6327276e-19   3.8513631e-19
       1.8252999       5.7944230   3.6357027e-19   3.8456279e-19
       1.8379668       5.8017510   3.6386907e-19   3.8398808e-19
       1.8506337       5.8091146   3.6416919e-19   3.8341217e-19
       1.8633006       5.8165141   3.6447064e-19   3.8283506e-19
       1.8759675       5.8239498   3.6477342e-19   3.8225673e-19
       1.8886344       5.8314220   3.6507755e-19   3.8167718e-19
       1.9013013       5.8389310   3.6538304e-19   3.8109640e-19
       1.9139682       5.8464772   3.6568989e-19   3.8051439e-19
       1.9266351       5.8540608   3.6599813e-19   3.7993113e-19
       1.9393020       5.8616821   3.6630776e-19   3.7934663e-19
       1.9519689       5.8693417   3.6661879e-19   3.7876087e-19
       1.9646358       5.8770396   3.6693124e-19   3.7817384e-19
       1.9773026       5.8847764   3.6724511e-19   3.7758554e-19
       1.9899695       5.8925522   3.6756042e-19   3.7699596e-19
       2.0026364       5.9003676   3.6787718e-19   3.7640509e-19
       2.0153033       5.9082228   3.6819541e-19   3.7581292e-19
       2.0279702       5.9161182   3.6851511e-19   3.7521946e-19
       2.0406371       5.9240542   3.6883630e-19   3.7462468e-19
       2.0533040       5.9320310   3.6915899e-19   3.7402858e-19
       2.0659709       5.9400492   3.6948319e-19   3.7343115e-19
       2.0786378       5.9481090   3.6980892e-19   3.7283239e-19
       2.0913047       5.9562109   3.7013619e-19   3.7223228e-19
       2.1039716       5.9643552   3.7046502e-19   3.7163081e-19
       2.1166385       5.9725423   3.7079541e-19   3.7102799e-19
       2.1293054       5.9807727   3.7112738e-19   3.7042380e-19
       2.1419723       5.9890466   3.7146094e-19   3.6981823e-19
       2.1546392       5.9973646   3.7179612e-19   3.6921127e-19
       2.1673061       6.0057271   3.7213291e-19   3.6860291e-19
       2.1799730       6.0141344   3.7247135e-19   3.6799315e-19
       2.1926399       6.0225870   3.7281143e-19   3.6738197e-19
       2.2053068       6.0310852   3.7315319e-19   3.6676937e-19
       2.2179737       6.0396297   3.7349662e-19   3.6615534e-19
       2.2306406       6.0482207   3.7384175e-19   3.6553986e-19
       2.2433075       6.0568588   3.7418859e-19   3.6492293e-19
       2.2559744       6.0655443   3.7453717e-19   3.6430454e-19
       2.2686413       6.0742778   3.7488748e-19   3.6368469e-19
       2.2813082       6.0830597   3.7523956e-19   3.6306334e-19
       2.2939751       6.0918904   3.7559341e-19   3.6244051e-19
       2.3066420       6.1007706   3.7594905e-19   3.6181618e-19
       2.3193089       6.1097006   3.7630651e-19   3.6119034e-19
       2.3319758       6.1186809   3.7666579e-19   3.6056298e-19
       2.3446427       6.1277120   3.7702691e-19   3.5993408e-19
       2.3573096       6.1367945   3.7738989e-19   3.5930365e-19
       2.3699765       6.1459289   3.7775476e-19   3.5867166e-19
       2.3826434       6.1551156   3.7812151e-19   3.5803811e-19
       2.3953103       6.1643553   3.7849019e-19   3.5740298e-19
       2.4079772       6.1736484   3.7886079e-19   3.5676627e-19
       2.4206440       6.1829955   3.7923335e-19   3.5612797e-19
       2.4333109       6.1923971   3.7960788e-19   3.5548806e-19
       2.4459778       6.2018538   3.7998439e-19   3.5484653e-19
       2.4586447       6.2113662   3.8036292e-19   3.5420337e-19
       2.4713116       6.2209349   3.8074347e-19   3.5355857e-19
       2.4839785       6.2305603   3.8112608e-19   3.5291212e-19
       2.4966454       6.2402432   3.8151075e-19   3.5226400e-19
       2.5093123       6.2499841   3.8189751e-19   3.5161421e-19
       2.5219792       6.2597837   3.8228638e-19   3.5096272e-19
       2.5346461       6.2696425   3.8267739e-19   3.5030954e-19
       2.5473130       6.2795613   3.8307055e-19   3.4965465e-19
       2.5599799       6.2895405   3.8346588e-19   3.4899802e-19
       2.5726468       6.2995810   3.8386341e-19   3.4833966e-19
       2.5853137       6.3096832   3.8426316e-19   3.4767955e-19
       2.5979806       6.3198481   3.8466515e-19   3.4701768e-19
       2.6106475       6.3300761   3.8506940e-19   3.4635403e-19
       2.6233144       6.3403679   3.8547595e-19   3.4568858e-19
       2.6359813       6.3507244   3.8588481e-19   3.4502134e-19
       2.6486482       6.3611462   3.8629600e-19   3.4435227e-19
       2.6613151       6.3716340   3.8670956e-19   3.4368137e-19
       2.6739820       6.3821886   3.8712551e-19   3.4300863e-19
       2.6866489       6.3928107   3.8754386e-19   3.4233403e-19
       2.6993158       6.4035011   3.8796466e-19   3.4165755e-19
       2.7119827       6.4142606   3.8838791e-19   3.4097919e-19
       2.7246496       6.4250899   3.8881366e-19   3.4029892e-19
       2.7373165       6.4359898   3.8924193e-19   3.3961673e-19
       2.7499834       6.4469611   3.8967274e-19   3.3893261e-19
       2.7626503       6.4580048   3.9010612e-19   3.3824654e-19
       2.7753172       6.4691215   3.9054211e-19   3.3755851e-19
       2.7879841       6.4803122   3.9098072e-19   3.3686850e-19
       2.8006510       6.4915778   3.9142200e-19   3.3617649e-19
       2.8133179       6.5029190   3.9186596e-19   3.3548247e-19
       2.8259848       6.5143369   3.9231264e-19   3.3478642e-19
       2.8386517       6.5258323   3.9276207e-19   3.3408833e-19
       2.8513186       6.5374062   3.9321428e-19   3.3338817e-19
       2.8639854       6.5490594   3.9366931e-19   3.3268594e-19
       2.8766523       6.5607930   3.9412717e-19   3.3198161e-19
       2.8893192       6.5726079   3.9458792e-19   3.3127517e-19
       2.9019861       6.5845052   3.9505158e-19   3.3056660e-19
       2.9146530       6.5964858   3.9551818e-19   3.2985587e-19
       2.9273199       6.6085507   3.9598776e-19   3.2914299e-19
       2.9399868       6.6207011   3.9646035e-19   3.2842791e-19
       2.9526537       6.6329380   3.9693600e-19   3.2771063e-19
       2.9653206       6.6452624   3.9741473e-19   3.2699113e-19
       2.9779875       6.6576755   3.9789658e-19   3.2626939e-19
       2.9906544       6.6701784   3.9838160e-19   3.2554538e-19
       3.0033213       6.6827722   3.9886981e-19   3.2481910e-19
       3.0159882       6.6954582   3.9936126e-19   3.2409051e-19
       3.0286551       6.7082374   3.9985599e-19   3.2335960e-19
       3.0413220       6.7211111   4.0035403e-19   3.2262635e-19
       3.0539889       6.7340806   4.0085544e-19   3.2189073e-19
       3.0666558       6.7471471   4.0136024e-19   3.2115273e-19
       3.0793227       6.7603119   4.0186849e-19   3.2041232e-19
       3.0919896       6.7735762   4.0238022e-19   3.1966949e-19
       3.1046565       6.7869414   4.0289549e-19   3.1892420e-19
       3.1173234       6.8004090   4.0341432e-19   3.1817644e-19
       3.1299903       6.8139801   4.0393678e-19   3.1742619e-19
       3.1426572       6.8276563   4.0446291e-19   3.1667341e-19
       3.1553241       6.8414390   4.0499275e-19   3.1591810e-19
       3.1679910       6.8553297   4.0552636e-19   3.1516021e-19
       3.1806579       6.8693298   4.0606377e-19   3.1439974e-19
       3.1933248       6.8834408   4.0660505e-19   3.1363664e-19
       3.2059917       6.8976644   4.0715025e-19   3.1287091e-19
       3.2186586       6.9120021   4.0769941e-19   3.1210251e-19
       3.2313255       6.9264555   4.0825259e-19   3.1133142e-19
       3.2439924       6.9410263   4.0880984e-19   3.1055761e-19
       3.2566593       6.9557161   4.0937123e-19   3.0978106e-19
       3.2693262       6.9705267   4.0993680e-19   3.0900173e-19
       3.2819931       6.9854598   4.1050661e-19   3.0821960e-19
       3.2946600       7.0005172   4.1108073e-19   3.0743465e-19
       3.3073269       7.0157008   4.1165920e-19   3.0664683e-19
       3.3199937       7.0310124   4.1224210e-19   3.0585613e-19
       3.3326606       7.0464538   4.1282949e-19   3.0506252e-19
       3.3453275       7.0620272   4.1342143e-19   3.0426596e-19
       3.3579944       7.0777344   4.1401798e-19   3.0346642e-19
       3.3706613       7.0935775   4.1461921e-19   3.0266388e-19
       3.3833282       7.1095585   4.1522519e-19   3.0185830e-19
       3.3959951       7.1256797   4.1583598e-19   3.0104965e-19
       3.4086620       7.1419430   4.1645167e-19   3.0023789e-19
       3.4213289       7.1583509   4.1707232e-19   2.9942300e-19
       3.4339958       7.1749055   4.1769800e-19   2.9860494e-19
       3.4466627       7.1916092   4.1832879e-19   2.9778367e-19
       3.4593296       7.2084643   4.1896477e-19   2.9695916e-19
       3.4719965       7.2254732   4.1960602e-19   2.9613138e-19
       3.4846634       7.2426385   4.2025261e-19   2.9530029e-19
       3.4973303       7.2599627   4.2090463e-19   2.9446584e-19
       3.5099972       7.2774484   4.2156217e-19   2.9362801e-19
       3.5226641       7.2950982   4.2222531e-19   2.9278676e-19
       3.5353310       7.3129149   4.2289413e-19   2.9194204e-19
       3.5479979       7.3309012   4.2356873e-19   2.9109382e-19
       3.5606648       7.3490601   4.2424920e-19   2.9024205e-19
       3.5733317       7.3673944   4.2493564e-19   2.8938670e-19
       3.5859986       7.3859072   4.2562814e-19   2.8852772e-19
       3.5986655       7.4046015   4.2632680e-19   2.8766507e-19
       3.6113324       7.4234805   4.2703172e-19   2.8679870e-19
       3.6239993       7.4425474   4.2774300e-19   2.8592858e-19
       3.6366662       7.4618055   4.2846076e-19   2.8505465e-19
       3.6493331       7.4812581   4.2918510e-19   2.8417687e-19
       3.6620000       7.5009089   4.2991613e-19   2.8329519e-19
       3.6746669       7.5207614   4.3065396e-19   2.8240956e-19
       3.6873338       7.5408191   4.3139873e-19   2.8151994e-19
       3.7000007       7.5610860   4.3215053e-19   2.8062627e-19
       3.7126676       7.5815658   4.3290950e-19   2.7972850e-19
       3.7253345       7.6022625   4.3367577e-19   2.7882659e-19
       3.7380014       7.6231801   4.3444946e-19   2.7792046e-19
       3.7506683       7.6443229   4.3523071e-19   2.7701008e-19
       3.7633351       7.6656952   4.3601965e-19   2.7609539e-19
       3.7760020       7.6873013   4.3681643e-19   2.7517632e-19
       3.7886689       7.7091459   4.3762118e-19   2.7425283e-19
       3.8013358       7.7312335   4.3843406e-19   2.7332484e-19
       3.8140027       7.7535689   4.3925522e-19   2.7239231e-19
       3.8266696       7.7761571   4.4008481e-19   2.7145516e-19
       3.8393365       7.7990031   4.4092300e-19   2.7051333e-19
       3.8520034       7.8221123   4.4176994e-19   2.6956676e-19
       3.8646703       7.8454898   4.4262582e-19   2.6861539e-19
       3.8773372       7.8691414   4.4349079e-19   2.6765913e-19
       3.8900041       7.8930726   4.4436506e-19   2.6669793e-19
       3.9026710       7.9172893   4.4524878e-19   2.6573172e-19
       3.9153379       7.9417976   4.4614217e-19   2.6476041e-19
       3.9280048       7.9666037   4.4704541e-19   2.6378393e-19
       3.9406717       7.9917141   4.4795871e-19   2.6280222e-19
       3.9533386       8.0171353   4.4888226e-19   2.6181518e-19
       3.9546053       8.0196948   4.4897519e-19   2.6171618e-19
       3.9558720       8.0222574   4.4906823e-19   2.6161713e-19
       3.9571387       8.0248233   4.4916137e-19   2.6151802e-19
       3.9584054       8.0273923   4.4925461e-19   2.6141886e-19
       3.9596721       8.0299646   4.4934796e-19   2.6131964e-19
       3.9609387       8.0325400   4.4944141e-19   2.6122037e-19
       3.9622054       8.0351187   4.4953498e-19   2.6112104e-19
       3.9634721       8.0377006   4.4962864e-19   2.6102166e-19
       3.9647388       8.0402858   4.4972242e-19   2.6092223e-19
       3.9660055       8.0428742   4.4981630e-19   2.6082274e-19
       3.9672722       8.0454658   4.4991029e-19   2.6072319e-19
       3.9685389       8.0480607   4.5000438e-19   2.6062359e-19
       3.9698056       8.0506588   4.5009859e-19   2.6052394e-19
       3.9710723       8.0532602   4.5019290e-19   2.6042423e-19
       3.9723390       8.0558649   4.5028731e-19   2.6032447e-19
       3.9736056       8.0584729   4.5038184e-19   2.6022465e-19
       3.9748723       8.0610841   4.5047647e-19   2.6012477e-19
       3.9761390       8.0636987   4.5057122e-19   2.6002484e-19
       3.9774057       8.0663166   4.5066607e-19   2.5992485e-19
       3.9786724       8.0689377   4.5076103e-19   2.5982481e-19
       3.9799391       8.0715622   4.5085610e-19   2.5972472e-19
       3.9812058       8.0741901   4.5095128e-19   2.5962456e-19
       3.9824725       8.0768212   4.5104657e-19   2.5952435e-19
       3.9837392       8.0794557   4.5114197e-19   2.5942409e-19
       3.9850058       8.0820936   4.5123748e-19   2.5932377e-19
       3.9862725       8.0847348   4.5133310e-19   2.5922339e-19
       3.9875392       8.0873794   4.5142883e-19   2.5912296e-19
       3.9888059       8.0900273   4.5152467e-19   2.5902247e-19
       3.9900726       8.0926786   4.5162062e-19   2.5892192e-19
       3.9913393       8.0953333   4.5171669e-19   2.5882132e-19
       3.9926060       8.0979914   4.5181286e-19   2.5872066e-19
       3.9938727       8.1006530   4.5190915e-19   2.5861994e-19
       3.9951394       8.1033179   4.5200555e-19   2.5851917e-19
       3.9964061       8.1059862   4.5210206e-19   2.5841834e-19
       3.9976727       8.1086580   4.5219868e-19   2.5831746e-19
       3.9989394       8.1113332   4.5229542e-19   2.5821651e-19
       4.0002061       8.1140118   4.5239227e-19   2.5811551e-19
       4.0014728       8.1166939   4.5248923e-19   2.5801446e-19
       4.0027395       8.1193794   4.5258631e-19   2.5791334e-19
       4.0040062       8.1220684   4.5268350e-19   2.5781217e-19
       4.0052729       8.1247609   4.5278080e-19   2.5771094e-19
       4.0065396       8.1274569   4.5287822e-19   2.5760965e-19
       4.0078063       8.1301563   4.5297576e-19   2.5750831e-19
       4.0090730       8.1328593   4.5307340e-19   2.5740691e-19
       4.0103396       8.1355657   4.5317117e-19   2.5730544e-19
       4.0116063       8.1382757   4.5326905e-19   2.5720393e-19
       4.0128730       8.1409892   4.5336704e-19   2.5710235e-19
       4.0141397       8.1437062   4.5346515e-19   2.5700072e-19
       4.0154064       8.1464267   4.5356337e-19   2.5689902e-19
       4.0166731       8.1491508   4.5366171e-19   2.5679727e-19
       4.0179398       8.1518785   4.5376017e-19   2.5669546e-19
       4.0192065       8.1546097   4.5385875e-19   2.5659360e-19
       4.0204732       8.1573444   4.5395744e-19   2.5649167e-19
       4.0217399       8.1600828   4.5405625e-19   2.5638969e-19
       4.0230065       8.1628247   4.5415517e-19   2.5628764e-19
       4.0242732       8.1655702   4.5425422e-19   2.5618554e-19
       4.0255399       8.1683194   4.5435338e-19   2.5608338e-19
       4.0268066       8.1710721   4.5445266e-19   2.5598116e-19
       4.0280733       8.1738285   4.5455206e-19   2.5587888e-19
       4.0293400       8.1765885   4.5465158e-19   2.5577654e-19
       4.0306067       8.1793521   4.5475122e-19   2.5567414e-19
       4.0318734       8.1821193   4.5485097e-19   2.5557169e-19
       4.0331401       8.1848903   4.5495085e-19   2.5546917e-19
       4.0344067       8.1876648   4.5505084e-19   2.5536659e-19
       4.0356734       8.1904431   4.5515096e-19   2.5526396e-19
       4.0369401       8.1932250   4.5525120e-19   2.5516126e-19
       4.0382068       8.1960106   4.5535155e-19   2.5505851e-19
       4.0394735       8.1987999   4.5545203e-19   2.5495569e-19
       4.0407402       8.2015929   4.5555263e-19   2.5485282e-19
       4.0420069       8.2043897   4.5565335e-19   2.5474988e-19
       4.0432736       8.2071901   4.5575419e-19   2.5464688e-19
       4.0445403       8.2099943   4.5585516e-19   2.5454383e-19
       4.0458070       8.2128022   4.5595624e-19   2.5444071e-19
       4.0470736       8.2156138   4.5605745e-19   2.5433753e-19
       4.0483403       8.2184292   4.5615879e-19   2.5423430e-19
       4.0496070       8.2212484   4.5626024e-19   2.5413100e-19
       4.0508737       8.2240714   4.5636182e-19   2.5402764e-19
       4.0521404       8.2268981   4.5646352e-19   2.5392422e-19
       4.0534071       8.2297286   4.5656535e-19   2.5382073e-19
       4.0546738       8.2325630   4.5666730e-19   2.5371719e-19
       4.0559405       8.2354011   4.5676937e-19   2.5361359e-19
       4.0572072       8.2382431   4.5687157e-19   2.5350992e-19
       4.0584739       8.2410888   4.5697389e-19   2.5340620e-19
       4.0597405       8.2439385   4.5707634e-19   2.5330241e-19
       4.0610072       8.2467919   4.5717892e-19   2.5319856e-19
       4.0622739       8.2496492   4.5728162e-19   2.5309465e-19
       4.0635406       8.2525104   4.5738445e-19   2.5299067e-19
       4.0648073       8.2553755   4.5748740e-19   2.5288664e-19
       4.0660740       8.2582444   4.5759048e-19   2.5278254e-19
       4.0673407       8.2611172   4.5769369e-19   2.5267838e-19
       4.0686074       8.2639940   4.5779702e-19   2.5257416e-19
       4.0698741       8.2668746   4.5790049e-19   2.5246987e-19
       4.0711407       8.2697592   4.5800408e-19   2.5236552e-19
       4.0724074       8.2726477   4.5810780e-19   2.5226112e-19
       4.0736741       8.2755401   4.5821164e-19   2.5215664e-19
       4.0749408       8.2784365   4.5831562e-19   2.5205211e-19
       4.0762075       8.2813368   4.5841972e-19   2.5194751e-19
       4.0774742       8.2842411   4.5852396e-19   2.5184285e-19
       4.0787409       8.2871494   4.5862832e-19   2.5173813e-19
       4.0800076       8.2900616   4.5873282e-19   2.5163334e-19
       4.0812743       8.2929779   4.5883744e-19   2.5152849e-19
       4.0825410       8.2958982   4.5894219e-19   2.5142357e-19
       4.0838076       8.2988224   4.5904708e-19   2.5131860e-19
       4.0850743       8.3017507   4.5915210e-19   2.5121356e-19
       4.0863410       8.3046831   4.5925724e-19   2.5110845e-19
       4.0876077       8.3076195   4.5936252e-19   2.5100328e-19
       4.0888744       8.3105599   4.5946794e-19   2.5089805e-19
       4.0901411       8.3135044   4.5957348e-19   2.5079275e-19
       4.0914078       8.3164530   4.5967916e-19   2.5068739e-19
       4.0926745       8.3194056   4.5978497e-19   2.5058197e-19
       4.0939412       8.3223624   4.5989091e-19   2.5047648e-19
       4.0952079       8.3253232   4.5999699e-19   2.5037092e-19
       4.0964745       8.3282882   4.6010320e-19   2.5026530e-19
       4.0977412       8.3312573   4.6020954e-19   2.5015962e-19
       4.0990079       8.3342305   4.6031602e-19   2.5005387e-19
       4.1002746       8.3372079   4.6042263e-19   2.4994806e-19
       4.1015413       8.3401894   4.6052938e-19   2.4984218e-19
       4.1028080       8.3431751   4.6063627e-19   2.4973624e-19
       4.1040747       8.3461650   4.6074329e-19   2.4963023e-19
       4.1053414       8.3491590   4.6085045e-19   2.4952416e-19
       4.1066081       8.3521573   4.6095774e-19   2.4941802e-19
       4.1078748       8.3551597   4.6106517e-19   2.4931181e-19
       4.1091414       8.3581664   4.6117273e-19   2.4920554e-19
       4.1104081       8.3611773   4.6128044e-19   2.4909921e-19
       4.1116748       8.3641924   4.6138828e-19   2.4899280e-19
       4.1129415       8.3672118   4.6149626e-19   2.4888634e-19
       4.1142082       8.3702354   4.6160438e-19   2.4877980e-19
       4.1154749       8.3732633   4.6171264e-19   2.4867320e-19
       4.1167416       8.3762955   4.6182103e-19   2.4856653e-19
       4.1180083       8.3793320   4.6192957e-19   2.4845980e-19
       4.1192750       8.3823727   4.6203824e-19   2.4835300e-19
       4.1205416       8.3854178   4.6214706e-19   2.4824613e-19
       4.1218083       8.3884672   4.6225601e-19   2.4813920e-19
       4.1230750       8.3915210   4.6236511e-19   2.4803220e-19
       4.1243417       8.3945791   4.6247434e-19   2.4792513e-19
       4.1256084       8.3976415   4.6258372e-19   2.4781799e-19
       4.1268751       8.4007083   4.6269324e-19   2.4771079e-19
       4.1281418       8.4037795   4.6280290e-19   2.4760352e-19
       4.1294085       8.4068550   4.6291271e-19   2.4749618e-19
       4.1306752       8.4099350   4.6302265e-19   2.4738878e-19
       4.1319419       8.4130194   4.6313274e-19   2.4728131e-19
       4.1332085       8.4161082   4.6324298e-19   2.4717377e-19
       4.1344752       8.4192014   4.6335335e-19   2.4706616e-19
       4.1357419       8.4222991   4.6346388e-19   2.4695848e-19
       4.1370086       8.4254012   4.6357454e-19   2.4685073e-19
       4.1382753       8.4285078   4.6368535e-19   2.4674292e-19
       4.1395420       8.4316188   4.6379631e-19   2.4663504e-19
       4.1408087       8.4347344   4.6390741e-19   2.4652709e-19
       4.1420754       8.4378545   4.6401865e-19   2.4641907e-19
       4.1433421       8.4409790   4.6413005e-19   2.4631098e-19
       4.1446088       8.4441081   4.6424158e-19   2.4620282e-19
       4.1458754       8.4472417   4.6435327e-19   2.4609460e-19
       4.1471421       8.4503799   4.6446510e-19   2.4598630e-19
       4.1484088       8.4535226   4.6457708e-19   2.4587794e-19
       4.1496755       8.4566699   4.6468921e-19   2.4576950e-19
       4.1509422       8.4598218   4.6480149e-19   2.4566100e-19
       4.1522089       8.4629783   4.6491392e-19   2.4555243e-19
       4.1534756       8.4661393   4.6502649e-19   2.4544378e-19
       4.1547423       8.4693050   4.6513921e-19   2.4533507e-19
       4.1560090       8.4724753   4.6525209e-19   2.4522629e-19
       4.1572757       8.4756503   4.6536511e-19   2.4511743e-19
       4.1585423       8.4788299   4.6547829e-19   2.4500851e-19
       4.1598090       8.4820142   4.6559161e-19   2.4489951e-19
       4.1610757       8.4852031   4.6570509e-19   2.4479045e-19
       4.1623424       8.4883967   4.6581871e-19   2.4468131e-19
       4.1636091       8.4915951   4.6593249e-19   2.4457211e-19
       4.1648758       8.4947981   4.6604643e-19   2.4446283e-19
       4.1661425       8.4980059   4.6616051e-19   2.4435348e-19
       4.1674092       8.5012184   4.6627475e-19   2.4424406e-19
       4.1686759       8.5044356   4.6638914e-19   2.4413457e-19
       4.1699425       8.5076577   4.6650369e-19   2.4402501e-19
       4.1712092       8.5108845   4.6661838e-19   2.4391537e-19
       4.1724759       8.5141160   4.6673324e-19   2.4380566e-19
       4.1737426       8.5173524   4.6684825e-19   2.4369589e-19
       4.1750093       8.5205936   4.6696341e-19   2.4358604e-19
       4.1762760       8.5238396   4.6707873e-19   2.4347611e-19
       4.1775427       8.5270904   4.6719421e-19   2.4336612e-19
       4.1788094       8.5303461   4.6730984e-19   2.4325605e-19
       4.1800761       8.5336067   4.6742563e-19   2.4314591e-19
       4.1813428       8.5368721   4.6754158e-19   2.4303570e-19
       4.1826094       8.5401425   4.6765768e-19   2.4292542e-19
       4.1838761       8.5434177   4.6777394e-19   2.4281506e-19
       4.1851428       8.5466978   4.6789037e-19   2.4270463e-19
       4.1864095       8.5499829   4.6800695e-19   2.4259412e-19
       4.1876762       8.5532729   4.6812369e-19   2.4248355e-19
       4.1889429       8.5565678   4.6824058e-19   2.4237290e-19
       4.1902096       8.5598678   4.6835764e-19   2.4226217e-19
       4.1914763       8.5631727   4.6847486e-19   2.4215137e-19
       4.1927430       8.5664825   4.6859224e-19   2.4204050e-19
       4.1940097       8.5697974   4.6870979e-19   2.4192956e-19
       4.1952763       8.5731174   4.6882749e-19   2.4181854e-19
       4.1965430       8.5764423   4.6894536e-19   2.4170744e-19
       4.1978097       8.5797723   4.6906338e-19   2.4159627e-19
       4.1990764       8.5831073   4.6918157e-19   2.4148503e-19
       4.2003431       8.5864475   4.6929993e-19   2.4137371e-19
       4.2016098       8.5897927   4.6941845e-19   2.4126232e-19
       4.2028765       8.5931430   4.6953713e-19   2.4115085e-19
       4.2041432       8.5964984   4.6965598e-19   2.4103931e-19
       4.2054099       8.5998590   4.6977499e-19   2.4092769e-19
       4.2066765       8.6032247   4.6989417e-19   2.4081600e-19
       4.2079432       8.6065955   4.7001351e-19   2.4070423e-19
       4.2092099       8.6099715   4.7013302e-19   2.4059238e-19
       4.2104766       8.6133527   4.7025270e-19   2.4048046e-19
       4.2117433       8.6167391   4.7037254e-19   2.4036847e-19
       4.2130100       8.6201307   4.7049255e-19   2.4025639e-19
       4.2142767       8.6235276   4.7061273e-19   2.4014425e-19
       4.2155434       8.6269296   4.7073308e-19   2.4003202e-19
       4.2168101       8.6303370   4.7085360e-19   2.3991972e-19
       4.2180768       8.6337495   4.7097428e-19   2.3980734e-19
       4.2193434       8.6371674   4.7109514e-19   2.3969488e-19
       4.2206101       8.6405906   4.7121617e-19   2.3958235e-19
       4.2218768       8.6440191   4.7133736e-19   2.3946974e-19
       4.2231435       8.6474529   4.7145873e-19   2.3935706e-19
       4.2244102       8.6508920   4.7158027e-19   2.3924429e-19
       4.2256769       8.6543365   4.7170198e-19   2.3913145e-19
       4.2269436       8.6577864   4.7182386e-19   2.3901853e-19
       4.2282103       8.6612417   4.7194592e-19   2.3890554e-19
       4.2294770       8.6647023   4.7206815e-19   2.3879246e-19
       4.2307437       8.6681684   4.7219055e-19   2.3867931e-19
       4.2320103       8.6716399   4.7231313e-19   2.3856608e-19
       4.2332770       8.6751168   4.7243589e-19   2.3845277e-19
       4.2345437       8.6785992   4.7255881e-19   2.3833938e-19
       4.2358104       8.6820871   4.7268192e-19   2.3822591e-19
       4.2370771       8.6855805   4.7280520e-19   2.3811236e-19
       4.2383438       8.6890793   4.7292865e-19   2.3799874e-19
       4.2396105       8.6925837   4.7305229e-19   2.3788504e-19
       4.2408772       8.6960937   4.7317610e-19   2.3777125e-19
       4.2421439       8.6996091   4.7330008e-19   2.3765739e-19
       4.2434106       8.7031302   4.7342425e-19   2.3754345e-19
       4.2446772       8.7066568   4.7354860e-19   2.3742942e-19
       4.2459439       8.7101890   4.7367312e-19   2.3731532e-19
       4.2472106       8.7137268   4.7379783e-19   2.3720114e-19
       4.2484773       8.7172703   4.7392271e-19   2.3708688e-19
       4.2497440       8.7208194   4.7404778e-19   2.3697253e-19
       4.2510107       8.7243742   4.7417303e-19   2.3685811e-19
       4.2522774       8.7279346   4.7429846e-19   2.3674360e-19
       4.2535441       8.7315007   4.7442407e-19   2.3662902e-19
       4.2548108       8.7350726   4.7454986e-19   2.3651435e-19
       4.2560774       8.7386501   4.7467584e-19   2.3639960e-19
       4.2573441       8.7422334   4.7480200e-19   2.3628477e-19
       4.2586108       8.7458225   4.7492834e-19   2.3616986e-19
       4.2598775       8.7494173   4.7505487e-19   2.3605487e-19
       4.2611442       8.7530179   4.7518159e-19   2.3593980e-19
       4.2624109       8.7566244   4.7530849e-19   2.3582464e-19
       4.2636776       8.7602366   4.7543558e-19   2.3570940e-19
       4.2649443       8.7638547   4.7556285e-19   2.3559408e-19
       4.2662110       8.7674786   4.7569031e-19   2.3547868e-19
       4.2674777       8.7711085   4.7581796e-19   2.3536319e-19
       4.2687443       8.7747442   4.7594580e-19   2.3524762e-19
       4.2700110       8.7783858   4.7607382e-19   2.3513197e-19
       4.2712777       8.7820333   4.7620204e-19   2.3501624e-19
       4.2725444       8.7856868   4.7633044e-19   2.3490042e-19
       4.2738111       8.7893462   4.7645904e-19   2.3478452e-19
       4.2750778       8.7930116   4.7658782e-19   2.3466853e-19
       4.2763445       8.7966830   4.7671680e-19   2.3455246e-19
       4.2776112       8.8003604   4.7684597e-19   2.3443631e-19
       4.2788779       8.8040438   4.7697533e-19   2.3432007e-19
       4.2801446       8.8077333   4.7710489e-19   2.3420375e-19
       4.2814112       8.8114288   4.7723463e-19   2.3408734e-19
       4.2826779       8.8151304   4.7736457e-19   2.3397085e-19
       4.2839446       8.8188381   4.7749471e-19   2.3385428e-19
       4.2852113       8.8225519   4.7762504e-19   2.3373762e-19
       4.2864780       8.8262719   4.7775557e-19   2.3362087e-19
       4.2877447       8.8299979   4.7788629e-19   2.3350404e-19
       4.2890114       8.8337302   4.7801721e-19   2.3338712e-19
       4.2902781       8.8374686   4.7814833e-19   2.3327012e-19
       4.2915448       8.8412133   4.7827964e-19   2.3315303e-19
       4.2928114       8.8449642   4.7841116e-19   2.3303586e-19
       4.2940781       8.8487213   4.7854287e-19   2.3291860e-19
       4.2953448       8.8524846   4.7867478e-19   2.3280125e-19
       4.2966115       8.8562543   4.7880689e-19   2.3268382e-19
       4.2978782       8.8600302   4.7893920e-19   2.3256630e-19
       4.2991449       8.8638124   4.7907171e-19   2.3244869e-19
       4.3004116       8.8676010   4.7920443e-19   2.3233100e-19
       4.3016783       8.8713959   4.7933734e-19   2.3221321e-19
       4.3029450       8.8751972   4.7947046e-19   2.3209534e-19
       4.3042117       8.8790049   4.7960378e-19   2.3197739e-19
       4.3054783       8.8828190   4.7973731e-19   2.3185934e-19
       4.3067450       8.8866395   4.7987104e-19   2.3174121e-19
       4.3080117       8.8904665   4.8000498e-19   2.3162299e-19
       4.3092784       8.8942999   4.8013912e-19   2.3150468e-19
       4.3105451       8.8981398   4.8027347e-19   2.3138628e-19
       4.3118118       8.9019862   4.8040802e-19   2.3126780e-19
       4.3130785       8.9058391   4.8054278e-19   2.3114922e-19
       4.3143452       8.9096986   4.8067775e-19   2.3103056e-19
       4.3156119       8.9135646   4.8081293e-19   2.3091181e-19
       4.3168786       8.9174372   4.8094832e-19   2.3079296e-19
       4.3181452       8.9213165   4.8108392e-19   2.3067403e-19
       4.3194119       8.9252023   4.8121973e-19   2.3055501e-19
       4.3206786       8.9290948   4.8135574e-19   2.3043589e-19
       4.3219453       8.9329939   4.8149197e-19   2.3031669e-19
       4.3232120       8.9368997   4.8162842e-19   2.3019740e-19
       4.3244787       8.9408122   4.8176507e-19   2.3007802e-19
       4.3257454       8.9447314   4.8190194e-19   2.2995854e-19
       4.3270121       8.9486574   4.8203902e-19   2.2983898e-19
       4.3282788       8.9525902   4.8217632e-19   2.2971932e-19
       4.3295455       8.9565297   4.8231383e-19   2.2959957e-19
       4.3308121       8.9604760   4.8245156e-19   2.2947973e-19
       4.3320788       8.9644291   4.8258951e-19   2.2935980e-19
       4.3333455       8.9683891   4.8272767e-19   2.2923978e-19
       4.3346122       8.9723560   4.8286605e-19   2.2911966e-19
       4.3358789       8.9763297   4.8300465e-19   2.2899945e-19
       4.3371456       8.9803103   4.8314346e-19   2.2887915e-19
       4.3384123       8.9842979   4.8328250e-19   2.2875876e-19
       4.3396790       8.9882924   4.8342176e-19   2.2863828e-19
       4.3409457       8.9922939   4.8356124e-19   2.2851770e-19
       4.3422123       8.9963024   4.8370094e-19   2.2839702e-19
       4.3434790       9.0003179   4.8384086e-19   2.2827626e-19
       4.3447457       9.0043404   4.8398100e-19   2.2815540e-19
       4.3460124       9.0083700   4.8412137e-19   2.2803445e-19
       4.3472791       9.0124067   4.8426196e-19   2.2791340e-19
       4.3485458       9.0164505   4.8440278e-19   2.2779226e-19
       4.3498125       9.0205013   4.8454382e-19   2.2767102e-19
       4.3510792       9.0245594   4.8468509e-19   2.2754969e-19
       4.3523459       9.0286246   4.8482659e-19   2.2742826e-19
       4.3536126       9.0326970   4.8496831e-19   2.2730674e-19
       4.3548792       9.0367766   4.8511026e-19   2.2718513e-19
       4.3561459       9.0408634   4.8525244e-19   2.2706341e-19
       4.3574126       9.0449575   4.8539485e-19   2.2694161e-19
       4.3586793       9.0490589   4.8553749e-19   2.2681970e-19
       4.3599460       9.0531676   4.8568037e-19   2.2669770e-19
       4.3612127       9.0572836   4.8582347e-19   2.2657561e-19
       4.3624794       9.0614069   4.8596680e-19   2.2645341e-19
       4.3637461       9.0655376   4.8611037e-19   2.2633112e-19
       4.3650128       9.0696758   4.8625417e-19   2.2620874e-19
       4.3662795       9.0738213   4.8639821e-19   2.2608625e-19
       4.3675461       9.0779743   4.8654248e-19   2.2596367e-19
       4.3688128       9.0821347   4.8668699e-19   2.2584099e-19
       4.3700795       9.0863027   4.8683173e-19   2.2571822e-19
       4.3713462       9.0904781   4.8697671e-19   2.2559534e-19
       4.3726129       9.0946611   4.8712193e-19   2.2547237e-19
       4.3738796       9.0988516   4.8726739e-19   2.2534930e-19
       4.3751463       9.1030498   4.8741308e-19   2.2522613e-19
       4.3764130       9.1072555   4.8755902e-19   2.2510286e-19
       4.3776797       9.1114689   4.8770520e-19   2.2497949e-19
       4.3789464       9.1156899   4.8785162e-19   2.2485602e-19
       4.3802130       9.1199186   4.8799828e-19   2.2473245e-19
       4.3814797       9.1241550   4.8814518e-19   2.2460878e-19
       4.3827464       9.1283992   4.8829233e-19   2.2448502e-19
       4.3840131       9.1326511   4.8843973e-19   2.2436115e-19
       4.3852798       9.1369107   4.8858736e-19   2.2423718e-19
       4.3865465       9.1411782   4.8873525e-19   2.2411311e-19
       4.3878132       9.1454536   4.8888338e-19   2.2398894e-19
       4.3890799       9.1497367   4.8903176e-19   2.2386467e-19
       4.3903466       9.1540278   4.8918039e-19   2.2374030e-19
       4.3916132       9.1583268   4.8932926e-19   2.2361582e-19
       4.3928799       9.1626337   4.8947839e-19   2.2349125e-19
       4.3941466       9.1669486   4.8962776e-19   2.2336657e-19
       4.3954133       9.1712714   4.8977739e-19   2.2324179e-19
       4.3966800       9.1756023   4.8992727e-19   2.2311691e-19
       4.3979467       9.1799412   4.9007740e-19   2.2299192e-19
       4.3992134       9.1842881   4.9022779e-19   2.2286683e-19
       4.4004801       9.1886432   4.9037843e-19   2.2274164e-19
       4.4017468       9.1930064   4.9052933e-19   2.2261634e-19
       4.4030135       9.1973777   4.9068048e-19   2.2249094e-19
       4.4042801       9.2017572   4.9083189e-19   2.2236544e-19
       4.4055468       9.2061449   4.9098356e-19   2.2223983e-19
       4.4068135       9.2105408   4.9113548e-19   2.2211412e-19
       4.4080802       9.2149450   4.9128767e-19   2.2198830e-19
       4.4093469       9.2193574   4.9144011e-19   2.2186238e-19
       4.4106136       9.2237781   4.9159282e-19   2.2173636e-19
       4.4118803       9.2282072   4.9174579e-19   2.2161022e-19
       4.4131470       9.2326447   4.9189902e-19   2.2148399e-19
       4.4144137       9.2370905   4.9205251e-19   2.2135764e-19
       4.4156804       9.2415448   4.9220627e-19   2.2123119e-19
       4.4169470       9.2460075   4.9236030e-19   2.2110464e-19
       4.4182137       9.2504787   4.9251459e-19   2.2097797e-19
       4.4194804       9.2549583   4.9266914e-19   2.2085120e-19
       4.4207471       9.2594465   4.9282397e-19   2.2072432e-19
       4.4220138       9.2639433   4.9297906e-19   2.2059734e-19
       4.4232805       9.2684487   4.9313442e-19   2.2047025e-19
       4.4245472       9.2729626   4.9329005e-19   2.2034305e-19
       4.4258139       9.2774853   4.9344596e-19   2.2021574e-19
       4.4270806       9.2820166   4.9360213e-19   2.2008832e-19
       4.4283472       9.2865566   4.9375858e-19   2.1996080e-19
       4.4296139       9.2911053   4.9391530e-19   2.1983316e-19
       4.4308806       9.2956628   4.9407230e-19   2.1970542e-19
       4.4321473       9.3002291   4.9422957e-19   2.1957757e-19
       4.4334140       9.3048042   4.9438712e-19   2.1944961e-19
       4.4346807       9.3093882   4.9454495e-19   2.1932153e-19
       4.4359474       9.3139811   4.9470305e-19   2.1919335e-19
       4.4372141       9.3185829   4.9486144e-19   2.1906506e-19
       4.4384808       9.3231936   4.9502010e-19   2.1893665e-19
       4.4397475       9.3278133   4.9517904e-19   2.1880814e-19
       4.4410141       9.3324420   4.9533827e-19   2.1867951e-19
       4.4422808       9.3370797   4.9549778e-19   2.1855078e-19
       4.4435475       9.3417265   4.9565757e-19   2.1842193e-19
       4.4448142       9.3463825   4.9581765e-19   2.1829296e-19
       4.4460809       9.3510475   4.9597801e-19   2.1816389e-19
       4.4473476       9.3557217   4.9613866e-19   2.1803470e-19
       4.4486143       9.3604051   4.9629960e-19   2.1790540e-19
       4.4498810       9.3650978   4.9646082e-19   2.1777599e-19
       4.4511477       9.3697996   4.9662234e-19   2.1764647e-19
       4.4524144       9.3745108   4.9678414e-19   2.1751683e-19
       4.4536810       9.3792313   4.9694624e-19   2.1738707e-19
       4.4549477       9.3839612   4.9710863e-19   2.1725721e-19
       4.4562144       9.3887005   4.9727131e-19   2.1712722e-19
       4.4574811       9.3934491   4.9743428e-19   2.1699713e-19
       4.4587478       9.3982073   4.9759755e-19   2.1686691e-19
       4.4600145       9.4029749   4.9776112e-19   2.1673659e-19
       4.4612812       9.4077520   4.9792499e-19   2.1660614e-19
       4.4625479       9.4125387   4.9808915e-19   2.1647558e-19
       4.4638146       9.4173350   4.9825361e-19   2.1634491e-19
       4.4650813       9.4221409   4.9841837e-19   2.1621412e-19
       4.4663479       9.4269565   4.9858343e-19   2.1608321e-19
       4.4676146       9.4317817   4.9874880e-19   2.1595218e-19
       4.4688813       9.4366167   4.9891447e-19   2.1582104e-19
       4.4701480       9.4414614   4.9908044e-19   2.1568978e-19
       4.4714147       9.4463160   4.9924672e-19   2.1555840e-19
       4.4726814       9.4511803   4.9941330e-19   2.1542690e-19
       4.4739481       9.4560546   4.9958019e-19   2.1529529e-19
       4.4752148       9.4609387   4.9974739e-19   2.1516355e-19
       4.4764815       9.4658328   4.9991490e-19   2.1503170e-19
       4.4777481       9.4707368   5.0008272e-19   2.1489973e-19
       4.4790148       9.4756509   5.0025085e-19   2.1476764e-19
       4.4802815       9.4805749   5.0041929e-19   2.1463542e-19
       4.4815482       9.4855091   5.0058805e-19   2.1450309e-19
       4.4828149       9.4904534   5.0075712e-19   2.1437064e-19
       4.4840816       9.4954078   5.0092651e-19   2.1423806e-19
       4.4853483       9.5003725   5.0109621e-19   2.1410537e-19
       4.4866150       9.5053473   5.0126623e-19   2.1397255e-19
       4.4878817       9.5103324   5.0143657e-19   2.1383961e-19
       4.4891484       9.5153279   5.0160724e-19   2.1370655e-19
       4.4904150       9.5203336   5.0177822e-19   2.1357337e-19
       4.4916817       9.5253498   5.0194952e-19   2.1344006e-19
       4.4929484       9.5303763   5.0212115e-19   2.1330663e-19
       4.4942151       9.5354133   5.0229311e-19   2.1317308e-19
       4.4954818       9.5404608   5.0246539e-19   2.1303940e-19
       4.4967485       9.5455188   5.0263799e-19   2.1290560e-19
       4.4980152       9.5505874   5.0281093e-19   2.1277168e-19
       4.4992819       9.5556666   5.0298419e-19   2.1263763e-19
       4.5005486       9.5607565   5.0315778e-19   2.1250345e-19
       4.5018153       9.5658570   5.0333171e-19   2.1236915e-19
       4.5030819       9.5709682   5.0350597e-19   2.1223473e-19
       4.5043486       9.5760903   5.0368056e-19   2.1210018e-19
       4.5056153       9.5812231   5.0385549e-19   2.1196550e-19
       4.5068820       9.5863668   5.0403075e-19   2.1183069e-19
       4.5081487       9.5915213   5.0420635e-19   2.1169576e-19
       4.5094154       9.5966868   5.0438229e-19   2.1156070e-19
       4.5106821       9.6018633   5.0455857e-19   2.1142552e-19
       4.5119488       9.6070507   5.0473519e-19   2.1129020e-19
       4.5132155       9.6122492   5.0491215e-19   2.1115476e-19
       4.5144822       9.6174588   5.0508946e-19   2.1101919e-19
       4.5157488       9.6226796   5.0526711e-19   2.1088349e-19
       4.5170155       9.6279115   5.0544511e-19   2.1074766e-19
       4.5182822       9.6331546   5.0562345e-19   2.1061170e-19
       4.5195489       9.6384090   5.0580215e-19   2.1047561e-19
       4.5208156       9.6436747   5.0598119e-19   2.1033940e-19
       4.5220823       9.6489517   5.0616058e-19   2.1020305e-19
       4.5233490       9.6542401   5.0634033e-19   2.1006657e-19
       4.5246157       9.6595400   5.0652043e-19   2.0992995e-19
       4.5258824       9.6648513   5.0670088e-19   2.0979321e-19
       4.5271490       9.6701742   5.0688169e-19   2.0965633e-19
       4.5284157       9.6755086   5.0706286e-19   2.0951933e-19
       4.5296824       9.6808546   5.0724438e-19   2.0938219e-19
       4.5309491       9.6862123   5.0742627e-19   2.0924491e-19
       4.5322158       9.6915817   5.0760852e-19   2.0910750e-19
       4.5334825       9.6969628   5.0779113e-19   2.0896996e-19
       4.5347492       9.7023557   5.0797410e-19   2.0883229e-19
       4.5360159       9.7077604   5.0815744e-19   2.0869448e-19
       4.5372826       9.7131771   5.0834115e-19   2.0855653e-19
       4.5385493       9.7186056   5.0852522e-19   2.0841845e-19
       4.5398159       9.7240461   5.0870966e-19   2.0828024e-19
       4.5410826       9.7294987   5.0889448e-19   2.0814189e-19
       4.5423493       9.7349633   5.0907966e-19   2.0800340e-19
       4.5436160       9.7404400   5.0926522e-19   2.0786477e-19
       4.5448827       9.7459288   5.0945116e-19   2.0772601e-19
       4.5461494       9.7514299   5.0963747e-19   2.0758711e-19
       4.5474161       9.7569433   5.0982416e-19   2.0744808e-19
       4.5486828       9.7624689   5.1001123e-19   2.0730890e-19
       4.5499495       9.7680069   5.1019867e-19   2.0716959e-19
       4.5512162       9.7735573   5.1038651e-19   2.0703013e-19
       4.5524828       9.7791201   5.1057472e-19   2.0689054e-19
       4.5537495       9.7846955   5.1076332e-19   2.0675081e-19
       4.5550162       9.7902834   5.1095230e-19   2.0661094e-19
       4.5562829       9.7958839   5.1114167e-19   2.0647093e-19
       4.5575496       9.8014970   5.1133144e-19   2.0633077e-19
       4.5588163       9.8071228   5.1152159e-19   2.0619048e-19
       4.5600830       9.8127614   5.1171213e-19   2.0605004e-19
       4.5613497       9.8184128   5.1190307e-19   2.0590946e-19
       4.5626164       9.8240771   5.1209440e-19   2.0576874e-19
       4.5638830       9.8297542   5.1228613e-19   2.0562788e-19
       4.5651497       9.8354443   5.1247826e-19   2.0548687e-19
       4.5664164       9.8411474   5.1267079e-19   2.0534572e-19
       4.5676831       9.8468636   5.1286372e-19   2.0520442e-19
       4.5689498       9.8525929   5.1305705e-19   2.0506298e-19
       4.5702165       9.8583353   5.1325079e-19   2.0492140e-19
       4.5714832       9.8640910   5.1344493e-19   2.0477967e-19
       4.5727499       9.8698600   5.1363948e-19   2.0463779e-19
       4.5740166       9.8756422   5.1383444e-19   2.0449577e-19
       4.5752833       9.8814379   5.1402981e-19   2.0435360e-19
       4.5765499       9.8872470   5.1422559e-19   2.0421129e-19
       4.5778166       9.8930696   5.1442178e-19   2.0406882e-19
       4.5790833       9.8989057   5.1461839e-19   2.0392621e-19
       4.5803500       9.9047555   5.1481542e-19   2.0378346e-19
       4.5816167       9.9106189   5.1501287e-19   2.0364055e-19
       4.5828834       9.9164960   5.1521073e-19   2.0349749e-19
       4.5841501       9.9223869   5.1540902e-19   2.0335429e-19
       4.5854168       9.9282916   5.1560774e-19   2.0321093e-19
       4.5866835       9.9342102   5.1580687e-19   2.0306742e-19
       4.5879502       9.9401427   5.1600644e-19   2.0292377e-19
       4.5892168       9.9460893   5.1620643e-19   2.0277996e-19
       4.5904835       9.9520499   5.1640686e-19   2.0263600e-19
       4.5917502       9.9580246   5.1660771e-19   2.0249189e-19
       4.5930169       9.9640135   5.1680900e-19   2.0234762e-19
       4.5942836       9.9700167   5.1701073e-19   2.0220320e-19
       4.5955503       9.9760341   5.1721289e-19   2.0205863e-19
       4.5968170       9.9820659   5.1741549e-19   2.0191391e-19
       4.5980837       9.9881121   5.1761853e-19   2.0176903e-19
       4.5993504       9.9941728   5.1782202e-19   2.0162399e-19
       4.6006171       10.000248   5.1802595e-19   2.0147880e-19
       4.6018837       10.006338   5.1823032e-19   2.0133346e-19
       4.6031504       10.012442   5.1843515e-19   2.0118795e-19
       4.6044171       10.018562   5.1864042e-19   2.0104230e-19
       4.6056838       10.024696   5.1884614e-19   2.0089648e-19
       4.6069505       10.030845   5.1905232e-19   2.0075051e-19
       4.6082172       10.037008   5.1925896e-19   2.0060438e-19
       4.6094839       10.043187   5.1946605e-19   2.0045809e-19
       4.6107506       10.049381   5.1967360e-19   2.0031164e-19
       4.6120173       10.055590   5.1988161e-19   2.0016503e-19
       4.6132839       10.061814   5.2009008e-19   2.0001826e-19
       4.6145506       10.068053   5.2029902e-19   1.9987133e-19
       4.6158173       10.074308   5.2050842e-19   1.9972424e-19
       4.6170840       10.080578   5.2071829e-19   1.9957699e-19
       4.6183507       10.086863   5.2092864e-19   1.9942958e-19
       4.6196174       10.093164   5.2113945e-19   1.9928200e-19
       4.6208841       10.099481   5.2135074e-19   1.9913427e-19
       4.6221508       10.105813   5.2156251e-19   1.9898636e-19
       4.6234175       10.112161   5.2177475e-19   1.9883830e-19
       4.6246842       10.118525   5.2198748e-19   1.9869007e-19
       4.6259508       10.124904   5.2220068e-19   1.9854167e-19
       4.6272175       10.131300   5.2241437e-19   1.9839311e-19
       4.6284842       10.137711   5.2262855e-19   1.9824439e-19
       4.6297509       10.144138   5.2284322e-19   1.9809550e-19
       4.6310176       10.150582   5.2305837e-19   1.9794644e-19
       4.6322843       10.157042   5.2327402e-19   1.9779721e-19
       4.6335510       10.163518   5.2349016e-19   1.9764781e-19
       4.6348177       10.170010   5.2370680e-19   1.9749825e-19
       4.6360844       10.176519   5.2392394e-19   1.9734852e-19
       4.6373511       10.183045   5.2414158e-19   1.9719862e-19
       4.6386177       10.189586   5.2435972e-19   1.9704854e-19
       4.6398844       10.196145   5.2457837e-19   1.9689830e-19
       4.6411511       10.202720   5.2479753e-19   1.9674789e-19
       4.6424178       10.209312   5.2501719e-19   1.9659730e-19
       4.6436845       10.215921   5.2523737e-19   1.9644655e-19
       4.6449512       10.222547   5.2545806e-19   1.9629562e-19
       4.6462179       10.229190   5.2567926e-19   1.9614451e-19
       4.6474846       10.235850   5.2590099e-19   1.9599323e-19
       4.6487513       10.242527   5.2612323e-19   1.9584178e-19
       4.6500179       10.249221   5.2634600e-19   1.9569016e-19
       4.6512846       10.255933   5.2656929e-19   1.9553835e-19
       4.6525513       10.262662   5.2679311e-19   1.9538638e-19
       4.6538180       10.269409   5.2701746e-19   1.9523422e-19
       4.6550847       10.276173   5.2724234e-19   1.9508189e-19
       4.6563514       10.282955   5.2746776e-19   1.9492938e-19
       4.6576181       10.289755   5.2769371e-19   1.9477669e-19
       4.6588848       10.296572   5.2792020e-19   1.9462382e-19
       4.6601515       10.303407   5.2814723e-19   1.9447078e-19
       4.6614182       10.310261   5.2837481e-19   1.9431755e-19
       4.6626848       10.317132   5.2860293e-19   1.9416414e-19
       4.6639515       10.324021   5.2883161e-19   1.9401055e-19
       4.6652182       10.330929   5.2906083e-19   1.9385678e-19
       4.6664849       10.337855   5.2929060e-19   1.9370283e-19
       4.6677516       10.344800   5.2952094e-19   1.9354869e-19
       4.6690183       10.351763   5.2975183e-19   1.9339437e-19
       4.6702850       10.358744   5.2998328e-19   1.9323987e-19
       4.6715517       10.365744   5.3021529e-19   1.9308518e-19
       4.6728184       10.372763   5.3044787e-19   1.9293031e-19
       4.6740851       10.379801   5.3068102e-19   1.9277525e-19
       4.6753517       10.386858   5.3091474e-19   1.9262000e-19
       4.6766184       10.393933   5.3114904e-19   1.9246457e-19
       4.6778851       10.401028   5.3138391e-19   1.9230895e-19
       4.6791518       10.408142   5.3161935e-19   1.9215314e-19
       4.6804185       10.415276   5.3185538e-19   1.9199714e-19
       4.6816852       10.422428   5.3209200e-19   1.9184095e-19
       4.6829519       10.429601   5.3232920e-19   1.9168457e-19
       4.6842186       10.436792   5.3256699e-19   1.9152800e-19
       4.6854853       10.444004   5.3280538e-19   1.9137123e-19
       4.6867520       10.451235   5.3304435e-19   1.9121428e-19
       4.6880186       10.458486   5.3328393e-19   1.9105713e-19
       4.6892853       10.465757   5.3352411e-19   1.9089979e-19
       4.6905520       10.473048   5.3376489e-19   1.9074225e-19
       4.6918187       10.480359   5.3400627e-19   1.9058452e-19
       4.6930854       10.487691   5.3424827e-19   1.9042660e-19
       4.6943521       10.495043   5.3449087e-19   1.9026847e-19
       4.6956188       10.502415   5.3473409e-19   1.9011015e-19
       4.6968855       10.509808   5.3497793e-19   1.8995164e-19
       4.6981522       10.517221   5.3522239e-19   1.8979292e-19
       4.6994188       10.524656   5.3546747e-19   1.8963401e-19
       4.7006855       10.532111   5.3571318e-19   1.8947489e-19
       4.7019522       10.539587   5.3595952e-19   1.8931558e-19
       4.7032189       10.547084   5.3620649e-19   1.8915606e-19
       4.7044856       10.554602   5.3645409e-19   1.8899634e-19
       4.7057523       10.562142   5.3670233e-19   1.8883642e-19
       4.7070190       10.569703   5.3695122e-19   1.8867630e-19
       4.7082857       10.577285   5.3720074e-19   1.8851597e-19
       4.7095524       10.584889   5.3745092e-19   1.8835544e-19
       4.7108191       10.592515   5.3770175e-19   1.8819470e-19
       4.7120857       10.600162   5.3795322e-19   1.8803376e-19
       4.7133524       10.607832   5.3820536e-19   1.8787261e-19
       4.7146191       10.615523   5.3845815e-19   1.8771125e-19
       4.7158858       10.623237   5.3871161e-19   1.8754968e-19
       4.7171525       10.630973   5.3896574e-19   1.8738791e-19
       4.7184192       10.638731   5.3922053e-19   1.8722592e-19
       4.7196859       10.646512   5.3947600e-19   1.8706373e-19
       4.7209526       10.654315   5.3973214e-19   1.8690132e-19
       4.7222193       10.662141   5.3998896e-19   1.8673870e-19
       4.7234860       10.669990   5.4024647e-19   1.8657587e-19
       4.7247526       10.677862   5.4050466e-19   1.8641283e-19
       4.7260193       10.685757   5.4076354e-19   1.8624957e-19
       4.7272860       10.693675   5.4102311e-19   1.8608609e-19
       4.7285527       10.701617   5.4128338e-19   1.8592240e-19
       4.7298194       10.709582   5.4154435e-19   1.8575850e-19
       4.7310861       10.717570   5.4180602e-19   1.8559437e-19
       4.7323528       10.725582   5.4206840e-19   1.8543003e-19
       4.7336195       10.733618   5.4233149e-19   1.8526547e-19
       4.7348862       10.741678   5.4259529e-19   1.8510069e-19
       4.7361529       10.749762   5.4285981e-19   1.8493568e-19
       4.7374195       10.757870   5.4312505e-19   1.8477046e-19
       4.7386862       10.766003   5.4339102e-19   1.8460502e-19
       4.7399529       10.774160   5.4365771e-19   1.8443935e-19
       4.7412196       10.782341   5.4392513e-19   1.8427345e-19
       4.7424863       10.790547   5.4419329e-19   1.8410734e-19
       4.7437530       10.798778   5.4446219e-19   1.8394099e-19
       4.7450197       10.807034   5.4473183e-19   1.8377442e-19
       4.7462864       10.815315   5.4500222e-19   1.8360763e-19
       4.7475531       10.823621   5.4527336e-19   1.8344060e-19
       4.7488197       10.831953   5.4554526e-19   1.8327335e-19
       4.7500864       10.840310   5.4581791e-19   1.8310586e-19
       4.7513531       10.848693   5.4609133e-19   1.8293815e-19
       4.7526198       10.857102   5.4636551e-19   1.8277020e-19
       4.7538865       10.865536   5.4664046e-19   1.8260202e-19
       4.7551532       10.873997   5.4691619e-19   1.8243361e-19
       4.7564199       10.882483   5.4719269e-19   1.8226496e-19
       4.7576866       10.890997   5.4746998e-19   1.8209608e-19
       4.7589533       10.899536   5.4774805e-19   1.8192696e-19
       4.7602200       10.908102   5.4802691e-19   1.8175761e-19
       4.7614866       10.916695   5.4830657e-19   1.8158802e-19
       4.7627533       10.925315   5.4858703e-19   1.8141819e-19
       4.7640200       10.933963   5.4886829e-19   1.8124811e-19
       4.7652867       10.942637   5.4915035e-19   1.8107780e-19
       4.7665534       10.951339   5.4943323e-19   1.8090725e-19
       4.7678201       10.960068   5.4971693e-19   1.8073645e-19
       4.7690868       10.968825   5.5000144e-19   1.8056541e-19
       4.7703535       10.977610   5.5028678e-19   1.8039413e-19
       4.7716202       10.986423   5.5057295e-19   1.8022260e-19
       4.7728869       10.995264   5.5085995e-19   1.8005082e-19
       4.7741535       11.004133   5.5114779e-19   1.7987880e-19
       4.7754202       11.013031   5.5143647e-19   1.7970653e-19
       4.7766869       11.021957   5.5172600e-19   1.7953401e-19
       4.7779536       11.030912   5.5201638e-19   1.7936124e-19
       4.7792203       11.039897   5.5230762e-19   1.7918822e-19
       4.7804870       11.048910   5.5259972e-19   1.7901494e-19
       4.7817537       11.057953   5.5289268e-19   1.7884141e-19
       4.7830204       11.067025   5.5318652e-19   1.7866763e-19
       4.7842871       11.076127   5.5348123e-19   1.7849359e-19
       4.7855537       11.085259   5.5377682e-19   1.7831930e-19
       4.7868204       11.094420   5.5407329e-19   1.7814475e-19
       4.7880871       11.103612   5.5437065e-19   1.7796994e-19
       4.7893538       11.112834   5.5466891e-19   1.7779487e-19
       4.7906205       11.122087   5.5496807e-19   1.7761954e-19
       4.7918872       11.131370   5.5526813e-19   1.7744394e-19
       4.7931539       11.140685   5.5556911e-19   1.7726809e-19
       4.7944206       11.150030   5.5587099e-19   1.7709197e-19
       4.7956873       11.159407   5.5617380e-19   1.7691559e-19
       4.7969540       11.168815   5.5647753e-19   1.7673894e-19
       4.7982206       11.178254   5.5678220e-19   1.7656202e-19
       4.7994873       11.187726   5.5708780e-19   1.7638484e-19
       4.8007540       11.197229   5.5739434e-19   1.7620738e-19
       4.8020207       11.206765   5.5770182e-19   1.7602966e-19
       4.8032874       11.216333   5.5801026e-19   1.7585166e-19
       4.8045541       11.225934   5.5831966e-19   1.7567339e-19
       4.8058208       11.235567   5.5863001e-19   1.7549485e-19
       4.8070875       11.245233   5.5894134e-19   1.7531603e-19
       4.8083542       11.254933   5.5925364e-19   1.7513694e-19
       4.8096209       11.264666   5.5956692e-19   1.7495756e-19
       4.8108875       11.274432   5.5988118e-19   1.7477791e-19
       4.8121542       11.284232   5.6019644e-19   1.7459798e-19
       4.8134209       11.294067   5.6051269e-19   1.7441777e-19
       4.8146876       11.303935   5.6082994e-19   1.7423728e-19
       4.8159543       11.313838   5.6114820e-19   1.7405650e-19
       4.8172210       11.323775   5.6146748e-19   1.7387544e-19
       4.8184877       11.333748   5.6178777e-19   1.7369410e-19
       4.8197544       11.343755   5.6210910e-19   1.7351246e-19
       4.8210211       11.353798   5.6243145e-19   1.7333054e-19
       4.8222878       11.363876   5.6275485e-19   1.7314833e-19
       4.8235544       11.373990   5.6307928e-19   1.7296582e-19
       4.8248211       11.384139   5.6340477e-19   1.7278303e-19
       4.8260878       11.394325   5.6373132e-19   1.7259994e-19
       4.8273545       11.404547   5.6405893e-19   1.7241656e-19
       4.8286212       11.414806   5.6438761e-19   1.7223288e-19
       4.8298879       11.425102   5.6471736e-19   1.7204890e-19
       4.8311546       11.435435   5.6504820e-19   1.7186463e-19
       4.8324213       11.445805   5.6538013e-19   1.7168005e-19
       4.8336880       11.456213   5.6571315e-19   1.7149517e-19
       4.8349546       11.466658   5.6604728e-19   1.7131000e-19
       4.8362213       11.477142   5.6638252e-19   1.7112451e-19
       4.8374880       11.487664   5.6671887e-19   1.7093872e-19
       4.8387547       11.498224   5.6705634e-19   1.7075263e-19
       4.8400214       11.508823   5.6739495e-19   1.7056622e-19
       4.8412881       11.519462   5.6773469e-19   1.7037951e-19
       4.8425548       11.530139   5.6807558e-19   1.7019249e-19
       4.8438215       11.540856   5.6841762e-19   1.7000515e-19
       4.8450882       11.551613   5.6876082e-19   1.6981750e-19
       4.8463549       11.562410   5.6910518e-19   1.6962953e-19
       4.8476215       11.573247   5.6945072e-19   1.6944125e-19
       4.8488882       11.584125   5.6979743e-19   1.6925265e-19
       4.8501549       11.595044   5.7014534e-19   1.6906373e-19
       4.8514216       11.606004   5.7049444e-19   1.6887449e-19
       4.8526883       11.617005   5.7084474e-19   1.6868492e-19
       4.8539550       11.628048   5.7119626e-19   1.6849503e-19
       4.8552217       11.639133   5.7154899e-19   1.6830482e-19
       4.8564884       11.650260   5.7190295e-19   1.6811428e-19
       4.8577551       11.661430   5.7225814e-19   1.6792341e-19
       4.8590218       11.672643   5.7261458e-19   1.6773221e-19
       4.8602884       11.683899   5.7297226e-19   1.6754067e-19
       4.8615551       11.695198   5.7333121e-19   1.6734881e-19
       4.8628218       11.706541   5.7369142e-19   1.6715661e-19
       4.8640885       11.717928   5.7405290e-19   1.6696407e-19
       4.8653552       11.729359   5.7441567e-19   1.6677119e-19
       4.8666219       11.740835   5.7477973e-19   1.6657797e-19
       4.8678886       11.752356   5.7514509e-19   1.6638442e-19
       4.8691553       11.763922   5.7551176e-19   1.6619051e-19
       4.8704220       11.775533   5.7587974e-19   1.6599627e-19
       4.8716887       11.787191   5.7624906e-19   1.6580167e-19
       4.8729553       11.798895   5.7661970e-19   1.6560673e-19
       4.8742220       11.810645   5.7699169e-19   1.6541144e-19
       4.8754887       11.822442   5.7736504e-19   1.6521580e-19
       4.8767554       11.834286   5.7773974e-19   1.6501980e-19
       4.8780221       11.846178   5.7811582e-19   1.6482345e-19
       4.8792888       11.858117   5.7849328e-19   1.6462674e-19
       4.8805555       11.870105   5.7887213e-19   1.6442967e-19
       4.8818222       11.882142   5.7925237e-19   1.6423224e-19
       4.8830889       11.894227   5.7963403e-19   1.6403445e-19
       4.8843555       11.906361   5.8001710e-19   1.6383629e-19
       4.8856222       11.918545   5.8040160e-19   1.6363777e-19
       4.8868889       11.930780   5.8078754e-19   1.6343888e-19
       4.8881556       11.943064   5.8117493e-19   1.6323962e-19
       4.8894223       11.955399   5.8156378e-19   1.6303999e-19
       4.8906890       11.967785   5.8195409e-19   1.6283999e-19
       4.8919557       11.980223   5.8234589e-19   1.6263961e-19
       4.8932224       11.992712   5.8273917e-19   1.6243885e-19
       4.8944891       12.005253   5.8313395e-19   1.6223771e-19
       4.8957558       12.017848   5.8353024e-19   1.6203619e-19
       4.8970224       12.030495   5.8392805e-19   1.6183429e-19
       4.8982891       12.043195   5.8432740e-19   1.6163200e-19
       4.8995558       12.055949   5.8472828e-19   1.6142933e-19
       4.9008225       12.068758   5.8513072e-19   1.6122626e-19
       4.9020892       12.081621   5.8553473e-19   1.6102280e-19
       4.9033559       12.094539   5.8594031e-19   1.6081895e-19
       4.9046226       12.107512   5.8634747e-19   1.6061471e-19
       4.9058893       12.120541   5.8675624e-19   1.6041007e-19
       4.9071560       12.133627   5.8716662e-19   1.6020502e-19
       4.9084227       12.146769   5.8757861e-19   1.5999958e-19
       4.9096893       12.159968   5.8799225e-19   1.5979373e-19
       4.9109560       12.173225   5.8840752e-19   1.5958747e-19
       4.9122227       12.186540   5.8882446e-19   1.5938081e-19
       4.9134894       12.199913   5.8924307e-19   1.5917373e-19
       4.9147561       12.213345   5.8966336e-19   1.5896624e-19
       4.9160228       12.226837   5.9008534e-19   1.5875834e-19
       4.9172895       12.240388   5.9050903e-19   1.5855002e-19
       4.9185562       12.254000   5.9093444e-19   1.5834127e-19
       4.9198229       12.267672   5.9136159e-19   1.5813211e-19
       4.9210895       12.281406   5.9179048e-19   1.5792252e-19
       4.9223562       12.295202   5.9222114e-19   1.5771251e-19
       4.9236229       12.309059   5.9265356e-19   1.5750206e-19
       4.9248896       12.322980   5.9308778e-19   1.5729118e-19
       4.9261563       12.336964   5.9352379e-19   1.5707987e-19
       4.9274230       12.351011   5.9396162e-19   1.5686813e-19
       4.9286897       12.365123   5.9440127e-19   1.5665594e-19
       4.9299564       12.379299   5.9484277e-19   1.5644331e-19
       4.9312231       12.393541   5.9528613e-19   1.5623024e-19
       4.9324898       12.407849   5.9573135e-19   1.5601672e-19
       4.9337564       12.422223   5.9617846e-19   1.5580275e-19
       4.9350231       12.436664   5.9662748e-19   1.5558833e-19
       4.9362898       12.451173   5.9707841e-19   1.5537346e-19
       4.9375565       12.465749   5.9753126e-19   1.5515812e-19
       4.9388232       12.480394   5.9798607e-19   1.5494233e-19
       4.9400899       12.495109   5.9844284e-19   1.5472608e-19
       4.9413566       12.509893   5.9890158e-19   1.5450936e-19
       4.9426233       12.524748   5.9936232e-19   1.5429217e-19
       4.9438900       12.539673   5.9982506e-19   1.5407451e-19
       4.9451567       12.554670   6.0028983e-19   1.5385638e-19
       4.9464233       12.569739   6.0075664e-19   1.5363778e-19
       4.9476900       12.584881   6.0122552e-19   1.5341869e-19
       4.9489567       12.600097   6.0169646e-19   1.5319912e-19
       4.9502234       12.615386   6.0216950e-19   1.5297906e-19
       4.9514901       12.630750   6.0264465e-19   1.5275852e-19
       4.9527568       12.646190   6.0312192e-19   1.5253749e-19
       4.9540235       12.661705   6.0360134e-19   1.5231596e-19
       4.9552902       12.677297   6.0408292e-19   1.5209394e-19
       4.9565569       12.692967   6.0456668e-19   1.5187142e-19
       4.9578236       12.708714   6.0505264e-19   1.5164839e-19
       4.9590902       12.724540   6.0554082e-19   1.5142486e-19
       4.9603569       12.740446   6.0603123e-19   1.5120081e-19
       4.9616236       12.756431   6.0652390e-19   1.5097626e-19
       4.9628903       12.772498   6.0701884e-19   1.5075119e-19
       4.9641570       12.788645   6.0751607e-19   1.5052560e-19
       4.9654237       12.804876   6.0801562e-19   1.5029949e-19
       4.9666904       12.821189   6.0851750e-19   1.5007285e-19
       4.9679571       12.837586   6.0902174e-19   1.4984568e-19
       4.9692238       12.854067   6.0952835e-19   1.4961799e-19
       4.9704904       12.870634   6.1003735e-19   1.4938975e-19
       4.9717571       12.887287   6.1054877e-19   1.4916098e-19
       4.9730238       12.904026   6.1106262e-19   1.4893166e-19
       4.9742905       12.920854   6.1157894e-19   1.4870180e-19
       4.9755572       12.937770   6.1209773e-19   1.4847139e-19
       4.9768239       12.954775   6.1261902e-19   1.4824042e-19
       4.9780906       12.971870   6.1314284e-19   1.4800890e-19
       4.9793573       12.989057   6.1366921e-19   1.4777682e-19
       4.9806240       13.006335   6.1419815e-19   1.4754417e-19
       4.9818907       13.023706   6.1472968e-19   1.4731096e-19
       4.9831573       13.041171   6.1526382e-19   1.4707717e-19
       4.9844240       13.058730   6.1580061e-19   1.4684280e-19
       4.9856907       13.076384   6.1634006e-19   1.4660786e-19
       4.9869574       13.094135   6.1688221e-19   1.4637233e-19
       4.9882241       13.111983   6.1742706e-19   1.4613622e-19
       4.9894908       13.129930   6.1797466e-19   1.4589951e-19
       4.9907575       13.147976   6.1852502e-19   1.4566221e-19
       4.9920242       13.166121   6.1907817e-19   1.4542431e-19
       4.9932909       13.184368   6.1963414e-19   1.4518581e-19
       4.9945576       13.202718   6.2019295e-19   1.4494669e-19
       4.9958242       13.221170   6.2075464e-19   1.4470697e-19
       4.9970909       13.239726   6.2131922e-19   1.4446662e-19
       4.9983576       13.258388   6.2188673e-19   1.4422566e-19
       4.9996243       13.277156   6.2245719e-19   1.4398407e-19
       5.0008910       13.296032   6.2303063e-19   1.4374185e-19
       5.0021577       13.315016   6.2360709e-19   1.4349900e-19
       5.0034244       13.334109   6.2418658e-19   1.4325551e-19
       5.0046911       13.353314   6.2476915e-19   1.4301137e-19
       5.0059578       13.372630   6.2535481e-19   1.4276659e-19
       5.0072245       13.392059   6.2594361e-19   1.4252115e-19
       5.0084911       13.411602   6.2653557e-19   1.4227506e-19
       5.0097578       13.431261   6.2713073e-19   1.4202830e-19
       5.0110245       13.451036   6.2772911e-19   1.4178088e-19
       5.0122912       13.470930   6.2833074e-19   1.4153278e-19
       5.0135579       13.490942   6.2893567e-19   1.4128400e-19
       5.0148246       13.511074   6.2954393e-19   1.4103455e-19
       5.0160913       13.531329   6.3015554e-19   1.4078440e-19
       5.0173580       13.551706   6.3077054e-19   1.4053357e-19
       5.0186247       13.572207   6.3138897e-19   1.4028203e-19
       5.0198913       13.592834   6.3201087e-19   1.4002980e-19
       5.0211580       13.613588   6.3263626e-19   1.3977685e-19
       5.0224247       13.634470   6.3326519e-19   1.3952319e-19
       5.0236914       13.655482   6.3389769e-19   1.3926881e-19
       5.0249581       13.676625   6.3453380e-19   1.3901370e-19
       5.0262248       13.697901   6.3517356e-19   1.3875787e-19
       5.0274915       13.719311   6.3581701e-19   1.3850129e-19
       5.0287582       13.740857   6.3646419e-19   1.3824398e-19
       5.0300249       13.762540   6.3711513e-19   1.3798591e-19
       5.0312916       13.784362   6.3776988e-19   1.3772710e-19
       5.0325582       13.806324   6.3842847e-19   1.3746752e-19
       5.0338249       13.828427   6.3909096e-19   1.3720717e-19
       5.0350916       13.850675   6.3975738e-19   1.3694606e-19
       5.0363583       13.873067   6.4042778e-19   1.3668416e-19
       5.0376250       13.895607   6.4110220e-19   1.3642148e-19
       5.0388917       13.918295   6.4178068e-19   1.3615801e-19
       5.0401584       13.941133   6.4246328e-19   1.3589374e-19
       5.0414251       13.964124   6.4315003e-19   1.3562866e-19
       5.0426918       13.987268   6.4384099e-19   1.3536277e-19
       5.0439585       14.010568   6.4453620e-19   1.3509607e-19
       5.0452251       14.034026   6.4523571e-19   1.3482854e-19
       5.0464918       14.057643   6.4593957e-19   1.3456017e-19
       5.0477585       14.081422   6.4664783e-19   1.3429097e-19
       5.0490252       14.105364   6.4736054e-19   1.3402092e-19
       5.0502919       14.129472   6.4807775e-19   1.3375002e-19
       5.0515586       14.153747   6.4879952e-19   1.3347826e-19
       5.0528253       14.178191   6.4952590e-19   1.3320562e-19
       5.0540920       14.202807   6.5025695e-19   1.3293212e-19
       5.0553587       14.227597   6.5099271e-19   1.3265772e-19
       5.0566253       14.252563   6.5173325e-19   1.3238244e-19
       5.0578920       14.277707   6.5247863e-19   1.3210626e-19
       5.0591587       14.303031   6.5322890e-19   1.3182917e-19
       5.0604254       14.328538   6.5398412e-19   1.3155116e-19
       5.0616921       14.354230   6.5474435e-19   1.3127223e-19
       5.0629588       14.380110   6.5550966e-19   1.3099236e-19
       5.0642255       14.406179   6.5628010e-19   1.3071156e-19
       5.0654922       14.432441   6.5705575e-19   1.3042980e-19
       5.0667589       14.458898   6.5783666e-19   1.3014709e-19
       5.0680256       14.485553   6.5862291e-19   1.2986341e-19
       5.0692922       14.512407   6.5941456e-19   1.2957876e-19
       5.0705589       14.539464   6.6021168e-19   1.2929311e-19
       5.0718256       14.566727   6.6101434e-19   1.2900648e-19
       5.0730923       14.594198   6.6182261e-19   1.2871884e-19
       5.0743590       14.621880   6.6263657e-19   1.2843018e-19
       5.0756257       14.649776   6.6345628e-19   1.2814050e-19
       5.0768924       14.677890   6.6428183e-19   1.2784979e-19
       5.0781591       14.706223   6.6511329e-19   1.2755803e-19
       5.0794258       14.734779   6.6595075e-19   1.2726522e-19
       5.0806925       14.763561   6.6679427e-19   1.2697135e-19
       5.0819591       14.792573   6.6764394e-19   1.2667640e-19
       5.0832258       14.821817   6.6849986e-19   1.2638036e-19
       5.0844925       14.851297   6.6936209e-19   1.2608323e-19
       5.0857592       14.881017   6.7023073e-19   1.2578499e-19
       5.0870259       14.910979   6.7110586e-19   1.2548563e-19
       5.0882926       14.941188   6.7198759e-19   1.2518514e-19
       5.0895593       14.971647   6.7287599e-19   1.2488350e-19
       5.0908260       15.002359   6.7377116e-19   1.2458072e-19
       5.0920927       15.033329   6.7467320e-19   1.2427677e-19
       5.0933594       15.064560   6.7558221e-19   1.2397164e-19
       5.0946260       15.096056   6.7649828e-19   1.2366531e-19
       5.0958927       15.127821   6.7742153e-19   1.2335779e-19
       5.0971594       15.159859   6.7835204e-19   1.2304905e-19
       5.0984261       15.192175   6.7928994e-19   1.2273908e-19
       5.0996928       15.224773   6.8023532e-19   1.2242786e-19
       5.1009595       15.257657   6.8118831e-19   1.2211539e-19
       5.1022262       15.290831   6.8214900e-19   1.2180165e-19
       5.1034929       15.324301   6.8311753e-19   1.2148662e-19
       5.1047596       15.358070   6.8409400e-19   1.2117030e-19
       5.1060262       15.392145   6.8507854e-19   1.2085266e-19
       5.1072929       15.426528   6.8607128e-19   1.2053369e-19
       5.1085596       15.461227   6.8707233e-19   1.2021338e-19
       5.1098263       15.496245   6.8808184e-19   1.1989171e-19
       5.1110930       15.531588   6.8909992e-19   1.1956867e-19
       5.1123597       15.567261   6.9012673e-19   1.1924424e-19
       5.1136264       15.603270   6.9116239e-19   1.1891839e-19
       5.1148931       15.639621   6.9220705e-19   1.1859113e-19
       5.1161598       15.676319   6.9326086e-19   1.1826242e-19
       5.1174265       15.713370   6.9432395e-19   1.1793226e-19
       5.1186931       15.750781   6.9539650e-19   1.1760062e-19
       5.1199598       15.788557   6.9647864e-19   1.1726748e-19
       5.1212265       15.826705   6.9757055e-19   1.1693283e-19
       5.1224932       15.865231   6.9867238e-19   1.1659666e-19
       5.1237599       15.904143   6.9978431e-19   1.1625893e-19
       5.1250266       15.943446   7.0090650e-19   1.1591963e-19
       5.1262933       15.983148   7.0203914e-19   1.1557875e-19
       5.1275600       16.023257   7.0318240e-19   1.1523625e-19
       5.1288267       16.063779   7.0433647e-19   1.1489213e-19
       5.1300934       16.104723   7.0550153e-19   1.1454635e-19
       5.1313600       16.146096   7.0667779e-19   1.1419890e-19
       5.1326267       16.187906   7.0786545e-19   1.1384975e-19
       5.1338934       16.230161   7.0906470e-19   1.1349889e-19
       5.1351601       16.272870   7.1027576e-19   1.1314628e-19
       5.1364268       16.316042   7.1149886e-19   1.1279191e-19
       5.1376935       16.359686   7.1273420e-19   1.1243575e-19
       5.1389602       16.403810   7.1398202e-19   1.1207778e-19
       5.1402269       16.448424   7.1524255e-19   1.1171797e-19
       5.1414936       16.493539   7.1651604e-19   1.1135630e-19
       5.1427602       16.539163   7.1780273e-19   1.1099274e-19
       5.1440269       16.585308   7.1910288e-19   1.1062726e-19
       5.1452936       16.631983   7.2041674e-19   1.1025983e-19
       5.1465603       16.679201   7.2174460e-19   1.0989043e-19
       5.1478270       16.726971   7.2308672e-19   1.0951903e-19
       5.1490937       16.775306   7.2444340e-19   1.0914560e-19
       5.1503604       16.824218   7.2581492e-19   1.0877011e-19
       5.1516271       16.873718   7.2720159e-19   1.0839252e-19
       5.1528938       16.923820   7.2860373e-19   1.0801281e-19
       5.1541605       16.974537   7.3002164e-19   1.0763094e-19
       5.1554271       17.025882   7.3145567e-19   1.0724688e-19
       5.1566938       17.077868   7.3290616e-19   1.0686059e-19
       5.1579605       17.130512   7.3437345e-19   1.0647205e-19
       5.1592272       17.183826   7.3585791e-19   1.0608121e-19
       5.1604939       17.237827   7.3735992e-19   1.0568804e-19
       5.1617606       17.292531   7.3887986e-19   1.0529249e-19
       5.1630273       17.347953   7.4041813e-19   1.0489454e-19
       5.1642940       17.404111   7.4197515e-19   1.0449414e-19
       5.1655607       17.461022   7.4355133e-19   1.0409124e-19
       5.1668274       17.518704   7.4514713e-19   1.0368582e-19
       5.1680940       17.577176   7.4676299e-19   1.0327781e-19
       5.1693607       17.636457   7.4839938e-19   1.0286719e-19
       5.1706274       17.696568   7.5005680e-19   1.0245390e-19
       5.1718941       17.757529   7.5173575e-19   1.0203789e-19
       5.1731608       17.819362   7.5343675e-19   1.0161912e-19
       5.1744275       17.882089   7.5516033e-19   1.0119754e-19
       5.1756942       17.945733   7.5690707e-19   1.0077310e-19
       5.1769609       18.010319   7.5867754e-19   1.0034574e-19
       5.1782276       18.075870   7.6047234e-19   9.9915403e-20
       5.1794943       18.142414   7.6229209e-19   9.9482043e-20
       5.1807609       18.209977   7.6413745e-19   9.9045596e-20
       5.1820276       18.278588   7.6600909e-19   9.8606004e-20
       5.1832943       18.348274   7.6790771e-19   9.8163205e-20
       5.1845610       18.419067   7.6983403e-19   9.7717135e-20
       5.1858277       18.490998   7.7178881e-19   9.7267728e-20
       5.1870944       18.564100   7.7377284e-19   9.6814916e-20
       5.1883611       18.638407   7.7578693e-19   9.6358630e-20
       5.1896278       18.713954   7.7783193e-19   9.5898797e-20
       5.1908945       18.790780   7.7990873e-19   9.5435341e-20
       5.1921611       18.868923   7.8201826e-19   9.4968185e-20
       5.1934278       18.948422   7.8416148e-19   9.4497248e-20
       5.1946945       19.029322   7.8633940e-19   9.4022448e-20
       5.1959612       19.111666   7.8855307e-19   9.3543698e-20
       5.1972279       19.195499   7.9080358e-19   9.3060909e-20
       5.1984946       19.280872   7.9309208e-19   9.2573988e-20
       5.1997613       19.367834   7.9541978e-19   9.2082838e-20
       5.2010280       19.456440   7.9778793e-19   9.1587361e-20
       5.2022947       19.546743   8.0019784e-19   9.1087452e-20
       5.2035614       19.638804   8.0265090e-19   9.0583003e-20
       5.2048280       19.732684   8.0514855e-19   9.0073902e-20
       5.2060947       19.828447   8.0769231e-19   8.9560033e-20
       5.2073614       19.926162   8.1028377e-19   8.9041274e-20
       5.2086281       20.025900   8.1292462e-19   8.8517499e-20
       5.2098948       20.127736   8.1561661e-19   8.7988575e-20
       5.2111615       20.231750   8.1836160e-19   8.7454366e-20
       5.2124282       20.338027   8.2116155e-19   8.6914726e-20
       5.2136949       20.446654   8.2401851e-19   8.6369507e-20
       5.2149616       20.557726   8.2693468e-19   8.5818552e-20
       5.2162283       20.671341   8.2991235e-19   8.5261695e-20
       5.2174949       20.787605   8.3295394e-19   8.4698766e-20
       5.2187616       20.906629   8.3606205e-19   8.4129584e-20
       5.2187616       21.356088   9.4773576e-19   9.1719516e-20
       5.2200283       21.481094   9.8201222e-19   9.4025239e-20
       5.2212950       21.616641   1.0170556e-18   9.6264005e-20
       5.2225617       21.763585   1.0528257e-18   9.8419602e-20
       5.2238284       21.922844   1.0892744e-18   1.0047483e-19
       5.2250951       22.095401   1.1263458e-18   1.0241161e-19
       5.2263618       22.282307   1.1639753e-18   1.0421121e-19
       5.2276285       22.484680   1.2020896e-18   1.0585438e-19
       5.2288952       22.703709   1.2406065e-18   1.0732169e-19
       5.2301618       22.940656   1.2794348e-18   1.0859381e-19
       5.2314285       23.196852   1.3184749e-18   1.0965191e-19
       5.2326952       23.473697   1.3576184e-18   1.1047803e-19
       5.2339619       23.772655   1.3967495e-18   1.1105557e-19
       5.2352286       24.095251   1.4357452e-18   1.1136976e-19
       5.2364953       24.443059   1.4744766e-18   1.1140815e-19
       5.2377620       24.817696   1.5128105e-18   1.1116108e-19
       5.2390287       25.220801   1.5506102e-18   1.1062220e-19
       5.2402954       25.654019   1.5877377e-18   1.0978881e-19
       5.2415620       26.118981   1.6240552e-18   1.0866224e-19
       5.2428287       26.617266   1.6594271e-18   1.0724806e-19
       5.2440954       27.150377   1.6937211e-18   1.0555620e-19
       5.2453621       27.719690   1.7268098e-18   1.0360088e-19
       5.2466288       28.326416   1.7585718e-18   1.0140041e-19
       5.2478955       28.971540   1.7888912e-18   9.8976847e-20
       5.2491622       29.655768   1.8176574e-18   9.6355415e-20
       5.2504289       30.379459   1.8447630e-18   9.3563855e-20
       5.2516956       31.142564   1.8701014e-18   9.0631622e-20
       5.2529623       31.944552   1.8935616e-18   8.7589004e-20
       5.2542289       32.784352   1.9150237e-18   8.4466202e-20
       5.2554956       33.660295   1.9343514e-18   8.1292431e-20
       5.2567623       34.570063   1.9513853e-18   7.8095073e-20
       5.2580290       35.510663   1.9659353e-18   7.4898948e-20
       5.2592957       36.478412   1.9777739e-18   7.1725740e-20
       5.2605624       37.468957   1.9866318e-18   6.8593616e-20
       5.2618291       38.477316   1.9921965e-18   6.5517051e-20
       5.2630958       39.497953   1.9941156e-18   6.2506884e-20
       5.2643625       40.524880   1.9920067e-18   5.9570586e-20
       5.2656292       41.551793   1.9854737e-18   5.6712721e-20
       5.2668958       42.572225   1.9741302e-18   5.3935548e-20
       5.2681625       43.579712   1.9576294e-18   5.1239720e-20
       5.2694292       44.567975   1.9356965e-18   4.8624993e-20
       5.2706959       45.531080   1.9081620e-18   4.6090871e-20
       5.2719626       46.463604   1.8749895e-18   4.3637125e-20
       5.2732293       47.360756   1.8362953e-18   4.1264125e-20
       5.2744960       48.218485   1.7923551e-18   3.8972965e-20
       5.2757627       49.033541   1.7435963e-18   3.6765393e-20
       5.2770294       49.803506   1.6905780e-18   3.4643596e-20
       5.2782960       50.526787   1.6339597e-18   3.2609878e-20
       5.2795627       51.202580   1.5744636e-18   3.0666333e-20
       5.2808294       51.830809   1.5128370e-18   2.8814544e-20
       5.2820961       52.412044   1.4498155e-18   2.7055360e-20
       5.2833628       52.947410   1.3860943e-18   2.5388774e-20
       5.2846295       53.438490   1.3223061e-18   2.3813887e-20
       5.2858962       53.887224   1.2590073e-18   2.2328961e-20
       5.2871629       54.295823   1.1966713e-18   2.0931518e-20
       5.2884296       54.666674   1.1356885e-18   1.9618477e-20
       5.2896963       55.002274   1.0763696e-18   1.8386306e-20
       5.2909629       55.305159   1.0189525e-18   1.7231161e-20
       5.2922296       55.577853   9.6361099e-19   1.6149017e-20
       5.2934963       55.822826   9.1046302e-19   1.5135784e-20
       5.2947630       56.042459   8.5957992e-19   1.4187385e-20
       5.2960297       56.239022   8.1099444e-19   1.3299835e-20
       5.2972964       56.414656   7.6470819e-19   1.2469282e-20
       5.2985631       56.571364   7.2069807e-19   1.1692044e-20
       5.2998298       56.711007   6.7892182e-19   1.0964627e-20
       5.3010965       56.835299   6.3932267e-19   1.0283740e-20
       5.3023632       56.945815   6.0183314e-19   9.6462912e-21
       5.3036298       57.043993   5.6637823e-19   9.0493899e-21
       5.3048965       57.131139   5.3287790e-19   8.4903389e-21
       5.3061632       57.208436   5.0124914e-19   7.9666260e-21
       5.3074299       57.276955   4.7140754e-19   7.4759134e-21
       5.3086966       57.337658   4.4326855e-19   7.0160274e-21
       5.3099633       57.391409   4.1674843e-19   6.5849470e-21
       5.3112300       57.438982   3.9176501e-19   6.1807934e-21
       5.3124967       57.481072   3.6823822e-19   5.8018195e-21
       5.3137634       57.518298   3.4609046e-19   5.4463997e-21
       5.3150301       57.551210   3.2524692e-19   5.1130214e-21
       5.3162967       57.580302   3.0563575e-19   4.8002757e-21
       5.3175634       57.606010   2.8718812e-19   4.5068500e-21
       5.3188301       57.628724   2.6983835e-19   4.2315203e-21
       5.3200968       57.648787   2.5352383e-19   3.9731449e-21
       5.3213635       57.666507   2.3818506e-19   3.7306579e-21
       5.3226302       57.682154   2.2376553e-19   3.5030641e-21
       5.3238969       57.695970   2.1021169e-19   3.2894332e-21
       5.3251636       57.708167   1.9747282e-19   3.0888957e-21
       5.3264303       57.718934   1.8550098e-19   2.9006383e-21
       5.3276969       57.728438   1.7425083e-19   2.7238998e-21
       5.3289636       57.736826   1.6367958e-19   2.5579679e-21
       5.3302303       57.744229   1.5374685e-19   2.4021755e-21
       5.3314970       57.750762   1.4441455e-19   2.2558977e-21
       5.3327637       57.756527   1.3564680e-19   2.1185491e-21
       5.3340304       57.761613   1.2740977e-19   1.9895808e-21
       5.3352971       57.766102   1.1967161e-19   1.8684785e-21
       5.3365638       57.770062   1.1240233e-19   1.7547600e-21
       5.3378305       57.773556   1.0557372e-19   1.6479729e-21
       5.3390972       57.776639   9.9159203e-20   1.5476929e-21
       5.3403638       57.779358   9.3133809e-20   1.4535221e-21
       5.3416305       57.781758   8.7474035e-20   1.3650872e-21
       5.3428972       57.783875   8.2157784e-20   1.2820376e-21
       5.3441639       57.785742   7.7164279e-20   1.2040447e-21
       5.3454306       57.787389   7.2473985e-20   1.1307999e-21
       5.3466973       57.788843   6.8068542e-20   1.0620135e-21
       5.3479640       57.790125   6.3930691e-20   9.9741372e-22
       5.3492307       57.791256   6.0044213e-20   9.3674528e-22
       5.3504974       57.792253   5.6393865e-20   8.7976864e-22
       5.3517641       57.793133   5.2965325e-20   8.2625886e-22
       5.3530307       57.793910   4.9745133e-20   7.7600477e-22
       5.3542974       57.794594   4.6720645e-20   7.2880810e-22
       5.3555641       57.795198   4.3879981e-20   6.8448269e-22
       5.3568308       57.795731   4.1211979e-20   6.4285372e-22
       5.3580975       57.796201   3.8706153e-20   6.0375707e-22
       5.3593642       57.796616   3.6352653e-20   5.6703860e-22
       5.3606309       57.796982   3.4142226e-20   5.3255357e-22
       5.3618976       57.797304   3.2066179e-20   5.0016608e-22
       5.3631643       57.797589   3.0116347e-20   4.6974849e-22
       5.3644310       57.797840   2.8285060e-20   4.4118095e-22
       5.3656976       57.798061   2.6565114e-20   4.1435090e-22
       5.3669643       57.798256   2.4949742e-20   3.8915263e-22
       5.3682310       57.798429   2.3432588e-20   3.6548688e-22
       5.3694977       57.798581   2.2007681e-20   3.4326042e-22
       5.3707644       57.798715   2.0669415e-20   3.2238571e-22
       5.3720311       57.798833   1.9412521e-20   3.0278051e-22
       5.3732978       57.798937   1.8232054e-20   2.8436762e-22
       5.3745645       57.799029   1.7123367e-20   2.6707450e-22
       5.3758312       57.799110   1.6082096e-20   2.5083307e-22
       5.3770978       57.799182   1.5104141e-20   2.3557934e-22
       5.3783645       57.799245   1.4185655e-20   2.2125326e-22
       5.3796312       57.799301   1.3323019e-20   2.0779839e-22
       5.3808979       57.799350   1.2512840e-20   1.9516176e-22
       5.3821646       57.799393   1.1751926e-20   1.8329360e-22
       5.3834313       57.799432   1.1037283e-20   1.7214718e-22
       5.3846980       57.799465   1.0366098e-20   1.6167861e-22
       5.3859647       57.799495   9.7357265e-21   1.5184665e-22
       5.3872314       57.799521   9.1436882e-21   1.4261260e-22
       5.3884981       57.799544   8.5876518e-21   1.3394009e-22
       5.3897647       57.799565   8.0654281e-21   1.2579498e-22
       5.3910314       57.799583   7.5749611e-21   1.1814519e-22
