    0.0011225024       5.0038039   4.7287417e-19   5.5420865e-19
     0.012347526       5.0089388   4.7319088e-19   5.5353797e-19
     0.023572550       5.0140938   4.7350871e-19   5.5286618e-19
     0.034797574       5.0192688   4.7382766e-19   5.5219329e-19
     0.046022598       5.0244641   4.7414773e-19   5.5151928e-19
     0.057247622       5.0296797   4.7446895e-19   5.5084415e-19
     0.068472645       5.0349158   4.7479131e-19   5.5016790e-19
     0.079697669       5.0401726   4.7511482e-19   5.4949053e-19
     0.090922693       5.0454501   4.7543948e-19   5.4881201e-19
      0.10214772       5.0507486   4.7576532e-19   5.4813236e-19
      0.11337274       5.0560682   4.7609232e-19   5.4745156e-19
      0.12459776       5.0614090   4.7642051e-19   5.4676962e-19
      0.13582279       5.0667712   4.7674989e-19   5.4608651e-19
      0.14704781       5.0721549   4.7708047e-19   5.4540225e-19
      0.15827284       5.0775603   4.7741225e-19   5.4471682e-19
      0.16949786       5.0829875   4.7774525e-19   5.4403021e-19
      0.18072288       5.0884366   4.7807946e-19   5.4334243e-19
      0.19194791       5.0939080   4.7841491e-19   5.4265347e-19
      0.20317293       5.0994016   4.7875160e-19   5.4196332e-19
      0.21439796       5.1049177   4.7908953e-19   5.4127197e-19
      0.22562298       5.1104563   4.7942871e-19   5.4057942e-19
      0.23684800       5.1160178   4.7976916e-19   5.3988566e-19
      0.24807303       5.1216022   4.8011088e-19   5.3919069e-19
      0.25929805       5.1272097   4.8045389e-19   5.3849451e-19
      0.27052307       5.1328405   4.8079818e-19   5.3779710e-19
      0.28174810       5.1384947   4.8114377e-19   5.3709846e-19
      0.29297312       5.1441726   4.8149067e-19   5.3639858e-19
      0.30419815       5.1498742   4.8183888e-19   5.3569746e-19
      0.31542317       5.1555998   4.8218842e-19   5.3499509e-19
      0.32664819       5.1613495   4.8253929e-19   5.3429146e-19
      0.33787322       5.1671236   4.8289151e-19   5.3358658e-19
      0.34909824       5.1729221   4.8324508e-19   5.3288043e-19
      0.36032327       5.1787453   4.8360002e-19   5.3217300e-19
      0.37154829       5.1845934   4.8395632e-19   5.3146429e-19
      0.38277331       5.1904666   4.8431401e-19   5.3075430e-19
      0.39399834       5.1963649   4.8467309e-19   5.3004301e-19
      0.40522336       5.2022887   4.8503358e-19   5.2933042e-19
      0.41644838       5.2082382   4.8539547e-19   5.2861653e-19
      0.42767341       5.2142134   4.8575879e-19   5.2790132e-19
      0.43889843       5.2202146   4.8612354e-19   5.2718479e-19
      0.45012346       5.2262421   4.8648973e-19   5.2646694e-19
      0.46134848       5.2322959   4.8685738e-19   5.2574775e-19
      0.47257350       5.2383764   4.8722649e-19   5.2502722e-19
      0.48379853       5.2444837   4.8759707e-19   5.2430535e-19
      0.49502355       5.2506180   4.8796914e-19   5.2358211e-19
      0.50624858       5.2567795   4.8834271e-19   5.2285752e-19
      0.51747360       5.2629685   4.8871778e-19   5.2213156e-19
      0.52869862       5.2691851   4.8909437e-19   5.2140422e-19
      0.53992365       5.2754296   4.8947249e-19   5.2067550e-19
      0.55114867       5.2817022   4.8985215e-19   5.1994539e-19
      0.56237369       5.2880031   4.9023336e-19   5.1921387e-19
      0.57359872       5.2943326   4.9061614e-19   5.1848096e-19
      0.58482374       5.3006908   4.9100049e-19   5.1774663e-19
      0.59604877       5.3070780   4.9138644e-19   5.1701087e-19
      0.60727379       5.3134945   4.9177398e-19   5.1627369e-19
      0.61849881       5.3199404   4.9216313e-19   5.1553508e-19
      0.62972384       5.3264160   4.9255390e-19   5.1479501e-19
      0.64094886       5.3329215   4.9294632e-19   5.1405350e-19
      0.65217389       5.3394572   4.9334038e-19   5.1331053e-19
      0.66339891       5.3460234   4.9373610e-19   5.1256608e-19
      0.67462393       5.3526202   4.9413350e-19   5.1182017e-19
      0.68584896       5.3592480   4.9453259e-19   5.1107276e-19
      0.69707398       5.3659069   4.9493337e-19   5.1032387e-19
      0.70829900       5.3725972   4.9533587e-19   5.0957347e-19
      0.71952403       5.3793193   4.9574010e-19   5.0882156e-19
      0.73074905       5.3860733   4.9614607e-19   5.0806814e-19
      0.74197408       5.3928595   4.9655379e-19   5.0731318e-19
      0.75319910       5.3996783   4.9696328e-19   5.0655670e-19
      0.76442412       5.4065298   4.9737455e-19   5.0579867e-19
      0.77564915       5.4134143   4.9778762e-19   5.0503908e-19
      0.78687417       5.4203322   4.9820251e-19   5.0427794e-19
      0.79809920       5.4272837   4.9861921e-19   5.0351522e-19
      0.80932422       5.4342690   4.9903776e-19   5.0275092e-19
      0.82054924       5.4412886   4.9945816e-19   5.0198504e-19
      0.83177427       5.4483426   4.9988044e-19   5.0121755e-19
      0.84299929       5.4554314   5.0030460e-19   5.0044846e-19
      0.85422431       5.4625553   5.0073066e-19   4.9967775e-19
      0.86544934       5.4697145   5.0115863e-19   4.9890542e-19
      0.87667436       5.4769095   5.0158854e-19   4.9813145e-19
      0.88789939       5.4841404   5.0202040e-19   4.9735583e-19
      0.89912441       5.4914077   5.0245422e-19   4.9657856e-19
      0.91034943       5.4987115   5.0289003e-19   4.9579962e-19
      0.92157446       5.5060524   5.0332783e-19   4.9501900e-19
      0.93279948       5.5134305   5.0376764e-19   4.9423670e-19
      0.94402451       5.5208462   5.0420949e-19   4.9345271e-19
      0.95524953       5.5282999   5.0465338e-19   4.9266701e-19
      0.96647455       5.5357919   5.0509934e-19   4.9187959e-19
      0.97769958       5.5433225   5.0554739e-19   4.9109044e-19
      0.98892460       5.5508921   5.0599754e-19   4.9029956e-19
       1.0001496       5.5585011   5.0644980e-19   4.8950693e-19
       1.0113746       5.5661498   5.0690420e-19   4.8871254e-19
       1.0225997       5.5738385   5.0736076e-19   4.8791638e-19
       1.0338247       5.5815676   5.0781950e-19   4.8711844e-19
       1.0450497       5.5893376   5.0828043e-19   4.8631871e-19
       1.0562747       5.5971487   5.0874357e-19   4.8551717e-19
       1.0674998       5.6050014   5.0920894e-19   4.8471382e-19
       1.0787248       5.6128961   5.0967657e-19   4.8390864e-19
       1.0899498       5.6208331   5.1014647e-19   4.8310163e-19
       1.1011748       5.6288129   5.1061866e-19   4.8229276e-19
       1.1123999       5.6368358   5.1109317e-19   4.8148203e-19
       1.1236249       5.6449023   5.1157001e-19   4.8066943e-19
       1.1348499       5.6530127   5.1204920e-19   4.7985495e-19
       1.1460749       5.6611676   5.1253078e-19   4.7903856e-19
       1.1573000       5.6693673   5.1301474e-19   4.7822027e-19
       1.1685250       5.6776122   5.1350113e-19   4.7740005e-19
       1.1797500       5.6859028   5.1398997e-19   4.7657790e-19
       1.1909750       5.6942396   5.1448126e-19   4.7575380e-19
       1.2022001       5.7026229   5.1497504e-19   4.7492774e-19
       1.2134251       5.7110533   5.1547134e-19   4.7409970e-19
       1.2246501       5.7195312   5.1597017e-19   4.7326968e-19
       1.2358751       5.7280571   5.1647155e-19   4.7243765e-19
       1.2471001       5.7366314   5.1697552e-19   4.7160361e-19
       1.2583252       5.7452547   5.1748209e-19   4.7076754e-19
       1.2695502       5.7539274   5.1799129e-19   4.6992944e-19
       1.2807752       5.7626500   5.1850315e-19   4.6908927e-19
       1.2920002       5.7714231   5.1901770e-19   4.6824704e-19
       1.3032253       5.7802471   5.1953494e-19   4.6740272e-19
       1.3144503       5.7891226   5.2005492e-19   4.6655630e-19
       1.3256753       5.7980500   5.2057766e-19   4.6570777e-19
       1.3369003       5.8070300   5.2110319e-19   4.6485712e-19
       1.3481254       5.8160631   5.2163153e-19   4.6400431e-19
       1.3593504       5.8251498   5.2216271e-19   4.6314936e-19
       1.3705754       5.8342906   5.2269677e-19   4.6229222e-19
       1.3818004       5.8434862   5.2323372e-19   4.6143290e-19
       1.3930255       5.8527371   5.2377359e-19   4.6057138e-19
       1.4042505       5.8620439   5.2431642e-19   4.5970763e-19
       1.4154755       5.8714073   5.2486224e-19   4.5884165e-19
       1.4267005       5.8808277   5.2541108e-19   4.5797342e-19
       1.4379256       5.8903058   5.2596296e-19   4.5710292e-19
       1.4491506       5.8998423   5.2651792e-19   4.5623013e-19
       1.4603756       5.9094377   5.2707598e-19   4.5535504e-19
       1.4716006       5.9190928   5.2763719e-19   4.5447763e-19
       1.4828257       5.9288080   5.2820157e-19   4.5359789e-19
       1.4940507       5.9385843   5.2876916e-19   4.5271579e-19
       1.5052757       5.9484221   5.2933999e-19   4.5183132e-19
       1.5165007       5.9583221   5.2991409e-19   4.5094446e-19
       1.5277257       5.9682851   5.3049150e-19   4.5005519e-19
       1.5389508       5.9783118   5.3107225e-19   4.4916350e-19
       1.5501758       5.9884029   5.3165638e-19   4.4826936e-19
       1.5614008       5.9985591   5.3224393e-19   4.4737276e-19
       1.5726258       6.0087811   5.3283493e-19   4.4647368e-19
       1.5838509       6.0190697   5.3342941e-19   4.4557210e-19
       1.5950759       6.0294257   5.3402743e-19   4.4466800e-19
       1.6063009       6.0398498   5.3462900e-19   4.4376135e-19
       1.6175259       6.0503428   5.3523419e-19   4.4285215e-19
       1.6287510       6.0609056   5.3584301e-19   4.4194037e-19
       1.6399760       6.0715389   5.3645552e-19   4.4102598e-19
       1.6512010       6.0822435   5.3707176e-19   4.4010897e-19
       1.6624260       6.0930204   5.3769176e-19   4.3918932e-19
       1.6736511       6.1038703   5.3831557e-19   4.3826701e-19
       1.6848761       6.1147942   5.3894323e-19   4.3734201e-19
       1.6961011       6.1257928   5.3957479e-19   4.3641430e-19
       1.7073261       6.1368672   5.4021029e-19   4.3548386e-19
       1.7185512       6.1480183   5.4084977e-19   4.3455067e-19
       1.7297762       6.1592469   5.4149329e-19   4.3361471e-19
       1.7410012       6.1705540   5.4214088e-19   4.3267595e-19
       1.7522262       6.1819406   5.4279260e-19   4.3173436e-19
       1.7634512       6.1934077   5.4344849e-19   4.3078993e-19
       1.7746763       6.2049562   5.4410860e-19   4.2984263e-19
       1.7859013       6.2165872   5.4477299e-19   4.2889244e-19
       1.7971263       6.2283018   5.4544170e-19   4.2793932e-19
       1.8083513       6.2401009   5.4611478e-19   4.2698327e-19
       1.8195764       6.2519857   5.4679229e-19   4.2602424e-19
       1.8308014       6.2639572   5.4747429e-19   4.2506222e-19
       1.8420264       6.2760166   5.4816082e-19   4.2409718e-19
       1.8532514       6.2881650   5.4885194e-19   4.2312909e-19
       1.8644765       6.3004036   5.4954771e-19   4.2215792e-19
       1.8757015       6.3127334   5.5024818e-19   4.2118366e-19
       1.8869265       6.3251558   5.5095342e-19   4.2020626e-19
       1.8981515       6.3376719   5.5166348e-19   4.1922570e-19
       1.9093766       6.3502831   5.5237843e-19   4.1824196e-19
       1.9206016       6.3629905   5.5309832e-19   4.1725500e-19
       1.9318266       6.3757954   5.5382322e-19   4.1626480e-19
       1.9430516       6.3886993   5.5455319e-19   4.1527132e-19
       1.9542767       6.4017033   5.5528831e-19   4.1427454e-19
       1.9655017       6.4148090   5.5602862e-19   4.1327442e-19
       1.9767267       6.4280176   5.5677421e-19   4.1227094e-19
       1.9879517       6.4413307   5.5752514e-19   4.1126405e-19
       1.9991767       6.4547496   5.5828148e-19   4.1025374e-19
       2.0104018       6.4682758   5.5904331e-19   4.0923995e-19
       2.0216268       6.4819110   5.5981069e-19   4.0822268e-19
       2.0328518       6.4956565   5.6058371e-19   4.0720187e-19
       2.0440768       6.5095140   5.6136243e-19   4.0617749e-19
       2.0553019       6.5234851   5.6214694e-19   4.0514952e-19
       2.0665269       6.5375714   5.6293731e-19   4.0411791e-19
       2.0777519       6.5517747   5.6373363e-19   4.0308262e-19
       2.0889769       6.5660965   5.6453597e-19   4.0204363e-19
       2.1002020       6.5805387   5.6534443e-19   4.0100090e-19
       2.1114270       6.5951030   5.6615908e-19   3.9995437e-19
       2.1226520       6.6097913   5.6698002e-19   3.9890403e-19
       2.1338770       6.6246055   5.6780733e-19   3.9784983e-19
       2.1451021       6.6395473   5.6864110e-19   3.9679172e-19
       2.1563271       6.6546188   5.6948144e-19   3.9572968e-19
       2.1675521       6.6698219   5.7032842e-19   3.9466365e-19
       2.1787771       6.6851587   5.7118216e-19   3.9359360e-19
       2.1900022       6.7006312   5.7204275e-19   3.9251948e-19
       2.2012272       6.7162416   5.7291028e-19   3.9144125e-19
       2.2124522       6.7319921   5.7378487e-19   3.9035887e-19
       2.2236772       6.7478847   5.7466662e-19   3.8927229e-19
       2.2349022       6.7639219   5.7555564e-19   3.8818146e-19
       2.2461273       6.7801059   5.7645203e-19   3.8708634e-19
       2.2573523       6.7964391   5.7735592e-19   3.8598689e-19
       2.2685773       6.8129239   5.7826741e-19   3.8488304e-19
       2.2798023       6.8295628   5.7918662e-19   3.8377477e-19
       2.2910274       6.8463584   5.8011368e-19   3.8266200e-19
       2.3022524       6.8633132   5.8104871e-19   3.8154470e-19
       2.3134774       6.8804299   5.8199183e-19   3.8042281e-19
       2.3247024       6.8977112   5.8294318e-19   3.7929628e-19
       2.3359275       6.9151600   5.8390288e-19   3.7816506e-19
       2.3471525       6.9327791   5.8487107e-19   3.7702909e-19
       2.3583775       6.9505714   5.8584789e-19   3.7588831e-19
       2.3696025       6.9685400   5.8683348e-19   3.7474267e-19
       2.3808276       6.9866878   5.8782799e-19   3.7359211e-19
       2.3920526       7.0050182   5.8883157e-19   3.7243656e-19
       2.4032776       7.0235343   5.8984436e-19   3.7127598e-19
       2.4145026       7.0422394   5.9086653e-19   3.7011030e-19
       2.4257277       7.0611369   5.9189823e-19   3.6893945e-19
       2.4369527       7.0802305   5.9293964e-19   3.6776337e-19
       2.4481777       7.0995235   5.9399090e-19   3.6658200e-19
       2.4594027       7.1190198   5.9505221e-19   3.6539527e-19
       2.4706277       7.1387231   5.9612373e-19   3.6420311e-19
       2.4818528       7.1586372   5.9720566e-19   3.6300545e-19
       2.4930778       7.1787663   5.9829816e-19   3.6180222e-19
       2.5043028       7.1991143   5.9940144e-19   3.6059335e-19
       2.5155278       7.2196855   6.0051570e-19   3.5937876e-19
       2.5267529       7.2404842   6.0164112e-19   3.5815837e-19
       2.5379779       7.2615149   6.0277793e-19   3.5693212e-19
       2.5492029       7.2827821   6.0392633e-19   3.5569992e-19
       2.5604279       7.3042905   6.0508654e-19   3.5446169e-19
       2.5716530       7.3260450   6.0625878e-19   3.5321735e-19
       2.5828780       7.3480506   6.0744330e-19   3.5196681e-19
       2.5941030       7.3703124   6.0864031e-19   3.5070998e-19
       2.6053280       7.3928356   6.0985008e-19   3.4944678e-19
       2.6165531       7.4156257   6.1107284e-19   3.4817712e-19
       2.6277781       7.4386883   6.1230886e-19   3.4690090e-19
       2.6390031       7.4620291   6.1355840e-19   3.4561804e-19
       2.6502281       7.4856542   6.1482174e-19   3.4432842e-19
       2.6614532       7.5095696   6.1609915e-19   3.4303196e-19
       2.6726782       7.5337816   6.1739094e-19   3.4172854e-19
       2.6839032       7.5582967   6.1869739e-19   3.4041808e-19
       2.6951282       7.5831218   6.2001882e-19   3.3910045e-19
       2.7063532       7.6082636   6.2135554e-19   3.3777555e-19
       2.7175783       7.6337294   6.2270788e-19   3.3644327e-19
       2.7187008       7.6362941   6.2284398e-19   3.3630963e-19
       2.7198233       7.6388621   6.2298025e-19   3.3617591e-19
       2.7209458       7.6414335   6.2311667e-19   3.3604213e-19
       2.7220683       7.6440081   6.2325326e-19   3.3590826e-19
       2.7231908       7.6465861   6.2339001e-19   3.3577432e-19
       2.7243133       7.6491675   6.2352692e-19   3.3564031e-19
       2.7254358       7.6517522   6.2366399e-19   3.3550621e-19
       2.7265583       7.6543403   6.2380122e-19   3.3537205e-19
       2.7276808       7.6569318   6.2393862e-19   3.3523780e-19
       2.7288033       7.6595266   6.2407617e-19   3.3510349e-19
       2.7299258       7.6621249   6.2421389e-19   3.3496909e-19
       2.7310483       7.6647265   6.2435178e-19   3.3483462e-19
       2.7321708       7.6673315   6.2448983e-19   3.3470007e-19
       2.7332933       7.6699400   6.2462804e-19   3.3456545e-19
       2.7344158       7.6725519   6.2476641e-19   3.3443075e-19
       2.7355383       7.6751672   6.2490496e-19   3.3429597e-19
       2.7366608       7.6777859   6.2504366e-19   3.3416111e-19
       2.7377833       7.6804081   6.2518253e-19   3.3402618e-19
       2.7389058       7.6830337   6.2532157e-19   3.3389117e-19
       2.7400283       7.6856628   6.2546078e-19   3.3375609e-19
       2.7411508       7.6882954   6.2560015e-19   3.3362092e-19
       2.7422733       7.6909314   6.2573969e-19   3.3348568e-19
       2.7433958       7.6935710   6.2587939e-19   3.3335036e-19
       2.7445183       7.6962140   6.2601927e-19   3.3321497e-19
       2.7456408       7.6988605   6.2615931e-19   3.3307949e-19
       2.7467633       7.7015105   6.2629952e-19   3.3294394e-19
       2.7478858       7.7041641   6.2643990e-19   3.3280831e-19
       2.7490083       7.7068212   6.2658044e-19   3.3267260e-19
       2.7501308       7.7094818   6.2672116e-19   3.3253682e-19
       2.7512533       7.7121459   6.2686205e-19   3.3240095e-19
       2.7523758       7.7148136   6.2700311e-19   3.3226501e-19
       2.7534983       7.7174849   6.2714434e-19   3.3212898e-19
       2.7546209       7.7201597   6.2728574e-19   3.3199288e-19
       2.7557434       7.7228381   6.2742731e-19   3.3185670e-19
       2.7568659       7.7255201   6.2756905e-19   3.3172044e-19
       2.7579884       7.7282057   6.2771097e-19   3.3158410e-19
       2.7591109       7.7308949   6.2785305e-19   3.3144768e-19
       2.7602334       7.7335877   6.2799532e-19   3.3131118e-19
       2.7613559       7.7362841   6.2813775e-19   3.3117461e-19
       2.7624784       7.7389841   6.2828036e-19   3.3103795e-19
       2.7636009       7.7416878   6.2842314e-19   3.3090121e-19
       2.7647234       7.7443951   6.2856610e-19   3.3076439e-19
       2.7658459       7.7471060   6.2870923e-19   3.3062750e-19
       2.7669684       7.7498207   6.2885254e-19   3.3049052e-19
       2.7680909       7.7525390   6.2899602e-19   3.3035346e-19
       2.7692134       7.7552609   6.2913968e-19   3.3021632e-19
       2.7703359       7.7579866   6.2928352e-19   3.3007910e-19
       2.7714584       7.7607160   6.2942753e-19   3.2994180e-19
       2.7725809       7.7634490   6.2957172e-19   3.2980442e-19
       2.7737034       7.7661858   6.2971609e-19   3.2966696e-19
       2.7748259       7.7689263   6.2986064e-19   3.2952941e-19
       2.7759484       7.7716705   6.3000536e-19   3.2939179e-19
       2.7770709       7.7744185   6.3015027e-19   3.2925408e-19
       2.7781934       7.7771702   6.3029535e-19   3.2911629e-19
       2.7793159       7.7799257   6.3044061e-19   3.2897842e-19
       2.7804384       7.7826849   6.3058606e-19   3.2884047e-19
       2.7815609       7.7854479   6.3073168e-19   3.2870244e-19
       2.7826834       7.7882147   6.3087748e-19   3.2856432e-19
       2.7838059       7.7909853   6.3102347e-19   3.2842612e-19
       2.7849284       7.7937597   6.3116964e-19   3.2828784e-19
       2.7860509       7.7965379   6.3131599e-19   3.2814948e-19
       2.7871734       7.7993199   6.3146252e-19   3.2801103e-19
       2.7882959       7.8021058   6.3160924e-19   3.2787250e-19
       2.7894184       7.8048955   6.3175614e-19   3.2773389e-19
       2.7905409       7.8076890   6.3190322e-19   3.2759519e-19
       2.7916634       7.8104865   6.3205049e-19   3.2745642e-19
       2.7927859       7.8132877   6.3219795e-19   3.2731755e-19
       2.7939084       7.8160929   6.3234558e-19   3.2717861e-19
       2.7950309       7.8189019   6.3249341e-19   3.2703958e-19
       2.7961534       7.8217149   6.3264142e-19   3.2690047e-19
       2.7972759       7.8245317   6.3278961e-19   3.2676127e-19
       2.7983984       7.8273525   6.3293800e-19   3.2662199e-19
       2.7995209       7.8301772   6.3308657e-19   3.2648262e-19
       2.8006434       7.8330058   6.3323533e-19   3.2634317e-19
       2.8017660       7.8358383   6.3338427e-19   3.2620364e-19
       2.8028885       7.8386749   6.3353341e-19   3.2606402e-19
       2.8040110       7.8415153   6.3368273e-19   3.2592432e-19
       2.8051335       7.8443598   6.3383225e-19   3.2578453e-19
       2.8062560       7.8472082   6.3398195e-19   3.2564465e-19
       2.8073785       7.8500607   6.3413185e-19   3.2550469e-19
       2.8085010       7.8529171   6.3428193e-19   3.2536465e-19
       2.8096235       7.8557775   6.3443221e-19   3.2522452e-19
       2.8107460       7.8586420   6.3458268e-19   3.2508431e-19
       2.8118685       7.8615105   6.3473334e-19   3.2494400e-19
       2.8129910       7.8643831   6.3488419e-19   3.2480362e-19
       2.8141135       7.8672596   6.3503524e-19   3.2466314e-19
       2.8152360       7.8701403   6.3518648e-19   3.2452258e-19
       2.8163585       7.8730250   6.3533791e-19   3.2438194e-19
       2.8174810       7.8759138   6.3548954e-19   3.2424120e-19
       2.8186035       7.8788068   6.3564137e-19   3.2410038e-19
       2.8197260       7.8817038   6.3579339e-19   3.2395948e-19
       2.8208485       7.8846049   6.3594560e-19   3.2381848e-19
       2.8219710       7.8875101   6.3609801e-19   3.2367740e-19
       2.8230935       7.8904195   6.3625062e-19   3.2353624e-19
       2.8242160       7.8933330   6.3640343e-19   3.2339498e-19
       2.8253385       7.8962507   6.3655643e-19   3.2325364e-19
       2.8264610       7.8991725   6.3670963e-19   3.2311221e-19
       2.8275835       7.9020986   6.3686303e-19   3.2297069e-19
       2.8287060       7.9050288   6.3701663e-19   3.2282908e-19
       2.8298285       7.9079632   6.3717043e-19   3.2268739e-19
       2.8309510       7.9109018   6.3732443e-19   3.2254560e-19
       2.8320735       7.9138446   6.3747863e-19   3.2240373e-19
       2.8331960       7.9167916   6.3763303e-19   3.2226177e-19
       2.8343185       7.9197429   6.3778763e-19   3.2211972e-19
       2.8354410       7.9226985   6.3794243e-19   3.2197759e-19
       2.8365635       7.9256583   6.3809744e-19   3.2183536e-19
       2.8376860       7.9286223   6.3825265e-19   3.2169304e-19
       2.8388085       7.9315907   6.3840806e-19   3.2155064e-19
       2.8399310       7.9345633   6.3856368e-19   3.2140814e-19
       2.8410535       7.9375403   6.3871950e-19   3.2126555e-19
       2.8421760       7.9405216   6.3887553e-19   3.2112288e-19
       2.8432985       7.9435071   6.3903176e-19   3.2098011e-19
       2.8444210       7.9464971   6.3918820e-19   3.2083726e-19
       2.8455435       7.9494913   6.3934484e-19   3.2069431e-19
       2.8466660       7.9524900   6.3950169e-19   3.2055128e-19
       2.8477885       7.9554930   6.3965875e-19   3.2040815e-19
       2.8489111       7.9585004   6.3981602e-19   3.2026493e-19
       2.8500336       7.9615121   6.3997349e-19   3.2012162e-19
       2.8511561       7.9645283   6.4013118e-19   3.1997822e-19
       2.8522786       7.9675489   6.4028907e-19   3.1983473e-19
       2.8534011       7.9705739   6.4044718e-19   3.1969114e-19
       2.8545236       7.9736034   6.4060549e-19   3.1954747e-19
       2.8556461       7.9766373   6.4076402e-19   3.1940370e-19
       2.8567686       7.9796757   6.4092275e-19   3.1925984e-19
       2.8578911       7.9827185   6.4108170e-19   3.1911589e-19
       2.8590136       7.9857658   6.4124086e-19   3.1897185e-19
       2.8601361       7.9888177   6.4140024e-19   3.1882771e-19
       2.8612586       7.9918740   6.4155983e-19   3.1868349e-19
       2.8623811       7.9949348   6.4171963e-19   3.1853916e-19
       2.8635036       7.9980002   6.4187964e-19   3.1839475e-19
       2.8646261       8.0010701   6.4203988e-19   3.1825024e-19
       2.8657486       8.0041446   6.4220032e-19   3.1810564e-19
       2.8668711       8.0072236   6.4236099e-19   3.1796095e-19
       2.8679936       8.0103073   6.4252187e-19   3.1781616e-19
       2.8691161       8.0133955   6.4268297e-19   3.1767128e-19
       2.8702386       8.0164883   6.4284428e-19   3.1752630e-19
       2.8713611       8.0195857   6.4300582e-19   3.1738123e-19
       2.8724836       8.0226877   6.4316757e-19   3.1723607e-19
       2.8736061       8.0257944   6.4332954e-19   3.1709081e-19
       2.8747286       8.0289058   6.4349174e-19   3.1694546e-19
       2.8758511       8.0320218   6.4365415e-19   3.1680001e-19
       2.8769736       8.0351424   6.4381679e-19   3.1665447e-19
       2.8780961       8.0382678   6.4397964e-19   3.1650883e-19
       2.8792186       8.0413978   6.4414272e-19   3.1636309e-19
       2.8803411       8.0445326   6.4430602e-19   3.1621726e-19
       2.8814636       8.0476721   6.4446955e-19   3.1607134e-19
       2.8825861       8.0508163   6.4463330e-19   3.1592532e-19
       2.8837086       8.0539653   6.4479727e-19   3.1577920e-19
       2.8848311       8.0571191   6.4496147e-19   3.1563299e-19
       2.8859536       8.0602776   6.4512589e-19   3.1548668e-19
       2.8870761       8.0634409   6.4529054e-19   3.1534027e-19
       2.8881986       8.0666090   6.4545542e-19   3.1519377e-19
       2.8893211       8.0697819   6.4562052e-19   3.1504717e-19
       2.8904436       8.0729597   6.4578586e-19   3.1490047e-19
       2.8915661       8.0761422   6.4595142e-19   3.1475368e-19
       2.8926886       8.0793297   6.4611721e-19   3.1460678e-19
       2.8938111       8.0825220   6.4628323e-19   3.1445979e-19
       2.8949336       8.0857192   6.4644948e-19   3.1431271e-19
       2.8960562       8.0889212   6.4661596e-19   3.1416552e-19
       2.8971787       8.0921282   6.4678267e-19   3.1401824e-19
       2.8983012       8.0953401   6.4694961e-19   3.1387086e-19
       2.8994237       8.0985569   6.4711679e-19   3.1372338e-19
       2.9005462       8.1017787   6.4728420e-19   3.1357580e-19
       2.9016687       8.1050054   6.4745184e-19   3.1342812e-19
       2.9027912       8.1082371   6.4761972e-19   3.1328034e-19
       2.9039137       8.1114738   6.4778783e-19   3.1313246e-19
       2.9050362       8.1147154   6.4795618e-19   3.1298449e-19
       2.9061587       8.1179621   6.4812477e-19   3.1283641e-19
       2.9072812       8.1212138   6.4829359e-19   3.1268824e-19
       2.9084037       8.1244706   6.4846265e-19   3.1253996e-19
       2.9095262       8.1277324   6.4863195e-19   3.1239158e-19
       2.9106487       8.1309992   6.4880148e-19   3.1224311e-19
       2.9117712       8.1342712   6.4897126e-19   3.1209453e-19
       2.9128937       8.1375482   6.4914127e-19   3.1194585e-19
       2.9140162       8.1408304   6.4931153e-19   3.1179707e-19
       2.9151387       8.1441176   6.4948202e-19   3.1164819e-19
       2.9162612       8.1474100   6.4965276e-19   3.1149921e-19
       2.9173837       8.1507076   6.4982374e-19   3.1135013e-19
       2.9185062       8.1540103   6.4999497e-19   3.1120094e-19
       2.9196287       8.1573182   6.5016643e-19   3.1105166e-19
       2.9207512       8.1606313   6.5033815e-19   3.1090227e-19
       2.9218737       8.1639496   6.5051010e-19   3.1075278e-19
       2.9229962       8.1672731   6.5068231e-19   3.1060318e-19
       2.9241187       8.1706019   6.5085475e-19   3.1045349e-19
       2.9252412       8.1739359   6.5102745e-19   3.1030369e-19
       2.9263637       8.1772751   6.5120039e-19   3.1015378e-19
       2.9274862       8.1806197   6.5137358e-19   3.1000378e-19
       2.9286087       8.1839695   6.5154702e-19   3.0985367e-19
       2.9297312       8.1873246   6.5172071e-19   3.0970346e-19
       2.9308537       8.1906851   6.5189465e-19   3.0955314e-19
       2.9319762       8.1940509   6.5206884e-19   3.0940272e-19
       2.9330987       8.1974221   6.5224329e-19   3.0925219e-19
       2.9342212       8.2007986   6.5241798e-19   3.0910156e-19
       2.9353437       8.2041805   6.5259293e-19   3.0895083e-19
       2.9364662       8.2075678   6.5276813e-19   3.0879999e-19
       2.9375887       8.2109606   6.5294358e-19   3.0864904e-19
       2.9387112       8.2143587   6.5311929e-19   3.0849799e-19
       2.9398337       8.2177623   6.5329526e-19   3.0834684e-19
       2.9409562       8.2211714   6.5347148e-19   3.0819558e-19
       2.9420788       8.2245859   6.5364796e-19   3.0804421e-19
       2.9432013       8.2280059   6.5382469e-19   3.0789274e-19
       2.9443238       8.2314314   6.5400168e-19   3.0774116e-19
       2.9454463       8.2348625   6.5417894e-19   3.0758947e-19
       2.9465688       8.2382991   6.5435645e-19   3.0743768e-19
       2.9476913       8.2417412   6.5453422e-19   3.0728578e-19
       2.9488138       8.2451889   6.5471226e-19   3.0713377e-19
       2.9499363       8.2486422   6.5489055e-19   3.0698165e-19
       2.9510588       8.2521011   6.5506911e-19   3.0682943e-19
       2.9521813       8.2555656   6.5524793e-19   3.0667710e-19
       2.9533038       8.2590357   6.5542702e-19   3.0652466e-19
       2.9544263       8.2625115   6.5560637e-19   3.0637212e-19
       2.9555488       8.2659929   6.5578598e-19   3.0621946e-19
       2.9566713       8.2694801   6.5596586e-19   3.0606670e-19
       2.9577938       8.2729729   6.5614601e-19   3.0591383e-19
       2.9589163       8.2764714   6.5632643e-19   3.0576084e-19
       2.9600388       8.2799757   6.5650711e-19   3.0560775e-19
       2.9611613       8.2834857   6.5668806e-19   3.0545455e-19
       2.9622838       8.2870015   6.5686928e-19   3.0530124e-19
       2.9634063       8.2905230   6.5705078e-19   3.0514782e-19
       2.9645288       8.2940504   6.5723254e-19   3.0499429e-19
       2.9656513       8.2975836   6.5741458e-19   3.0484065e-19
       2.9667738       8.3011226   6.5759688e-19   3.0468690e-19
       2.9678963       8.3046674   6.5777947e-19   3.0453304e-19
       2.9690188       8.3082181   6.5796232e-19   3.0437906e-19
       2.9701413       8.3117747   6.5814545e-19   3.0422498e-19
       2.9712638       8.3153372   6.5832886e-19   3.0407078e-19
       2.9723863       8.3189056   6.5851254e-19   3.0391647e-19
       2.9735088       8.3224799   6.5869650e-19   3.0376206e-19
       2.9746313       8.3260602   6.5888074e-19   3.0360752e-19
       2.9757538       8.3296464   6.5906526e-19   3.0345288e-19
       2.9768763       8.3332386   6.5925005e-19   3.0329812e-19
       2.9779988       8.3368369   6.5943513e-19   3.0314325e-19
       2.9791213       8.3404411   6.5962049e-19   3.0298827e-19
       2.9802438       8.3440514   6.5980613e-19   3.0283317e-19
       2.9813663       8.3476678   6.5999205e-19   3.0267796e-19
       2.9824888       8.3512902   6.6017825e-19   3.0252264e-19
       2.9836113       8.3549187   6.6036474e-19   3.0236720e-19
       2.9847338       8.3585533   6.6055152e-19   3.0221165e-19
       2.9858563       8.3621940   6.6073858e-19   3.0205598e-19
       2.9869788       8.3658409   6.6092593e-19   3.0190020e-19
       2.9881013       8.3694940   6.6111356e-19   3.0174430e-19
       2.9892239       8.3731532   6.6130149e-19   3.0158829e-19
       2.9903464       8.3768187   6.6148970e-19   3.0143216e-19
       2.9914689       8.3804903   6.6167820e-19   3.0127592e-19
       2.9925914       8.3841682   6.6186699e-19   3.0111956e-19
       2.9937139       8.3878523   6.6205608e-19   3.0096309e-19
       2.9948364       8.3915428   6.6224545e-19   3.0080650e-19
       2.9959589       8.3952395   6.6243512e-19   3.0064979e-19
       2.9970814       8.3989425   6.6262509e-19   3.0049296e-19
       2.9982039       8.4026519   6.6281535e-19   3.0033602e-19
       2.9993264       8.4063676   6.6300590e-19   3.0017896e-19
       3.0004489       8.4100896   6.6319675e-19   3.0002179e-19
       3.0015714       8.4138181   6.6338790e-19   2.9986449e-19
       3.0026939       8.4175530   6.6357935e-19   2.9970708e-19
       3.0038164       8.4212943   6.6377109e-19   2.9954955e-19
       3.0049389       8.4250420   6.6396314e-19   2.9939190e-19
       3.0060614       8.4287962   6.6415548e-19   2.9923413e-19
       3.0071839       8.4325569   6.6434813e-19   2.9907624e-19
       3.0083064       8.4363241   6.6454108e-19   2.9891824e-19
       3.0094289       8.4400979   6.6473434e-19   2.9876011e-19
       3.0105514       8.4438781   6.6492790e-19   2.9860186e-19
       3.0116739       8.4476650   6.6512176e-19   2.9844350e-19
       3.0127964       8.4514584   6.6531593e-19   2.9828501e-19
       3.0139189       8.4552584   6.6551041e-19   2.9812640e-19
       3.0150414       8.4590651   6.6570519e-19   2.9796768e-19
       3.0161639       8.4628784   6.6590028e-19   2.9780883e-19
       3.0172864       8.4666984   6.6609569e-19   2.9764986e-19
       3.0184089       8.4705250   6.6629140e-19   2.9749076e-19
       3.0195314       8.4743584   6.6648743e-19   2.9733155e-19
       3.0206539       8.4781985   6.6668376e-19   2.9717221e-19
       3.0217764       8.4820453   6.6688041e-19   2.9701276e-19
       3.0228989       8.4858989   6.6707738e-19   2.9685317e-19
       3.0240214       8.4897593   6.6727466e-19   2.9669347e-19
       3.0251439       8.4936265   6.6747225e-19   2.9653364e-19
       3.0262664       8.4975006   6.6767017e-19   2.9637369e-19
       3.0273889       8.5013815   6.6786840e-19   2.9621362e-19
       3.0285114       8.5052692   6.6806695e-19   2.9605342e-19
       3.0296339       8.5091639   6.6826582e-19   2.9589310e-19
       3.0307564       8.5130655   6.6846501e-19   2.9573265e-19
       3.0318789       8.5169740   6.6866452e-19   2.9557208e-19
       3.0330014       8.5208895   6.6886436e-19   2.9541138e-19
       3.0341239       8.5248120   6.6906451e-19   2.9525056e-19
       3.0352464       8.5287415   6.6926500e-19   2.9508961e-19
       3.0363690       8.5326780   6.6946580e-19   2.9492854e-19
       3.0374915       8.5366215   6.6966694e-19   2.9476734e-19
       3.0386140       8.5405722   6.6986840e-19   2.9460601e-19
       3.0397365       8.5445299   6.7007019e-19   2.9444456e-19
       3.0408590       8.5484947   6.7027231e-19   2.9428298e-19
       3.0419815       8.5524667   6.7047476e-19   2.9412127e-19
       3.0431040       8.5564459   6.7067755e-19   2.9395944e-19
       3.0442265       8.5604322   6.7088066e-19   2.9379747e-19
       3.0453490       8.5644257   6.7108411e-19   2.9363538e-19
       3.0464715       8.5684265   6.7128789e-19   2.9347316e-19
       3.0475940       8.5724345   6.7149201e-19   2.9331082e-19
       3.0487165       8.5764498   6.7169646e-19   2.9314834e-19
       3.0498390       8.5804724   6.7190125e-19   2.9298573e-19
       3.0509615       8.5845023   6.7210639e-19   2.9282300e-19
       3.0520840       8.5885395   6.7231186e-19   2.9266013e-19
       3.0532065       8.5925842   6.7251767e-19   2.9249714e-19
       3.0543290       8.5966362   6.7272382e-19   2.9233401e-19
       3.0554515       8.6006956   6.7293031e-19   2.9217076e-19
       3.0565740       8.6047625   6.7313715e-19   2.9200737e-19
       3.0576965       8.6088369   6.7334433e-19   2.9184385e-19
       3.0588190       8.6129187   6.7355186e-19   2.9168020e-19
       3.0599415       8.6170081   6.7375974e-19   2.9151642e-19
       3.0610640       8.6211049   6.7396796e-19   2.9135251e-19
       3.0621865       8.6252094   6.7417654e-19   2.9118846e-19
       3.0633090       8.6293214   6.7438546e-19   2.9102428e-19
       3.0644315       8.6334411   6.7459473e-19   2.9085997e-19
       3.0655540       8.6375684   6.7480436e-19   2.9069553e-19
       3.0666765       8.6417033   6.7501434e-19   2.9053095e-19
       3.0677990       8.6458460   6.7522467e-19   2.9036624e-19
       3.0689215       8.6499963   6.7543536e-19   2.9020139e-19
       3.0700440       8.6541544   6.7564641e-19   2.9003641e-19
       3.0711665       8.6583202   6.7585781e-19   2.8987129e-19
       3.0722890       8.6624939   6.7606957e-19   2.8970604e-19
       3.0734115       8.6666753   6.7628170e-19   2.8954065e-19
       3.0745340       8.6708646   6.7649418e-19   2.8937513e-19
       3.0756565       8.6750617   6.7670703e-19   2.8920947e-19
       3.0767790       8.6792668   6.7692024e-19   2.8904368e-19
       3.0779015       8.6834797   6.7713381e-19   2.8887775e-19
       3.0790240       8.6877006   6.7734775e-19   2.8871168e-19
       3.0801465       8.6919295   6.7756206e-19   2.8854547e-19
       3.0812690       8.6961664   6.7777673e-19   2.8837913e-19
       3.0823915       8.7004113   6.7799177e-19   2.8821265e-19
       3.0835141       8.7046642   6.7820719e-19   2.8804603e-19
       3.0846366       8.7089252   6.7842297e-19   2.8787927e-19
       3.0857591       8.7131943   6.7863913e-19   2.8771238e-19
       3.0868816       8.7174716   6.7885566e-19   2.8754534e-19
       3.0880041       8.7217570   6.7907257e-19   2.8737817e-19
       3.0891266       8.7260506   6.7928985e-19   2.8721085e-19
       3.0902491       8.7303524   6.7950751e-19   2.8704340e-19
       3.0913716       8.7346624   6.7972555e-19   2.8687580e-19
       3.0924941       8.7389807   6.7994397e-19   2.8670806e-19
       3.0936166       8.7433074   6.8016277e-19   2.8654019e-19
       3.0947391       8.7476423   6.8038195e-19   2.8637217e-19
       3.0958616       8.7519856   6.8060152e-19   2.8620401e-19
       3.0969841       8.7563372   6.8082147e-19   2.8603570e-19
       3.0981066       8.7606973   6.8104180e-19   2.8586726e-19
       3.0992291       8.7650658   6.8126253e-19   2.8569867e-19
       3.1003516       8.7694428   6.8148364e-19   2.8552994e-19
       3.1014741       8.7738283   6.8170514e-19   2.8536106e-19
       3.1025966       8.7782223   6.8192703e-19   2.8519204e-19
       3.1037191       8.7826248   6.8214932e-19   2.8502288e-19
       3.1048416       8.7870360   6.8237200e-19   2.8485357e-19
       3.1059641       8.7914557   6.8259507e-19   2.8468412e-19
       3.1070866       8.7958841   6.8281854e-19   2.8451452e-19
       3.1082091       8.8003211   6.8304241e-19   2.8434478e-19
       3.1093316       8.8047669   6.8326667e-19   2.8417489e-19
       3.1104541       8.8092214   6.8349134e-19   2.8400486e-19
       3.1115766       8.8136846   6.8371640e-19   2.8383468e-19
       3.1126991       8.8181567   6.8394187e-19   2.8366435e-19
       3.1138216       8.8226376   6.8416774e-19   2.8349387e-19
       3.1149441       8.8271273   6.8439402e-19   2.8332325e-19
       3.1160666       8.8316259   6.8462071e-19   2.8315248e-19
       3.1171891       8.8361334   6.8484780e-19   2.8298156e-19
       3.1183116       8.8406499   6.8507530e-19   2.8281049e-19
       3.1194341       8.8451753   6.8530322e-19   2.8263927e-19
       3.1205566       8.8497098   6.8553154e-19   2.8246790e-19
       3.1216791       8.8542532   6.8576028e-19   2.8229639e-19
       3.1228016       8.8588058   6.8598943e-19   2.8212472e-19
       3.1239241       8.8633675   6.8621900e-19   2.8195290e-19
       3.1250466       8.8679383   6.8644899e-19   2.8178093e-19
       3.1261691       8.8725183   6.8667939e-19   2.8160882e-19
       3.1272916       8.8771074   6.8691022e-19   2.8143654e-19
       3.1284141       8.8817058   6.8714147e-19   2.8126412e-19
       3.1295366       8.8863135   6.8737314e-19   2.8109155e-19
       3.1306592       8.8909305   6.8760524e-19   2.8091882e-19
       3.1317817       8.8955568   6.8783776e-19   2.8074594e-19
       3.1329042       8.9001924   6.8807071e-19   2.8057290e-19
       3.1340267       8.9048375   6.8830408e-19   2.8039971e-19
       3.1351492       8.9094920   6.8853789e-19   2.8022637e-19
       3.1362717       8.9141559   6.8877213e-19   2.8005287e-19
       3.1373942       8.9188294   6.8900681e-19   2.7987922e-19
       3.1385167       8.9235124   6.8924192e-19   2.7970541e-19
       3.1396392       8.9282050   6.8947746e-19   2.7953145e-19
       3.1407617       8.9329071   6.8971344e-19   2.7935733e-19
       3.1418842       8.9376189   6.8994986e-19   2.7918305e-19
       3.1430067       8.9423404   6.9018673e-19   2.7900862e-19
       3.1441292       8.9470716   6.9042403e-19   2.7883403e-19
       3.1452517       8.9518125   6.9066178e-19   2.7865928e-19
       3.1463742       8.9565632   6.9089997e-19   2.7848438e-19
       3.1474967       8.9613237   6.9113861e-19   2.7830931e-19
       3.1486192       8.9660940   6.9137770e-19   2.7813409e-19
       3.1497417       8.9708743   6.9161724e-19   2.7795871e-19
       3.1508642       8.9756644   6.9185723e-19   2.7778316e-19
       3.1519867       8.9804645   6.9209767e-19   2.7760746e-19
       3.1531092       8.9852747   6.9233857e-19   2.7743160e-19
       3.1542317       8.9900948   6.9257993e-19   2.7725557e-19
       3.1553542       8.9949250   6.9282174e-19   2.7707939e-19
       3.1564767       8.9997653   6.9306401e-19   2.7690304e-19
       3.1575992       9.0046157   6.9330674e-19   2.7672653e-19
       3.1587217       9.0094764   6.9354994e-19   2.7654986e-19
       3.1598442       9.0143472   6.9379360e-19   2.7637302e-19
       3.1609667       9.0192283   6.9403772e-19   2.7619603e-19
       3.1620892       9.0241197   6.9428231e-19   2.7601886e-19
       3.1632117       9.0290214   6.9452737e-19   2.7584154e-19
       3.1643342       9.0339335   6.9477291e-19   2.7566405e-19
       3.1654567       9.0388560   6.9501891e-19   2.7548639e-19
       3.1665792       9.0437889   6.9526539e-19   2.7530857e-19
       3.1677017       9.0487323   6.9551235e-19   2.7513058e-19
       3.1688242       9.0536863   6.9575978e-19   2.7495243e-19
       3.1699467       9.0586508   6.9600769e-19   2.7477411e-19
       3.1710692       9.0636259   6.9625608e-19   2.7459562e-19
       3.1721917       9.0686116   6.9650496e-19   2.7441696e-19
       3.1733142       9.0736081   6.9675432e-19   2.7423814e-19
       3.1744367       9.0786152   6.9700416e-19   2.7405915e-19
       3.1755592       9.0836331   6.9725449e-19   2.7387999e-19
       3.1766817       9.0886619   6.9750532e-19   2.7370066e-19
       3.1778043       9.0937014   6.9775663e-19   2.7352116e-19
       3.1789268       9.0987519   6.9800844e-19   2.7334148e-19
       3.1800493       9.1038133   6.9826074e-19   2.7316164e-19
       3.1811718       9.1088856   6.9851354e-19   2.7298163e-19
       3.1822943       9.1139690   6.9876684e-19   2.7280145e-19
       3.1834168       9.1190634   6.9902064e-19   2.7262109e-19
       3.1845393       9.1241689   6.9927493e-19   2.7244056e-19
       3.1856618       9.1292856   6.9952974e-19   2.7225986e-19
       3.1867843       9.1344134   6.9978505e-19   2.7207898e-19
       3.1879068       9.1395524   7.0004087e-19   2.7189793e-19
       3.1890293       9.1447028   7.0029719e-19   2.7171671e-19
       3.1901518       9.1498644   7.0055403e-19   2.7153531e-19
       3.1912743       9.1550374   7.0081138e-19   2.7135374e-19
       3.1923968       9.1602218   7.0106925e-19   2.7117198e-19
       3.1935193       9.1654176   7.0132763e-19   2.7099006e-19
       3.1946418       9.1706249   7.0158653e-19   2.7080796e-19
       3.1957643       9.1758438   7.0184596e-19   2.7062567e-19
       3.1968868       9.1810742   7.0210590e-19   2.7044322e-19
       3.1980093       9.1863163   7.0236637e-19   2.7026058e-19
       3.1991318       9.1915700   7.0262737e-19   2.7007777e-19
       3.2002543       9.1968354   7.0288890e-19   2.6989477e-19
       3.2013768       9.2021126   7.0315095e-19   2.6971160e-19
       3.2024993       9.2074016   7.0341354e-19   2.6952824e-19
       3.2036218       9.2127025   7.0367667e-19   2.6934471e-19
       3.2047443       9.2180152   7.0394033e-19   2.6916099e-19
       3.2058668       9.2233399   7.0420452e-19   2.6897710e-19
       3.2069893       9.2286766   7.0446926e-19   2.6879302e-19
       3.2081118       9.2340253   7.0473455e-19   2.6860875e-19
       3.2092343       9.2393862   7.0500037e-19   2.6842431e-19
       3.2103568       9.2447591   7.0526675e-19   2.6823968e-19
       3.2114793       9.2501443   7.0553367e-19   2.6805487e-19
       3.2126018       9.2555417   7.0580114e-19   2.6786987e-19
       3.2137243       9.2609513   7.0606917e-19   2.6768469e-19
       3.2148468       9.2663733   7.0633775e-19   2.6749932e-19
       3.2159693       9.2718077   7.0660689e-19   2.6731376e-19
       3.2170918       9.2772545   7.0687658e-19   2.6712802e-19
       3.2182143       9.2827138   7.0714684e-19   2.6694209e-19
       3.2193368       9.2881856   7.0741767e-19   2.6675598e-19
       3.2204593       9.2936700   7.0768905e-19   2.6656967e-19
       3.2215818       9.2991671   7.0796101e-19   2.6638318e-19
       3.2227043       9.3046768   7.0823354e-19   2.6619650e-19
       3.2238268       9.3101993   7.0850664e-19   2.6600962e-19
       3.2249494       9.3157345   7.0878031e-19   2.6582256e-19
       3.2260719       9.3212826   7.0905456e-19   2.6563531e-19
       3.2271944       9.3268436   7.0932939e-19   2.6544786e-19
       3.2283169       9.3324176   7.0960480e-19   2.6526022e-19
       3.2294394       9.3380045   7.0988079e-19   2.6507239e-19
       3.2305619       9.3436045   7.1015737e-19   2.6488437e-19
       3.2316844       9.3492176   7.1043454e-19   2.6469615e-19
       3.2328069       9.3548439   7.1071230e-19   2.6450774e-19
       3.2339294       9.3604833   7.1099065e-19   2.6431913e-19
       3.2350519       9.3661361   7.1126960e-19   2.6413033e-19
       3.2361744       9.3718021   7.1154914e-19   2.6394134e-19
       3.2372969       9.3774816   7.1182929e-19   2.6375214e-19
       3.2384194       9.3831745   7.1211003e-19   2.6356275e-19
       3.2395419       9.3888809   7.1239138e-19   2.6337316e-19
       3.2406644       9.3946008   7.1267334e-19   2.6318338e-19
       3.2417869       9.4003343   7.1295590e-19   2.6299339e-19
       3.2429094       9.4060815   7.1323908e-19   2.6280321e-19
       3.2440319       9.4118424   7.1352287e-19   2.6261282e-19
       3.2451544       9.4176171   7.1380728e-19   2.6242224e-19
       3.2462769       9.4234056   7.1409231e-19   2.6223145e-19
       3.2473994       9.4292081   7.1437796e-19   2.6204047e-19
       3.2485219       9.4350244   7.1466423e-19   2.6184928e-19
       3.2496444       9.4408548   7.1495113e-19   2.6165788e-19
       3.2507669       9.4466993   7.1523866e-19   2.6146629e-19
       3.2518894       9.4525579   7.1552682e-19   2.6127449e-19
       3.2530119       9.4584306   7.1581562e-19   2.6108248e-19
       3.2541344       9.4643177   7.1610505e-19   2.6089027e-19
       3.2552569       9.4702190   7.1639512e-19   2.6069786e-19
       3.2563794       9.4761347   7.1668583e-19   2.6050523e-19
       3.2575019       9.4820649   7.1697719e-19   2.6031240e-19
       3.2586244       9.4880095   7.1726920e-19   2.6011937e-19
       3.2597469       9.4939687   7.1756185e-19   2.5992612e-19
       3.2608694       9.4999426   7.1785516e-19   2.5973267e-19
       3.2619919       9.5059311   7.1814912e-19   2.5953900e-19
       3.2631144       9.5119344   7.1844374e-19   2.5934513e-19
       3.2642369       9.5179525   7.1873902e-19   2.5915105e-19
       3.2653594       9.5239854   7.1903496e-19   2.5895675e-19
       3.2664819       9.5300333   7.1933157e-19   2.5876224e-19
       3.2676044       9.5360963   7.1962885e-19   2.5856752e-19
       3.2687269       9.5421743   7.1992680e-19   2.5837258e-19
       3.2698494       9.5482674   7.2022543e-19   2.5817744e-19
       3.2709719       9.5543757   7.2052473e-19   2.5798207e-19
       3.2720945       9.5604993   7.2082471e-19   2.5778649e-19
       3.2732170       9.5666383   7.2112538e-19   2.5759070e-19
       3.2743395       9.5727927   7.2142673e-19   2.5739469e-19
       3.2754620       9.5789625   7.2172877e-19   2.5719846e-19
       3.2765845       9.5851479   7.2203150e-19   2.5700201e-19
       3.2777070       9.5913489   7.2233493e-19   2.5680535e-19
       3.2788295       9.5975656   7.2263905e-19   2.5660846e-19
       3.2799520       9.6037980   7.2294387e-19   2.5641136e-19
       3.2810745       9.6100463   7.2324940e-19   2.5621403e-19
       3.2821970       9.6163105   7.2355563e-19   2.5601649e-19
       3.2833195       9.6225906   7.2386257e-19   2.5581872e-19
       3.2844420       9.6288868   7.2417023e-19   2.5562073e-19
       3.2855645       9.6351991   7.2447860e-19   2.5542251e-19
       3.2866870       9.6415275   7.2478768e-19   2.5522407e-19
       3.2878095       9.6478723   7.2509749e-19   2.5502541e-19
       3.2889320       9.6542333   7.2540803e-19   2.5482652e-19
       3.2900545       9.6606108   7.2571929e-19   2.5462741e-19
       3.2911770       9.6670047   7.2603128e-19   2.5442806e-19
       3.2922995       9.6734152   7.2634401e-19   2.5422849e-19
       3.2934220       9.6798423   7.2665747e-19   2.5402869e-19
       3.2945445       9.6862861   7.2697168e-19   2.5382867e-19
       3.2956670       9.6927468   7.2728662e-19   2.5362841e-19
       3.2967895       9.6992242   7.2760232e-19   2.5342792e-19
       3.2979120       9.7057186   7.2791876e-19   2.5322720e-19
       3.2990345       9.7122301   7.2823596e-19   2.5302625e-19
       3.3001570       9.7187586   7.2855392e-19   2.5282506e-19
       3.3012795       9.7253043   7.2887263e-19   2.5262365e-19
       3.3024020       9.7318672   7.2919211e-19   2.5242199e-19
       3.3035245       9.7384475   7.2951236e-19   2.5222011e-19
       3.3046470       9.7450452   7.2983337e-19   2.5201798e-19
       3.3057695       9.7516604   7.3015516e-19   2.5181562e-19
       3.3068920       9.7582931   7.3047773e-19   2.5161302e-19
       3.3080145       9.7649435   7.3080107e-19   2.5141019e-19
       3.3091370       9.7716117   7.3112520e-19   2.5120712e-19
       3.3102595       9.7782977   7.3145012e-19   2.5100380e-19
       3.3113820       9.7850016   7.3177583e-19   2.5080025e-19
       3.3125045       9.7917235   7.3210233e-19   2.5059645e-19
       3.3136270       9.7984635   7.3242963e-19   2.5039241e-19
       3.3147495       9.8052216   7.3275774e-19   2.5018813e-19
       3.3158720       9.8119980   7.3308665e-19   2.4998361e-19
       3.3169945       9.8187927   7.3341636e-19   2.4977884e-19
       3.3181170       9.8256059   7.3374689e-19   2.4957383e-19
       3.3192396       9.8324375   7.3407824e-19   2.4936857e-19
       3.3203621       9.8392878   7.3441040e-19   2.4916306e-19
       3.3214846       9.8461568   7.3474339e-19   2.4895730e-19
       3.3226071       9.8530445   7.3507721e-19   2.4875130e-19
       3.3237296       9.8599511   7.3541186e-19   2.4854505e-19
       3.3248521       9.8668767   7.3574734e-19   2.4833855e-19
       3.3259746       9.8738214   7.3608367e-19   2.4813179e-19
       3.3270971       9.8807851   7.3642083e-19   2.4792479e-19
       3.3282196       9.8877682   7.3675884e-19   2.4771753e-19
       3.3293421       9.8947705   7.3709771e-19   2.4751001e-19
       3.3304646       9.9017923   7.3743743e-19   2.4730225e-19
       3.3315871       9.9088337   7.3777800e-19   2.4709423e-19
       3.3327096       9.9158946   7.3811944e-19   2.4688595e-19
       3.3338321       9.9229753   7.3846174e-19   2.4667741e-19
       3.3349546       9.9300757   7.3880492e-19   2.4646862e-19
       3.3360771       9.9371961   7.3914897e-19   2.4625957e-19
       3.3371996       9.9443365   7.3949390e-19   2.4605026e-19
       3.3383221       9.9514970   7.3983971e-19   2.4584068e-19
       3.3394446       9.9586777   7.4018641e-19   2.4563085e-19
       3.3405671       9.9658788   7.4053400e-19   2.4542075e-19
       3.3416896       9.9731002   7.4088249e-19   2.4521039e-19
       3.3428121       9.9803422   7.4123187e-19   2.4499977e-19
       3.3439346       9.9876047   7.4158216e-19   2.4478888e-19
       3.3450571       9.9948880   7.4193336e-19   2.4457773e-19
       3.3461796       10.002192   7.4228547e-19   2.4436631e-19
       3.3473021       10.009517   7.4263850e-19   2.4415462e-19
       3.3484246       10.016863   7.4299245e-19   2.4394266e-19
       3.3495471       10.024230   7.4334733e-19   2.4373043e-19
       3.3506696       10.031619   7.4370313e-19   2.4351793e-19
       3.3517921       10.039029   7.4405987e-19   2.4330516e-19
       3.3529146       10.046460   7.4441755e-19   2.4309211e-19
       3.3540371       10.053913   7.4477618e-19   2.4287880e-19
       3.3551596       10.061388   7.4513575e-19   2.4266520e-19
       3.3562821       10.068884   7.4549627e-19   2.4245134e-19
       3.3574046       10.076402   7.4585776e-19   2.4223719e-19
       3.3585271       10.083942   7.4622020e-19   2.4202277e-19
       3.3596496       10.091505   7.4658362e-19   2.4180807e-19
       3.3607721       10.099090   7.4694800e-19   2.4159309e-19
       3.3618946       10.106697   7.4731336e-19   2.4137783e-19
       3.3630171       10.114326   7.4767971e-19   2.4116229e-19
       3.3641396       10.121978   7.4804704e-19   2.4094646e-19
       3.3652621       10.129653   7.4841536e-19   2.4073035e-19
       3.3663847       10.137351   7.4878468e-19   2.4051396e-19
       3.3675072       10.145072   7.4915500e-19   2.4029728e-19
       3.3686297       10.152815   7.4952632e-19   2.4008031e-19
       3.3697522       10.160582   7.4989866e-19   2.3986306e-19
       3.3708747       10.168372   7.5027201e-19   2.3964552e-19
       3.3719972       10.176186   7.5064639e-19   2.3942769e-19
       3.3731197       10.184023   7.5102179e-19   2.3920956e-19
       3.3742422       10.191884   7.5139822e-19   2.3899115e-19
       3.3753647       10.199769   7.5177569e-19   2.3877244e-19
       3.3764872       10.207678   7.5215421e-19   2.3855344e-19
       3.3776097       10.215611   7.5253377e-19   2.3833414e-19
       3.3787322       10.223568   7.5291438e-19   2.3811454e-19
       3.3798547       10.231549   7.5329605e-19   2.3789465e-19
       3.3809772       10.239555   7.5367879e-19   2.3767446e-19
       3.3820997       10.247586   7.5406259e-19   2.3745397e-19
       3.3832222       10.255641   7.5444747e-19   2.3723318e-19
       3.3843447       10.263721   7.5483343e-19   2.3701208e-19
       3.3854672       10.271826   7.5522048e-19   2.3679069e-19
       3.3865897       10.279956   7.5560862e-19   2.3656898e-19
       3.3877122       10.288112   7.5599785e-19   2.3634698e-19
       3.3888347       10.296293   7.5638819e-19   2.3612466e-19
       3.3899572       10.304499   7.5677964e-19   2.3590204e-19
       3.3910797       10.312731   7.5717220e-19   2.3567911e-19
       3.3922022       10.320989   7.5756588e-19   2.3545587e-19
       3.3933247       10.329273   7.5796069e-19   2.3523232e-19
       3.3944472       10.337583   7.5835663e-19   2.3500845e-19
       3.3955697       10.345920   7.5875371e-19   2.3478427e-19
       3.3966922       10.354283   7.5915193e-19   2.3455978e-19
       3.3978147       10.362672   7.5955130e-19   2.3433497e-19
       3.3989372       10.371088   7.5995183e-19   2.3410984e-19
       3.4000597       10.379531   7.6035352e-19   2.3388440e-19
       3.4011822       10.388001   7.6075639e-19   2.3365863e-19
       3.4023047       10.396499   7.6116042e-19   2.3343254e-19
       3.4034272       10.405023   7.6156564e-19   2.3320613e-19
       3.4045497       10.413575   7.6197205e-19   2.3297940e-19
       3.4056722       10.422155   7.6237965e-19   2.3275234e-19
       3.4067947       10.430762   7.6278845e-19   2.3252495e-19
       3.4079172       10.439398   7.6319845e-19   2.3229724e-19
       3.4090397       10.448061   7.6360968e-19   2.3206920e-19
       3.4101622       10.456753   7.6402212e-19   2.3184083e-19
       3.4112847       10.465473   7.6443579e-19   2.3161212e-19
       3.4124072       10.474222   7.6485069e-19   2.3138309e-19
       3.4135298       10.483000   7.6526683e-19   2.3115372e-19
       3.4146523       10.491806   7.6568423e-19   2.3092401e-19
       3.4157748       10.500642   7.6610287e-19   2.3069396e-19
       3.4168973       10.509507   7.6652278e-19   2.3046358e-19
       3.4180198       10.518402   7.6694395e-19   2.3023286e-19
       3.4191423       10.527326   7.6736640e-19   2.3000180e-19
       3.4202648       10.536279   7.6779014e-19   2.2977039e-19
       3.4213873       10.545263   7.6821516e-19   2.2953864e-19
       3.4225098       10.554277   7.6864148e-19   2.2930655e-19
       3.4236323       10.563322   7.6906911e-19   2.2907411e-19
       3.4247548       10.572396   7.6949804e-19   2.2884132e-19
       3.4258773       10.581502   7.6992830e-19   2.2860818e-19
       3.4269998       10.590638   7.7035988e-19   2.2837469e-19
       3.4281223       10.599806   7.7079280e-19   2.2814084e-19
       3.4292448       10.609004   7.7122705e-19   2.2790665e-19
       3.4303673       10.618234   7.7166266e-19   2.2767210e-19
       3.4314898       10.627496   7.7209963e-19   2.2743719e-19
       3.4326123       10.636790   7.7253795e-19   2.2720192e-19
       3.4337348       10.646115   7.7297766e-19   2.2696629e-19
       3.4348573       10.655473   7.7341874e-19   2.2673030e-19
       3.4359798       10.664863   7.7386121e-19   2.2649395e-19
       3.4371023       10.674286   7.7430508e-19   2.2625723e-19
       3.4382248       10.683741   7.7475035e-19   2.2602015e-19
       3.4393473       10.693230   7.7519704e-19   2.2578270e-19
       3.4404698       10.702752   7.7564515e-19   2.2554488e-19
       3.4415923       10.712307   7.7609468e-19   2.2530668e-19
       3.4427148       10.721896   7.7654566e-19   2.2506812e-19
       3.4438373       10.731518   7.7699808e-19   2.2482918e-19
       3.4449598       10.741175   7.7745196e-19   2.2458987e-19
       3.4460823       10.750866   7.7790730e-19   2.2435018e-19
       3.4472048       10.760591   7.7836411e-19   2.2411011e-19
       3.4483273       10.770351   7.7882241e-19   2.2386966e-19
       3.4494498       10.780146   7.7928220e-19   2.2362882e-19
       3.4505723       10.789976   7.7974348e-19   2.2338761e-19
       3.4516948       10.799842   7.8020627e-19   2.2314600e-19
       3.4528173       10.809743   7.8067058e-19   2.2290401e-19
       3.4539398       10.819679   7.8113642e-19   2.2266163e-19
       3.4550623       10.829652   7.8160379e-19   2.2241886e-19
       3.4561848       10.839661   7.8207271e-19   2.2217570e-19
       3.4573073       10.849707   7.8254318e-19   2.2193214e-19
       3.4584298       10.859789   7.8301522e-19   2.2168819e-19
       3.4595523       10.869908   7.8348883e-19   2.2144384e-19
       3.4606749       10.880064   7.8396402e-19   2.2119909e-19
       3.4617974       10.890258   7.8444081e-19   2.2095394e-19
       3.4629199       10.900490   7.8491920e-19   2.2070838e-19
       3.4640424       10.910759   7.8539920e-19   2.2046242e-19
       3.4651649       10.921067   7.8588083e-19   2.2021605e-19
       3.4662874       10.931413   7.8636408e-19   2.1996927e-19
       3.4674099       10.941797   7.8684899e-19   2.1972209e-19
       3.4685324       10.952221   7.8733554e-19   2.1947449e-19
       3.4696549       10.962684   7.8782376e-19   2.1922647e-19
       3.4707774       10.973186   7.8831365e-19   2.1897804e-19
       3.4718999       10.983728   7.8880523e-19   2.1872919e-19
       3.4730224       10.994310   7.8929851e-19   2.1847992e-19
       3.4741449       11.004932   7.8979349e-19   2.1823023e-19
       3.4752674       11.015595   7.9029019e-19   2.1798011e-19
       3.4763899       11.026299   7.9078861e-19   2.1772957e-19
       3.4775124       11.037043   7.9128878e-19   2.1747860e-19
       3.4786349       11.047829   7.9179070e-19   2.1722720e-19
       3.4797574       11.058657   7.9229438e-19   2.1697536e-19
       3.4808799       11.069526   7.9279983e-19   2.1672309e-19
       3.4820024       11.080438   7.9330707e-19   2.1647039e-19
       3.4831249       11.091392   7.9381611e-19   2.1621725e-19
       3.4842474       11.102389   7.9432695e-19   2.1596366e-19
       3.4853699       11.113429   7.9483961e-19   2.1570964e-19
       3.4864924       11.124513   7.9535411e-19   2.1545516e-19
       3.4876149       11.135640   7.9587045e-19   2.1520024e-19
       3.4887374       11.146811   7.9638865e-19   2.1494488e-19
       3.4898599       11.158027   7.9690872e-19   2.1468906e-19
       3.4909824       11.169287   7.9743067e-19   2.1443278e-19
       3.4921049       11.180592   7.9795451e-19   2.1417605e-19
       3.4932274       11.191942   7.9848026e-19   2.1391887e-19
       3.4943499       11.203337   7.9900792e-19   2.1366122e-19
       3.4954724       11.214779   7.9953753e-19   2.1340311e-19
       3.4965949       11.226267   8.0006907e-19   2.1314454e-19
       3.4977174       11.237801   8.0060258e-19   2.1288549e-19
       3.4988399       11.249382   8.0113805e-19   2.1262598e-19
       3.4999624       11.261011   8.0167552e-19   2.1236600e-19
       3.5010849       11.272687   8.0221498e-19   2.1210554e-19
       3.5022074       11.284411   8.0275645e-19   2.1184460e-19
       3.5033299       11.296183   8.0329995e-19   2.1158319e-19
       3.5044524       11.308003   8.0384550e-19   2.1132130e-19
       3.5055749       11.319873   8.0439309e-19   2.1105892e-19
       3.5066974       11.331792   8.0494276e-19   2.1079605e-19
       3.5078200       11.343760   8.0549451e-19   2.1053270e-19
       3.5089425       11.355779   8.0604836e-19   2.1026885e-19
       3.5100650       11.367848   8.0660432e-19   2.1000451e-19
       3.5111875       11.379968   8.0716241e-19   2.0973967e-19
       3.5123100       11.392139   8.0772264e-19   2.0947434e-19
       3.5134325       11.404361   8.0828503e-19   2.0920850e-19
       3.5145550       11.416636   8.0884959e-19   2.0894216e-19
       3.5156775       11.428962   8.0941635e-19   2.0867531e-19
       3.5168000       11.441342   8.0998530e-19   2.0840795e-19
       3.5179225       11.453774   8.1055648e-19   2.0814008e-19
       3.5190450       11.466260   8.1112990e-19   2.0787169e-19
       3.5201675       11.478800   8.1170556e-19   2.0760279e-19
       3.5212900       11.491394   8.1228350e-19   2.0733336e-19
       3.5224125       11.504043   8.1286372e-19   2.0706342e-19
       3.5235350       11.516747   8.1344625e-19   2.0679294e-19
       3.5246575       11.529507   8.1403109e-19   2.0652194e-19
       3.5257800       11.542323   8.1461827e-19   2.0625040e-19
       3.5269025       11.555195   8.1520780e-19   2.0597834e-19
       3.5280250       11.568124   8.1579971e-19   2.0570573e-19
       3.5291475       11.581110   8.1639400e-19   2.0543258e-19
       3.5302700       11.594154   8.1699070e-19   2.0515889e-19
       3.5313925       11.607257   8.1758982e-19   2.0488465e-19
       3.5325150       11.620418   8.1819139e-19   2.0460987e-19
       3.5336375       11.633638   8.1879541e-19   2.0433453e-19
       3.5347600       11.646918   8.1940192e-19   2.0405863e-19
       3.5358825       11.660258   8.2001093e-19   2.0378218e-19
       3.5370050       11.673659   8.2062245e-19   2.0350516e-19
       3.5381275       11.687121   8.2123651e-19   2.0322758e-19
       3.5392500       11.700644   8.2185312e-19   2.0294943e-19
       3.5403725       11.714230   8.2247231e-19   2.0267071e-19
       3.5414950       11.727878   8.2309410e-19   2.0239142e-19
       3.5426175       11.741589   8.2371850e-19   2.0211155e-19
       3.5437400       11.755363   8.2434554e-19   2.0183109e-19
       3.5448625       11.769202   8.2497523e-19   2.0155005e-19
       3.5459850       11.783106   8.2560761e-19   2.0126843e-19
       3.5471075       11.797074   8.2624268e-19   2.0098621e-19
       3.5482300       11.811109   8.2688047e-19   2.0070340e-19
       3.5493525       11.825209   8.2752100e-19   2.0041999e-19
       3.5504750       11.839377   8.2816430e-19   2.0013598e-19
       3.5515975       11.853612   8.2881038e-19   1.9985136e-19
       3.5527200       11.867915   8.2945927e-19   1.9956613e-19
       3.5538425       11.882286   8.3011099e-19   1.9928030e-19
       3.5549651       11.896727   8.3076556e-19   1.9899384e-19
       3.5560876       11.911237   8.3142300e-19   1.9870677e-19
       3.5572101       11.925818   8.3208335e-19   1.9841907e-19
       3.5583326       11.940469   8.3274662e-19   1.9813075e-19
       3.5594551       11.955192   8.3341284e-19   1.9784179e-19
       3.5605776       11.969987   8.3408203e-19   1.9755220e-19
       3.5617001       11.984855   8.3475421e-19   1.9726198e-19
       3.5628226       11.999797   8.3542941e-19   1.9697111e-19
       3.5639451       12.014812   8.3610766e-19   1.9667959e-19
       3.5650676       12.029902   8.3678898e-19   1.9638742e-19
       3.5661901       12.045067   8.3747340e-19   1.9609460e-19
       3.5673126       12.060309   8.3816094e-19   1.9580112e-19
       3.5684351       12.075627   8.3885163e-19   1.9550698e-19
       3.5695576       12.091022   8.3954549e-19   1.9521217e-19
       3.5706801       12.106496   8.4024256e-19   1.9491670e-19
       3.5718026       12.122048   8.4094286e-19   1.9462054e-19
       3.5729251       12.137680   8.4164641e-19   1.9432371e-19
       3.5740476       12.153392   8.4235325e-19   1.9402619e-19
       3.5751701       12.169185   8.4306341e-19   1.9372799e-19
       3.5762926       12.185060   8.4377691e-19   1.9342909e-19
       3.5774151       12.201017   8.4449378e-19   1.9312950e-19
       3.5785376       12.217057   8.4521405e-19   1.9282921e-19
       3.5796601       12.233181   8.4593775e-19   1.9252821e-19
       3.5807826       12.249390   8.4666492e-19   1.9222650e-19
       3.5819051       12.265684   8.4739557e-19   1.9192408e-19
       3.5830276       12.282065   8.4812975e-19   1.9162093e-19
       3.5841501       12.298533   8.4886749e-19   1.9131707e-19
       3.5852726       12.315089   8.4960881e-19   1.9101247e-19
       3.5863951       12.331733   8.5035375e-19   1.9070714e-19
       3.5875176       12.348467   8.5110234e-19   1.9040107e-19
       3.5886401       12.365292   8.5185462e-19   1.9009426e-19
       3.5897626       12.382208   8.5261061e-19   1.8978670e-19
       3.5908851       12.399216   8.5337036e-19   1.8947838e-19
       3.5920076       12.416318   8.5413389e-19   1.8916931e-19
       3.5931301       12.433513   8.5490125e-19   1.8885948e-19
       3.5942526       12.450803   8.5567246e-19   1.8854887e-19
       3.5953751       12.468189   8.5644757e-19   1.8823749e-19
       3.5964976       12.485672   8.5722660e-19   1.8792533e-19
       3.5976201       12.503253   8.5800960e-19   1.8761239e-19
       3.5987426       12.520932   8.5879661e-19   1.8729865e-19
       3.5998651       12.538711   8.5958766e-19   1.8698412e-19
       3.6009876       12.556591   8.6038278e-19   1.8666879e-19
       3.6021102       12.574573   8.6118203e-19   1.8635265e-19
       3.6032327       12.592657   8.6198543e-19   1.8603570e-19
       3.6043552       12.610845   8.6279303e-19   1.8571793e-19
       3.6054777       12.629138   8.6360487e-19   1.8539933e-19
       3.6066002       12.647537   8.6442099e-19   1.8507991e-19
       3.6077227       12.666043   8.6524143e-19   1.8475965e-19
       3.6088452       12.684657   8.6606624e-19   1.8443854e-19
       3.6099677       12.703380   8.6689546e-19   1.8411659e-19
       3.6110902       12.722213   8.6772912e-19   1.8379378e-19
       3.6122127       12.741158   8.6856728e-19   1.8347012e-19
       3.6133352       12.760216   8.6940998e-19   1.8314558e-19
       3.6144577       12.779388   8.7025727e-19   1.8282017e-19
       3.6155802       12.798674   8.7110919e-19   1.8249389e-19
       3.6167027       12.818078   8.7196578e-19   1.8216671e-19
       3.6178252       12.837598   8.7282710e-19   1.8183864e-19
       3.6189477       12.857238   8.7369320e-19   1.8150968e-19
       3.6200702       12.876997   8.7456412e-19   1.8117980e-19
       3.6211927       12.896878   8.7543992e-19   1.8084902e-19
       3.6223152       12.916882   8.7632064e-19   1.8051731e-19
       3.6234377       12.937009   8.7720633e-19   1.8018467e-19
       3.6245602       12.957262   8.7809705e-19   1.7985110e-19
       3.6256827       12.977642   8.7899285e-19   1.7951659e-19
       3.6268052       12.998151   8.7989378e-19   1.7918113e-19
       3.6279277       13.018789   8.8079991e-19   1.7884471e-19
       3.6290502       13.039558   8.8171127e-19   1.7850732e-19
       3.6301727       13.060459   8.8262794e-19   1.7816897e-19
       3.6312952       13.081495   8.8354996e-19   1.7782963e-19
       3.6324177       13.102666   8.8447740e-19   1.7748931e-19
       3.6335402       13.123975   8.8541031e-19   1.7714799e-19
       3.6346627       13.145422   8.8634876e-19   1.7680567e-19
       3.6357852       13.167010   8.8729280e-19   1.7646234e-19
       3.6369077       13.188740   8.8824249e-19   1.7611799e-19
       3.6380302       13.210613   8.8919791e-19   1.7577261e-19
       3.6391527       13.232632   8.9015911e-19   1.7542619e-19
       3.6402752       13.254797   8.9112615e-19   1.7507873e-19
       3.6413977       13.277112   8.9209911e-19   1.7473022e-19
       3.6425202       13.299577   8.9307805e-19   1.7438064e-19
       3.6436427       13.322195   8.9406304e-19   1.7402999e-19
       3.6447652       13.344966   8.9505415e-19   1.7367826e-19
       3.6458877       13.367894   8.9605145e-19   1.7332544e-19
       3.6470102       13.390980   8.9705501e-19   1.7297153e-19
       3.6481328       13.414226   8.9806490e-19   1.7261650e-19
       3.6492553       13.437634   8.9908119e-19   1.7226036e-19
       3.6503778       13.461205   9.0010397e-19   1.7190309e-19
       3.6515003       13.484943   9.0113331e-19   1.7154468e-19
       3.6526228       13.508848   9.0216929e-19   1.7118512e-19
       3.6537453       13.532924   9.0321198e-19   1.7082441e-19
       3.6548678       13.557171   9.0426148e-19   1.7046252e-19
       3.6559903       13.581594   9.0531785e-19   1.7009946e-19
       3.6571128       13.606193   9.0638118e-19   1.6973522e-19
       3.6582353       13.630971   9.0745156e-19   1.6936977e-19
       3.6593578       13.655930   9.0852908e-19   1.6900311e-19
       3.6604803       13.681073   9.0961382e-19   1.6863523e-19
       3.6616028       13.706402   9.1070587e-19   1.6826612e-19
       3.6627253       13.731919   9.1180533e-19   1.6789576e-19
       3.6638478       13.757628   9.1291229e-19   1.6752415e-19
       3.6649703       13.783530   9.1402683e-19   1.6715127e-19
       3.6660928       13.809627   9.1514907e-19   1.6677712e-19
       3.6672153       13.835924   9.1627909e-19   1.6640167e-19
       3.6683378       13.862422   9.1741701e-19   1.6602492e-19
       3.6694603       13.889125   9.1856291e-19   1.6564685e-19
       3.6705828       13.916034   9.1971690e-19   1.6526745e-19
       3.6717053       13.943153   9.2087910e-19   1.6488671e-19
       3.6728278       13.970485   9.2204960e-19   1.6450462e-19
       3.6739503       13.998033   9.2322852e-19   1.6412116e-19
       3.6750728       14.025799   9.2441597e-19   1.6373632e-19
       3.6761953       14.053787   9.2561207e-19   1.6335009e-19
       3.6773178       14.082000   9.2681693e-19   1.6296245e-19
       3.6784403       14.110442   9.2803067e-19   1.6257338e-19
       3.6795628       14.139114   9.2925342e-19   1.6218288e-19
       3.6806853       14.168022   9.3048529e-19   1.6179092e-19
       3.6818078       14.197168   9.3172641e-19   1.6139750e-19
       3.6829303       14.226555   9.3297692e-19   1.6100260e-19
       3.6840528       14.256188   9.3423693e-19   1.6060620e-19
       3.6851753       14.286070   9.3550660e-19   1.6020829e-19
       3.6862978       14.316205   9.3678605e-19   1.5980885e-19
       3.6874203       14.346596   9.3807543e-19   1.5940786e-19
       3.6885428       14.377247   9.3937488e-19   1.5900532e-19
       3.6896653       14.408163   9.4068454e-19   1.5860119e-19
       3.6907878       14.439347   9.4200456e-19   1.5819548e-19
       3.6919103       14.470803   9.4333510e-19   1.5778815e-19
       3.6930328       14.502537   9.4467631e-19   1.5737919e-19
       3.6941553       14.534551   9.4602836e-19   1.5696858e-19
       3.6952779       14.566851   9.4739139e-19   1.5655631e-19
       3.6964004       14.599441   9.4876558e-19   1.5614235e-19
       3.6975229       14.632326   9.5015111e-19   1.5572669e-19
       3.6986454       14.665510   9.5154813e-19   1.5530931e-19
       3.6997679       14.698999   9.5295683e-19   1.5489018e-19
       3.7008904       14.732797   9.5437739e-19   1.5446930e-19
       3.7020129       14.766909   9.5581000e-19   1.5404663e-19
       3.7031354       14.801341   9.5725485e-19   1.5362216e-19
       3.7042579       14.836097   9.5871213e-19   1.5319586e-19
       3.7053804       14.871184   9.6018203e-19   1.5276772e-19
       3.7065029       14.906608   9.6166477e-19   1.5233771e-19
       3.7076254       14.942372   9.6316055e-19   1.5190581e-19
       3.7087479       14.978485   9.6466958e-19   1.5147200e-19
       3.7098704       15.014951   9.6619209e-19   1.5103625e-19
       3.7109929       15.051776   9.6772829e-19   1.5059854e-19
       3.7121154       15.088968   9.6927842e-19   1.5015885e-19
       3.7132379       15.126533   9.7084270e-19   1.4971715e-19
       3.7143604       15.164476   9.7242139e-19   1.4927341e-19
       3.7154829       15.202806   9.7401472e-19   1.4882762e-19
       3.7166054       15.241529   9.7562295e-19   1.4837974e-19
       3.7177279       15.280652   9.7724634e-19   1.4792974e-19
       3.7188504       15.320182   9.7888516e-19   1.4747761e-19
       3.7199729       15.360128   9.8053967e-19   1.4702331e-19
       3.7210954       15.400497   9.8221016e-19   1.4656681e-19
       3.7222179       15.441297   9.8389691e-19   1.4610808e-19
       3.7233404       15.482536   9.8560022e-19   1.4564710e-19
       3.7244629       15.524222   9.8732039e-19   1.4518384e-19
       3.7255854       15.566365   9.8905773e-19   1.4471825e-19
       3.7267079       15.608973   9.9081256e-19   1.4425032e-19
       3.7278304       15.652055   9.9258521e-19   1.4378001e-19
       3.7289529       15.695621   9.9437602e-19   1.4330728e-19
       3.7300754       15.739681   9.9618532e-19   1.4283210e-19
       3.7311979       15.784244   9.9801348e-19   1.4235444e-19
       3.7323204       15.829320   9.9986086e-19   1.4187426e-19
       3.7334429       15.874921   1.0017278e-18   1.4139153e-19
       3.7345654       15.921058   1.0036148e-18   1.4090620e-19
       3.7356879       15.967740   1.0055222e-18   1.4041824e-19
       3.7368104       16.014981   1.0074503e-18   1.3992761e-19
       3.7379329       16.062791   1.0093997e-18   1.3943427e-19
       3.7390554       16.111183   1.0113707e-18   1.3893818e-19
       3.7401779       16.160171   1.0133638e-18   1.3843929e-19
       3.7413004       16.209766   1.0153795e-18   1.3793757e-19
       3.7424230       16.259982   1.0174182e-18   1.3743297e-19
       3.7435455       16.310834   1.0194804e-18   1.3692544e-19
       3.7446680       16.362335   1.0215667e-18   1.3641494e-19
       3.7457905       16.414500   1.0236775e-18   1.3590142e-19
       3.7469130       16.467346   1.0258134e-18   1.3538483e-19
       3.7480355       16.520886   1.0279750e-18   1.3486511e-19
       3.7491580       16.575139   1.0301628e-18   1.3434223e-19
       3.7502805       16.630121   1.0323774e-18   1.3381612e-19
       3.7514030       16.685849   1.0346194e-18   1.3328674e-19
       3.7525255       16.742342   1.0368895e-18   1.3275401e-19
       3.7536480       16.799618   1.0391883e-18   1.3221790e-19
       3.7547705       16.857696   1.0415165e-18   1.3167833e-19
       3.7558930       16.916598   1.0438749e-18   1.3113525e-19
       3.7570155       16.976343   1.0462640e-18   1.3058860e-19
       3.7581380       17.036953   1.0486847e-18   1.3003830e-19
       3.7592605       17.098451   1.0511378e-18   1.2948430e-19
       3.7603830       17.160860   1.0536240e-18   1.2892652e-19
       3.7615055       17.224205   1.0561442e-18   1.2836490e-19
       3.7626280       17.288509   1.0586993e-18   1.2779936e-19
       3.7637505       17.353800   1.0612901e-18   1.2722982e-19
       3.7648730       17.420105   1.0639177e-18   1.2665622e-19
       3.7659955       17.487451   1.0665829e-18   1.2607847e-19
       3.7671180       17.555868   1.0692868e-18   1.2549648e-19
       3.7682405       17.625386   1.0720304e-18   1.2491018e-19
       3.7693630       17.696038   1.0748149e-18   1.2431947e-19
       3.7704855       17.767856   1.0776413e-18   1.2372427e-19
       3.7716080       17.840875   1.0805108e-18   1.2312447e-19
       3.7727305       17.915131   1.0834247e-18   1.2251999e-19
       3.7738530       17.990662   1.0863843e-18   1.2191073e-19
       3.7749755       18.067506   1.0893908e-18   1.2129657e-19
       3.7760980       18.145705   1.0924457e-18   1.2067742e-19
       3.7772205       18.225302   1.0955505e-18   1.2005316e-19
       3.7783430       18.306342   1.0987066e-18   1.1942367e-19
       3.7794655       18.388870   1.1019156e-18   1.1878884e-19
       3.7805880       18.472937   1.1051793e-18   1.1814854e-19
       3.7817105       18.558595   1.1084993e-18   1.1750264e-19
       3.7828330       18.645896   1.1118774e-18   1.1685101e-19
       3.7839555       18.734899   1.1153157e-18   1.1619352e-19
       3.7850780       18.825661   1.1188160e-18   1.1553000e-19
       3.7862005       18.918247   1.1223805e-18   1.1486032e-19
       3.7873230       19.012722   1.1260114e-18   1.1418432e-19
       3.7884455       19.109154   1.1297109e-18   1.1350183e-19
       3.7895681       19.207618   1.1334816e-18   1.1281268e-19
       3.7906906       19.308190   1.1373260e-18   1.1211670e-19
       3.7918131       19.410952   1.1412468e-18   1.1141370e-19
       3.7929356       19.515989   1.1452468e-18   1.1070348e-19
       3.7940581       19.623391   1.1493290e-18   1.0998585e-19
       3.7951806       19.733256   1.1534967e-18   1.0926059e-19
       3.7963031       19.845684   1.1577531e-18   1.0852748e-19
       3.7974256       19.960784   1.1621019e-18   1.0778628e-19
       3.7985481       20.078670   1.1665467e-18   1.0703676e-19
       3.7996706       20.199464   1.1710916e-18   1.0627866e-19
       3.8007931       20.323294   1.1757408e-18   1.0551170e-19
       3.8019156       20.450299   1.1804988e-18   1.0473561e-19
       3.8030381       20.580627   1.1853704e-18   1.0395009e-19
       3.8041606       20.714433   1.1903607e-18   1.0315482e-19
       3.8052831       20.851886   1.1954750e-18   1.0234947e-19
       3.8064056       20.993165   1.2007193e-18   1.0153370e-19
       3.8075281       21.138463   1.2060998e-18   1.0070713e-19
       3.8086506       21.287986   1.2116230e-18   9.9869372e-20
       3.8097731       21.441958   1.2172961e-18   9.9020013e-20
       3.8108956       21.600618   1.2231269e-18   9.8158611e-20
       3.8120181       21.764225   1.2291235e-18   9.7284700e-20
       3.8131406       21.933057   1.2352949e-18   9.6397782e-20
       3.8142631       22.107419   1.2416506e-18   9.5497327e-20
       3.8153856       22.287638   1.2482011e-18   9.4582770e-20
       3.8165081       22.474071   1.2549576e-18   9.3653506e-20
       3.8176306       22.667109   1.2619323e-18   9.2708885e-20
       3.8187531       22.867177   1.2691387e-18   9.1748215e-20
       3.8198756       23.074740   1.2765912e-18   9.0770747e-20
       3.8209981       23.290310   1.2843058e-18   8.9775676e-20
       3.8221206       23.514448   1.2922999e-18   8.8762134e-20
       3.8232431       23.747778   1.3005927e-18   8.7729181e-20
       3.8243656       23.990986   1.3092054e-18   8.6675797e-20
       3.8254881       24.244835   1.3181614e-18   8.5600874e-20
       3.8266106       24.510179   1.3274866e-18   8.4503203e-20
       3.8277331       24.787968   1.3372101e-18   8.3381463e-20
       3.8288556       25.079273   1.3473642e-18   8.2234206e-20
       3.8299781       25.385299   1.3579852e-18   8.1059836e-20
       3.8311006       25.707413   1.3691140e-18   7.9856594e-20
       3.8322231       26.047171   1.3807969e-18   7.8622526e-20
       3.8333456       26.406351   1.3930867e-18   7.7355462e-20
       3.8344681       26.787002   1.4060438e-18   7.6052972e-20
       3.8355906       27.191494   1.4197374e-18   7.4712327e-20
       3.8367132       27.622591   1.4342479e-18   7.3330447e-20
       3.8378357       28.083539   1.4496690e-18   7.1903831e-20
       3.8389582       28.578179   1.4661107e-18   7.0428478e-20
       3.8389582       29.566003   1.5197321e-18   6.8594944e-20
       3.8400807       30.053027   1.5595446e-18   6.8314719e-20
       3.8412032       30.579186   1.5986344e-18   6.7833855e-20
       3.8423257       31.146981   1.6368386e-18   6.7151362e-20
       3.8434482       31.758918   1.6739964e-18   6.6269284e-20
       3.8445707       32.417476   1.7099511e-18   6.5192859e-20
       3.8456932       33.125054   1.7445529e-18   6.3930573e-20
       3.8468157       33.883911   1.7776608e-18   6.2494092e-20
       3.8479382       34.696101   1.8091443e-18   6.0898069e-20
       3.8490607       35.563385   1.8388837e-18   5.9159814e-20
       3.8501832       36.487145   1.8667699e-18   5.7298849e-20
       3.8513057       37.468277   1.8927028e-18   5.5336346e-20
       3.8524282       38.507085   1.9165871e-18   5.3294484e-20
       3.8535507       39.603168   1.9383279e-18   5.1195752e-20
       3.8546732       40.755306   1.9578232e-18   4.9062241e-20
       3.8557957       41.961358   1.9749554e-18   4.6914962e-20
       3.8569182       43.218168   1.9895818e-18   4.4773225e-20
       3.8580407       44.521504   2.0015242e-18   4.2654126e-20
       3.8591632       45.866024   2.0105596e-18   4.0572164e-20
       3.8602857       47.245286   2.0164136e-18   3.8539017e-20
       3.8614082       48.651807   2.0187574e-18   3.6563483e-20
       3.8625307       50.077178   2.0172111e-18   3.4651592e-20
       3.8636532       51.512231   2.0113558e-18   3.2806870e-20
       3.8647757       52.947261   2.0007541e-18   3.1030743e-20
       3.8658982       54.372284   1.9849802e-18   2.9323030e-20
       3.8670207       55.777327   1.9636584e-18   2.7682483e-20
       3.8681432       57.152728   1.9365045e-18   2.6107319e-20
       3.8692657       58.489426   1.9033672e-18   2.4595688e-20
       3.8703882       59.779218   1.8642612e-18   2.3146015e-20
       3.8715107       61.014982   1.8193872e-18   2.1757206e-20
       3.8726332       62.190830   1.7691343e-18   2.0428699e-20
       3.8737557       63.302207   1.7140641e-18   1.9160376e-20
       3.8748782       64.345915   1.6548775e-18   1.7952390e-20
       3.8760007       65.320082   1.5923718e-18   1.6804943e-20
       3.8771232       66.224083   1.5273915e-18   1.5718074e-20
       3.8782457       67.058409   1.4607816e-18   1.4691491e-20
       3.8793682       67.824522   1.3933478e-18   1.3724464e-20
       3.8804907       68.524683   1.3258259e-18   1.2815783e-20
       3.8816132       69.161788   1.2588625e-18   1.1963781e-20
       3.8827357       69.739203   1.1930050e-18   1.1166388e-20
       3.8838583       70.260614   1.1287008e-18   1.0421218e-20
       3.8849808       70.729891   1.0663009e-18   9.7256623e-21
       3.8861033       71.150981   1.0060695e-18   9.0769770e-21
       3.8872258       71.527808   9.4819378e-19   8.4723646e-21
       3.8883483       71.864204   8.9279553e-19   7.9090397e-21
       3.8894708       72.163851   8.3994220e-19   7.3842801e-21
       3.8905933       72.430243   7.8965706e-19   6.8954642e-21
       3.8917158       72.666658   7.4192834e-19   6.4400958e-21
       3.8928383       72.876144   6.9671700e-19   6.0158188e-21
       3.8939608       73.061513   6.5396338e-19   5.6204242e-21
       3.8950833       73.225341   6.1359266e-19   5.2518519e-21
       3.8962058       73.369974   5.7551926e-19   4.9081867e-21
       3.8973283       73.497539   5.3965045e-19   4.5876538e-21
       3.8984508       73.609955   5.0588917e-19   4.2886102e-21
       3.8995733       73.708948   4.7413620e-19   4.0095375e-21
       3.9006958       73.796062   4.4429196e-19   3.7490321e-21
       3.9018183       73.872679   4.1625775e-19   3.5057974e-21
       3.9029408       73.940030   3.8993675e-19   3.2786350e-21
       3.9040633       73.999207   3.6523476e-19   3.0664369e-21
       3.9051858       74.051184   3.4206070e-19   2.8681777e-21
       3.9063083       74.096819   3.2032694e-19   2.6829082e-21
       3.9074308       74.136875   2.9994957e-19   2.5097490e-21
       3.9085533       74.172024   2.8084848e-19   2.3478844e-21
       3.9096758       74.202861   2.6294743e-19   2.1965578e-21
       3.9107983       74.229908   2.4617405e-19   2.0550661e-21
       3.9119208       74.253627   2.3045974e-19   1.9227562e-21
       3.9130433       74.274424   2.1573963e-19   1.7990205e-21
       3.9141658       74.292657   2.0195246e-19   1.6832937e-21
       3.9152883       74.308639   1.8904042e-19   1.5750493e-21
       3.9164108       74.322648   1.7694906e-19   1.4737970e-21
       3.9175333       74.334926   1.6562710e-19   1.3790794e-21
       3.9186558       74.345685   1.5502631e-19   1.2904704e-21
       3.9197783       74.355113   1.4510134e-19   1.2075722e-21
       3.9209008       74.363374   1.3580959e-19   1.1300136e-21
       3.9220233       74.370612   1.2711106e-19   1.0574481e-21
       3.9231458       74.376953   1.1896821e-19   9.8955230e-22
       3.9242683       74.382509   1.1134579e-19   9.2602383e-22
       3.9253908       74.387376   1.0421076e-19   8.6658038e-22
       3.9265133       74.391640   9.7532146e-20   8.1095810e-22
       3.9276358       74.395375   9.1280886e-20   7.5891040e-22
       3.9287583       74.398647   8.5429756e-20   7.1020677e-22
       3.9298808       74.401513   7.9953242e-20   6.6463170e-22
       3.9310034       74.404024   7.4827440e-20   6.2198369e-22
       3.9321259       74.406223   7.0029956e-20   5.8207431e-22
       3.9332484       74.408149   6.5539815e-20   5.4472734e-22
       3.9343709       74.409836   6.1337370e-20   5.0977796e-22
       3.9354934       74.411314   5.7404224e-20   4.7707202e-22
       3.9366159       74.412609   5.3723150e-20   4.4646531e-22
       3.9377384       74.413742   5.0278017e-20   4.1782292e-22
       3.9388609       74.414735   4.7053722e-20   3.9101865e-22
       3.9399834       74.415605   4.4036125e-20   3.6593443e-22
       3.9411059       74.416367   4.1211989e-20   3.4245980e-22
       3.9422284       74.417034   3.8568921e-20   3.2049140e-22
       3.9433509       74.417619   3.6095322e-20   2.9993252e-22
       3.9444734       74.418130   3.3780333e-20   2.8069268e-22
       3.9455959       74.418579   3.1613789e-20   2.6268720e-22
       3.9467184       74.418971   2.9586177e-20   2.4583687e-22
       3.9478409       74.419315   2.7688591e-20   2.3006754e-22
       3.9489634       74.419616   2.5912697e-20   2.1530984e-22
       3.9500859       74.419880   2.4250693e-20   2.0149886e-22
       3.9512084       74.420111   2.2695278e-20   1.8857385e-22
       3.9523309       74.420314   2.1239617e-20   1.7647797e-22
       3.9534534       74.420491   1.9877315e-20   1.6515800e-22
       3.9545759       74.420646   1.8602384e-20   1.5456418e-22
       3.9556984       74.420782   1.7409223e-20   1.4464992e-22
       3.9568209       74.420901   1.6292588e-20   1.3537161e-22
       3.9579434       74.421005   1.5247572e-20   1.2668847e-22
       3.9590659       74.421097   1.4269581e-20   1.1856231e-22
       3.9601884       74.421177   1.3354317e-20   1.1095739e-22
       3.9613109       74.421247   1.2497757e-20   1.0384029e-22
       3.9624334       74.421308   1.1696136e-20   9.7179705e-23
       3.9635559       74.421362   1.0945931e-20   9.0946356e-23
       3.9646784       74.421409   1.0243844e-20   8.5112836e-23
       3.9658009       74.421450   9.5867897e-21   7.9653497e-23
       3.9669234       74.421486   8.9718788e-21   7.4544337e-23
       3.9680459       74.421518   8.3964087e-21   6.9762895e-23
       3.9691684       74.421546   7.8578497e-21   6.5288147e-23
       3.9702909       74.421570   7.3538344e-21   6.1100422e-23
       3.9714134       74.421591   6.8821472e-21   5.7181309e-23
       3.9725359       74.421610   6.4407146e-21   5.3513578e-23
       3.9736584       74.421626   6.0275960e-21   5.0081105e-23
       3.9747809       74.421640   5.6409754e-21   4.6868798e-23
       3.9759034       74.421653   5.2791532e-21   4.3862536e-23
